"MintATM","MINT0009",57,43,0.7543,14,0.2456,2,2,3,0,0,1,6
"MintATM","MINT0010",77,76,0.9870,1,0.0129,1,0,0,0,0,0,0
"MintATM","MINT0014",1,1,1.0000,0,0.0000,0,0,0,0,0,0,0
"MintATM","MINT0025",3,2,0.6666,1,0.3333,0,0,0,0,0,1,0
"MintATM","MINT0026",6,5,0.8333,1,0.1666,0,0,0,0,0,0,1
"MintATM","MINT0028",6,5,0.8333,1,0.1666,1,0,0,0,0,0,0
"MintATM","MINT0032",19,15,0.7894,4,0.2105,0,1,2,0,0,0,1
"MintATM","MINT0034",13,13,1.0000,0,0.0000,0,0,0,0,0,0,0
"MintATM","MINT0041",12,12,1.0000,0,0.0000,0,0,0,0,0,0,0
"MintATM","MINT0042",17,17,1.0000,0,0.0000,0,0,0,0,0,0,0
"MintATM","MINT0044",3,2,0.6666,1,0.3333,0,0,0,0,0,0,1
"MintATM","MINT0049",12,4,0.3333,8,0.6666,7,0,0,0,0,0,1
"MintATM","MINT0050",2,2,1.0000,0,0.0000,0,0,0,0,0,0,0
"MintATM","MINT0051",1,1,1.0000,0,0.0000,0,0,0,0,0,0,0
"MintATM","MINT0053",2,1,0.5000,1,0.5000,0,0,0,0,0,0,1
"MintATM","MINT0054",7,6,0.8571,1,0.1428,0,0,0,0,0,0,1
"MintATM","MINT0056",6,2,0.3333,4,0.6666,3,0,0,0,0,0,1
"MintATM","MINT0058",1,1,1.0000,0,0.0000,0,0,0,0,0,0,0
"MintATM","MINT0059",4,4,1.0000,0,0.0000,0,0,0,0,0,0,0
"MintATM","MINT0062",20,18,0.9000,2,0.1000,0,2,0,0,0,0,0
"MintATM","MINT0065",1,1,1.0000,0,0.0000,0,0,0,0,0,0,0
"MintATM","MINT0067",3,3,1.0000,0,0.0000,0,0,0,0,0,0,0
"MintATM","MINT0068",1,1,1.0000,0,0.0000,0,0,0,0,0,0,0
"MintATM","MINT0105",1,1,1.0000,0,0.0000,0,0,0,0,0,0,0
"MintATM","MINT0106",3,3,1.0000,0,0.0000,0,0,0,0,0,0,0
"MintATM","MINT0107",4,1,0.2500,3,0.7500,2,0,0,0,0,0,1
"MintATM","MINT0109",5,4,0.8000,1,0.2000,1,0,0,0,0,0,0
"MintATM","MINT0110",2,2,1.0000,0,0.0000,0,0,0,0,0,0,0
"MintATM","MINT0112",2,2,1.0000,0,0.0000,0,0,0,0,0,0,0
"MintATM","MINT0115",2,2,1.0000,0,0.0000,0,0,0,0,0,0,0
"MintATM","MINT0116",5,5,1.0000,0,0.0000,0,0,0,0,0,0,0
"MintATM","MINT0117",1,0,0.0000,1,1.0000,0,0,0,0,0,0,1
"MintATM","MINT0118",2,2,1.0000,0,0.0000,0,0,0,0,0,0,0
"MintATM","MINT0119",4,4,1.0000,0,0.0000,0,0,0,0,0,0,0
"MintATM","MINT0121",10,8,0.8000,2,0.2000,1,0,0,0,0,0,1
"MintATM","MINT0125",7,7,1.0000,0,0.0000,0,0,0,0,0,0,0
"MintATM","MINT0126",5,5,1.0000,0,0.0000,0,0,0,0,0,0,0
"MintATM","MINT0127",12,7,0.5833,5,0.4166,3,0,0,0,0,0,2
"MintATM","MINT0131",1,1,1.0000,0,0.0000,0,0,0,0,0,0,0
"MintATM","MINT0133",2,2,1.0000,0,0.0000,0,0,0,0,0,0,0
"MintATM","MINT0135",3,3,1.0000,0,0.0000,0,0,0,0,0,0,0
"MintATM","MINT0137",13,12,0.9230,1,0.0769,0,0,0,0,0,0,1
"MintATM","MINT0138",2,2,1.0000,0,0.0000,0,0,0,0,0,0,0
"MintATM","MINT0141",6,6,1.0000,0,0.0000,0,0,0,0,0,0,0
"MintATM","MINT0145",3,1,0.3333,2,0.6666,2,0,0,0,0,0,0
"MintATM","MINT0149",1,1,1.0000,0,0.0000,0,0,0,0,0,0,0
"MintATM","MINT0151",1,1,1.0000,0,0.0000,0,0,0,0,0,0,0
"MintATM","MINT0153",3,2,0.6666,1,0.3333,1,0,0,0,0,0,0
"MintATM","MINT0154",21,18,0.8571,3,0.1428,1,0,0,0,0,0,2
"MintATM","MINT0155",15,14,0.9333,1,0.0666,1,0,0,0,0,0,0
"MintATM","MINT0157",7,7,1.0000,0,0.0000,0,0,0,0,0,0,0
"MintATM","MINT0160",1,1,1.0000,0,0.0000,0,0,0,0,0,0,0
"MintATM","MINT0308",1,1,1.0000,0,0.0000,0,0,0,0,0,0,0
"MintATM","MINT0351",1,1,1.0000,0,0.0000,0,0,0,0,0,0,0
"MintATM","MINT0353",15,10,0.6666,5,0.3333,5,0,0,0,0,0,0
"MintATM","MINT0355",2,2,1.0000,0,0.0000,0,0,0,0,0,0,0
"MintATM","MINT0356",1,0,0.0000,1,1.0000,0,0,0,0,0,1,0
"MintATM","MINT0358",6,5,0.8333,1,0.1666,1,0,0,0,0,0,0
"MintATM","MINT0360",10,10,1.0000,0,0.0000,0,0,0,0,0,0,0
"MintATM","MINT0401",2,2,1.0000,0,0.0000,0,0,0,0,0,0,0
"MintATM","MINT0402",2,1,0.5000,1,0.5000,1,0,0,0,0,0,0
"MintATM","MINT0403",15,14,0.9333,1,0.0666,1,0,0,0,0,0,0
"MintATM","MINT0407",2,2,1.0000,0,0.0000,0,0,0,0,0,0,0
"MintATM","MINT0408",4,4,1.0000,0,0.0000,0,0,0,0,0,0,0
"MintATM","MINT0411",3,3,1.0000,0,0.0000,0,0,0,0,0,0,0
"MintATM","MINT0412",1,1,1.0000,0,0.0000,0,0,0,0,0,0,0
"MintATM","MINT0413",2,2,1.0000,0,0.0000,0,0,0,0,0,0,0
"MintATM","MINT0498",3,2,0.6666,1,0.3333,1,0,0,0,0,0,0
"MintATM","MINT0499",2,2,1.0000,0,0.0000,0,0,0,0,0,0,0
"MintATM","MINT0508",50,45,0.9000,5,0.1000,4,0,0,0,0,0,1
"MintATM","MINT0531",10,9,0.9000,1,0.1000,0,0,0,0,0,0,1
"MintATM","MINT0532",29,25,0.8620,4,0.1379,0,0,2,0,0,0,2
"MintATM","MINT0533",29,26,0.8965,3,0.1034,0,0,0,0,0,1,2
"MintATM","MINT0537",1,1,1.0000,0,0.0000,0,0,0,0,0,0,0
"MintATM","MINT0550",79,74,0.9367,5,0.0632,3,1,0,0,0,0,1
"MintATM","MINT0556",1,1,1.0000,0,0.0000,0,0,0,0,0,0,0
"MintATM","MINT0560",1,1,1.0000,0,0.0000,0,0,0,0,0,0,0
"MintATM","MINT0562",12,11,0.9166,1,0.0833,0,1,0,0,0,0,0
"MintATM","MINT0563",9,7,0.7777,2,0.2222,2,0,0,0,0,0,0
"MintATM","MINT0564",3,3,1.0000,0,0.0000,0,0,0,0,0,0,0
"MintATM","MINT0567",9,8,0.8888,1,0.1111,0,0,0,0,0,0,1
"MintATM","MINT0569",13,13,1.0000,0,0.0000,0,0,0,0,0,0,0
"MintATM","MINT0570",10,10,1.0000,0,0.0000,0,0,0,0,0,0,0
"MintATM","MINT0572",1,1,1.0000,0,0.0000,0,0,0,0,0,0,0
"MintATM","MINT0574",2,2,1.0000,0,0.0000,0,0,0,0,0,0,0
"MintATM","MINT0577",2,2,1.0000,0,0.0000,0,0,0,0,0,0,0
"MintATM","MINT0579",2,2,1.0000,0,0.0000,0,0,0,0,0,0,0
"MintATM","MINT0585",4,3,0.7500,1,0.2500,0,0,1,0,0,0,0
"MintATM","MINT0586",4,4,1.0000,0,0.0000,0,0,0,0,0,0,0
"MintATM","MINT0588",2,2,1.0000,0,0.0000,0,0,0,0,0,0,0
"MintATM","MINT0589",4,3,0.7500,1,0.2500,0,1,0,0,0,0,0
"MintATM","MINT0591",40,37,0.9250,3,0.0750,0,1,0,0,0,0,2
"MintATM","MINT0593",5,2,0.4000,3,0.6000,0,0,0,0,0,0,3
"MintATM","MINT0594",11,10,0.9090,1,0.0909,0,0,0,0,0,0,1
"MintATM","MINT0595",4,4,1.0000,0,0.0000,0,0,0,0,0,0,0
"MintATM","MINT0596",7,7,1.0000,0,0.0000,0,0,0,0,0,0,0
"MintATM","MINT0597",19,19,1.0000,0,0.0000,0,0,0,0,0,0,0
"MintATM","MINT0598",30,24,0.8000,6,0.2000,3,1,0,0,0,0,2
"MintATM","MINT0705",5,5,1.0000,0,0.0000,0,0,0,0,0,0,0
"MintATM","MINT0711",4,4,1.0000,0,0.0000,0,0,0,0,0,0,0
"MintATM","MINT0712",1,1,1.0000,0,0.0000,0,0,0,0,0,0,0
"MintATM","MINT0901",2,2,1.0000,0,0.0000,0,0,0,0,0,0,0
"MintATM","MINT0902",1,1,1.0000,0,0.0000,0,0,0,0,0,0,0
"MintATM","MINT0906",2,2,1.0000,0,0.0000,0,0,0,0,0,0,0
"MintATM","MINT0908",1,1,1.0000,0,0.0000,0,0,0,0,0,0,0
"MintATM","MINT0910",1,0,0.0000,1,1.0000,1,0,0,0,0,0,0
"MintATM","MINT0912",2,2,1.0000,0,0.0000,0,0,0,0,0,0,0
"MintATM","MINT0913",10,5,0.5000,5,0.5000,3,0,0,0,0,0,2
"MintATM","MINT0915",1,1,1.0000,0,0.0000,0,0,0,0,0,0,0
"MintATM","MINT0916",8,7,0.8750,1,0.1250,1,0,0,0,0,0,0
"MintATM","MINT0922",1,1,1.0000,0,0.0000,0,0,0,0,0,0,0
"MintATM","MINT0925",1,0,0.0000,1,1.0000,0,0,0,0,0,0,1
"MintATM","MINT1015",4,4,1.0000,0,0.0000,0,0,0,0,0,0,0
"MintATM","MINT1016",17,16,0.9411,1,0.0588,0,0,0,0,0,0,1
"MintATM","MINT1050",1,1,1.0000,0,0.0000,0,0,0,0,0,0,0
"MintATM","MINT1061",4,4,1.0000,0,0.0000,0,0,0,0,0,0,0
"MintATM","MINT1062",4,4,1.0000,0,0.0000,0,0,0,0,0,0,0
"MintATM","MINT1066",2,2,1.0000,0,0.0000,0,0,0,0,0,0,0
"MintATM","MINT1069",1,1,1.0000,0,0.0000,0,0,0,0,0,0,0
"MintATM","MINT1073",1,1,1.0000,0,0.0000,0,0,0,0,0,0,0
"MintATM","MINT1074",1,1,1.0000,0,0.0000,0,0,0,0,0,0,0
"MintATM","MINT1075",13,10,0.7692,3,0.2307,0,2,0,0,0,0,1
"MintATM","MINT1076",5,4,0.8000,1,0.2000,1,0,0,0,0,0,0
"MintATM","MINT1077",6,6,1.0000,0,0.0000,0,0,0,0,0,0,0
"MintATM","MINT3000",1,1,1.0000,0,0.0000,0,0,0,0,0,0,0
"MintATM","MINT3001",3,2,0.6666,1,0.3333,0,0,0,0,0,0,1
"MintATM","TNS5GBZ3",20,17,0.8500,3,0.1500,2,0,0,0,0,0,1
