"RocketReports","MINT0007",20.0000,746,0,746,0,0.0000,0,0,0,0,0.0000,0,0,0,0,0.0000,0,0,0,0,0.0000,0,0,0,0,"2021-07-08 21:00:00"
"RocketReports","MINT0009",20.0000,1679,0,1370,309,0.0000,0,0,0,0,0.0000,0,0,0,0,0.0000,0,0,0,0,0.0000,0,0,0,0,"2021-07-08 21:00:00"
"RocketReports","MINT0010",20.0000,770,0,767,3,0.0000,0,0,0,0,0.0000,0,0,0,0,0.0000,0,0,0,0,0.0000,0,0,0,0,"2021-07-08 21:00:00"
"RocketReports","MINT0012",20.0000,6921,0,6886,35,0.0000,0,0,0,0,0.0000,0,0,0,0,0.0000,0,0,0,0,0.0000,0,0,0,0,"2021-07-08 21:00:00"
"RocketReports","MINT0014",20.0000,197,0,25,172,0.0000,0,0,0,0,0.0000,0,0,0,0,0.0000,0,0,0,0,0.0000,0,0,0,0,"2021-07-08 21:00:00"
"RocketReports","MINT0025",20.0000,843,0,580,263,0.0000,0,0,0,0,0.0000,0,0,0,0,0.0000,0,0,0,0,0.0000,0,0,0,0,"2021-07-08 21:00:00"
"RocketReports","MINT0026",20.0000,621,0,285,336,0.0000,0,0,0,0,0.0000,0,0,0,0,0.0000,0,0,0,0,0.0000,0,0,0,0,"2021-07-08 21:00:00"
"RocketReports","MINT0027",20.0000,1640,0,1248,392,0.0000,0,0,0,0,0.0000,0,0,0,0,0.0000,0,0,0,0,0.0000,0,0,0,0,"2021-07-08 21:00:00"
"RocketReports","MINT0028",20.0000,4128,0,3859,269,0.0000,0,0,0,0,0.0000,0,0,0,0,0.0000,0,0,0,0,0.0000,0,0,0,0,"2021-07-08 21:00:00"
"RocketReports","MINT0030",20.0000,234,0,166,68,0.0000,0,0,0,0,0.0000,0,0,0,0,0.0000,0,0,0,0,0.0000,0,0,0,0,"2021-07-08 21:00:00"
"RocketReports","MINT0031",20.0000,481,0,412,69,0.0000,0,0,0,0,0.0000,0,0,0,0,0.0000,0,0,0,0,0.0000,0,0,0,0,"2021-07-08 21:00:00"
"RocketReports","MINT0032",20.0000,1288,0,1261,27,0.0000,0,0,0,0,0.0000,0,0,0,0,0.0000,0,0,0,0,0.0000,0,0,0,0,"2021-07-08 21:00:00"
"RocketReports","MINT0034",20.0000,2502,0,2502,0,0.0000,0,0,0,0,0.0000,0,0,0,0,0.0000,0,0,0,0,0.0000,0,0,0,0,"2021-07-08 21:00:00"
"RocketReports","MINT0037",20.0000,100,0,37,63,0.0000,0,0,0,0,0.0000,0,0,0,0,0.0000,0,0,0,0,0.0000,0,0,0,0,"2021-07-08 21:00:00"
"RocketReports","MINT0040",20.0000,1040,0,884,156,0.0000,0,0,0,0,0.0000,0,0,0,0,0.0000,0,0,0,0,0.0000,0,0,0,0,"2021-07-08 21:00:00"
"RocketReports","MINT0041",20.0000,35,0,26,9,0.0000,0,0,0,0,0.0000,0,0,0,0,0.0000,0,0,0,0,0.0000,0,0,0,0,"2021-07-08 21:00:00"
"RocketReports","MINT0042",20.0000,4718,0,4484,234,0.0000,0,0,0,0,0.0000,0,0,0,0,0.0000,0,0,0,0,0.0000,0,0,0,0,"2021-07-08 21:00:00"
"RocketReports","MINT0043",20.0000,3798,0,3616,182,0.0000,0,0,0,0,0.0000,0,0,0,0,0.0000,0,0,0,0,0.0000,0,0,0,0,"2021-07-08 21:00:00"
"RocketReports","MINT0044",20.0000,1140,0,936,204,0.0000,0,0,0,0,0.0000,0,0,0,0,0.0000,0,0,0,0,0.0000,0,0,0,0,"2021-07-08 21:00:00"
"RocketReports","MINT0046",20.0000,2363,0,2042,321,0.0000,0,0,0,0,0.0000,0,0,0,0,0.0000,0,0,0,0,0.0000,0,0,0,0,"2021-07-08 21:00:00"
"RocketReports","MINT0047",20.0000,99,0,15,84,0.0000,0,0,0,0,0.0000,0,0,0,0,0.0000,0,0,0,0,0.0000,0,0,0,0,"2021-07-08 21:00:00"
"RocketReports","MINT0048",20.0000,361,0,168,193,0.0000,0,0,0,0,0.0000,0,0,0,0,0.0000,0,0,0,0,0.0000,0,0,0,0,"2021-07-08 21:00:00"
"RocketReports","MINT0049",20.0000,508,0,204,304,0.0000,0,0,0,0,0.0000,0,0,0,0,0.0000,0,0,0,0,0.0000,0,0,0,0,"2021-07-08 21:00:00"
"RocketReports","MINT0050",20.0000,453,0,261,192,0.0000,0,0,0,0,0.0000,0,0,0,0,0.0000,0,0,0,0,0.0000,0,0,0,0,"2021-07-08 21:00:00"
"RocketReports","MINT0051",20.0000,591,0,471,120,0.0000,0,0,0,0,0.0000,0,0,0,0,0.0000,0,0,0,0,0.0000,0,0,0,0,"2021-07-08 21:00:00"
"RocketReports","MINT0052",20.0000,658,0,451,207,0.0000,0,0,0,0,0.0000,0,0,0,0,0.0000,0,0,0,0,0.0000,0,0,0,0,"2021-07-08 21:00:00"
"RocketReports","MINT0053",20.0000,4198,0,4110,88,0.0000,0,0,0,0,0.0000,0,0,0,0,0.0000,0,0,0,0,0.0000,0,0,0,0,"2021-07-08 21:00:00"
"RocketReports","MINT0054",20.0000,952,0,664,288,0.0000,0,0,0,0,0.0000,0,0,0,0,0.0000,0,0,0,0,0.0000,0,0,0,0,"2021-07-08 21:00:00"
"RocketReports","MINT0055",20.0000,226,0,20,206,0.0000,0,0,0,0,0.0000,0,0,0,0,0.0000,0,0,0,0,0.0000,0,0,0,0,"2021-07-08 21:00:00"
"RocketReports","MINT0056",20.0000,292,0,178,114,0.0000,0,0,0,0,0.0000,0,0,0,0,0.0000,0,0,0,0,0.0000,0,0,0,0,"2021-07-08 21:00:00"
"RocketReports","MINT0057",20.0000,1924,0,1890,34,0.0000,0,0,0,0,0.0000,0,0,0,0,0.0000,0,0,0,0,0.0000,0,0,0,0,"2021-07-08 21:00:00"
"RocketReports","MINT0058",20.0000,6239,0,6217,22,0.0000,0,0,0,0,0.0000,0,0,0,0,0.0000,0,0,0,0,0.0000,0,0,0,0,"2021-07-08 21:00:00"
"RocketReports","MINT0059",20.0000,2159,0,1908,251,0.0000,0,0,0,0,0.0000,0,0,0,0,0.0000,0,0,0,0,0.0000,0,0,0,0,"2021-07-08 21:00:00"
"RocketReports","MINT0062",20.0000,641,0,407,234,0.0000,0,0,0,0,0.0000,0,0,0,0,0.0000,0,0,0,0,0.0000,0,0,0,0,"2021-07-08 21:00:00"
"RocketReports","MINT0063",20.0000,3878,0,3740,138,0.0000,0,0,0,0,0.0000,0,0,0,0,0.0000,0,0,0,0,0.0000,0,0,0,0,"2021-07-08 21:00:00"
"RocketReports","MINT0064",20.0000,285,0,182,103,0.0000,0,0,0,0,0.0000,0,0,0,0,0.0000,0,0,0,0,0.0000,0,0,0,0,"2021-07-08 21:00:00"
"RocketReports","MINT0065",20.0000,253,0,0,253,0.0000,0,0,0,0,0.0000,0,0,0,0,0.0000,0,0,0,0,0.0000,0,0,0,0,"2021-07-08 21:00:00"
"RocketReports","MINT0066",20.0000,3643,0,3525,118,0.0000,0,0,0,0,0.0000,0,0,0,0,0.0000,0,0,0,0,0.0000,0,0,0,0,"2021-07-08 21:00:00"
"RocketReports","MINT0067",20.0000,234,0,65,169,0.0000,0,0,0,0,0.0000,0,0,0,0,0.0000,0,0,0,0,0.0000,0,0,0,0,"2021-07-08 21:00:00"
"RocketReports","MINT0067",0.0000,0,0,0,0,50.0000,383,0,156,227,0.0000,0,0,0,0,0.0000,0,0,0,0,0.0000,0,0,0,0,"2021-07-08 21:00:00"
"RocketReports","MINT0068",20.0000,393,0,234,159,0.0000,0,0,0,0,0.0000,0,0,0,0,0.0000,0,0,0,0,0.0000,0,0,0,0,"2021-07-08 21:00:00"
"RocketReports","MINT0069",20.0000,800,0,61,739,0.0000,0,0,0,0,0.0000,0,0,0,0,0.0000,0,0,0,0,0.0000,0,0,0,0,"2021-07-08 21:00:00"
"RocketReports","MINT0069",0.0000,0,0,0,0,50.0000,336,0,44,292,0.0000,0,0,0,0,0.0000,0,0,0,0,0.0000,0,0,0,0,"2021-07-08 21:00:00"
"RocketReports","MINT0070",20.0000,14,0,1,13,0.0000,0,0,0,0,0.0000,0,0,0,0,0.0000,0,0,0,0,0.0000,0,0,0,0,"2021-07-08 21:00:00"
"RocketReports","MINT0100",20.0000,250,0,92,158,0.0000,0,0,0,0,0.0000,0,0,0,0,0.0000,0,0,0,0,0.0000,0,0,0,0,"2021-07-08 21:00:00"
"RocketReports","MINT0101",10.0000,384,0,325,59,0.0000,0,0,0,0,0.0000,0,0,0,0,0.0000,0,0,0,0,0.0000,0,0,0,0,"2021-07-08 21:00:00"
"RocketReports","MINT0102",20.0000,15,0,0,15,0.0000,0,0,0,0,0.0000,0,0,0,0,0.0000,0,0,0,0,0.0000,0,0,0,0,"2021-07-08 21:00:00"
"RocketReports","MINT0103",20.0000,76,0,31,45,0.0000,0,0,0,0,0.0000,0,0,0,0,0.0000,0,0,0,0,0.0000,0,0,0,0,"2021-07-08 21:00:00"
"RocketReports","MINT0104",20.0000,99,0,42,57,0.0000,0,0,0,0,0.0000,0,0,0,0,0.0000,0,0,0,0,0.0000,0,0,0,0,"2021-07-08 21:00:00"
"RocketReports","MINT0105",20.0000,113,0,13,100,0.0000,0,0,0,0,0.0000,0,0,0,0,0.0000,0,0,0,0,0.0000,0,0,0,0,"2021-07-08 21:00:00"
"RocketReports","MINT0106",20.0000,125,0,7,118,0.0000,0,0,0,0,0.0000,0,0,0,0,0.0000,0,0,0,0,0.0000,0,0,0,0,"2021-07-08 21:00:00"
"RocketReports","MINT0107",20.0000,3500,0,3432,68,0.0000,0,0,0,0,0.0000,0,0,0,0,0.0000,0,0,0,0,0.0000,0,0,0,0,"2021-07-08 21:00:00"
"RocketReports","MINT0108",20.0000,250,0,16,234,0.0000,0,0,0,0,0.0000,0,0,0,0,0.0000,0,0,0,0,0.0000,0,0,0,0,"2021-07-08 21:00:00"
"RocketReports","MINT0109",20.0000,400,0,190,210,0.0000,0,0,0,0,0.0000,0,0,0,0,0.0000,0,0,0,0,0.0000,0,0,0,0,"2021-07-08 21:00:00"
"RocketReports","MINT0110",20.0000,200,0,92,108,0.0000,0,0,0,0,0.0000,0,0,0,0,0.0000,0,0,0,0,0.0000,0,0,0,0,"2021-07-08 21:00:00"
"RocketReports","MINT0111",20.0000,320,0,0,320,0.0000,0,0,0,0,0.0000,0,0,0,0,0.0000,0,0,0,0,0.0000,0,0,0,0,"2021-07-08 21:00:00"
"RocketReports","MINT0112",20.0000,7384,0,7098,286,0.0000,0,0,0,0,0.0000,0,0,0,0,0.0000,0,0,0,0,0.0000,0,0,0,0,"2021-07-08 21:00:00"
"RocketReports","MINT0113",20.0000,249,0,0,249,0.0000,0,0,0,0,0.0000,0,0,0,0,0.0000,0,0,0,0,0.0000,0,0,0,0,"2021-07-08 21:00:00"
"RocketReports","MINT0115",20.0000,250,0,144,106,0.0000,0,0,0,0,0.0000,0,0,0,0,0.0000,0,0,0,0,0.0000,0,0,0,0,"2021-07-08 21:00:00"
"RocketReports","MINT0116",20.0000,200,0,149,51,0.0000,0,0,0,0,0.0000,0,0,0,0,0.0000,0,0,0,0,0.0000,0,0,0,0,"2021-07-08 21:00:00"
"RocketReports","MINT0117",20.0000,500,0,1,499,0.0000,0,0,0,0,0.0000,0,0,0,0,0.0000,0,0,0,0,0.0000,0,0,0,0,"2021-07-08 21:00:00"
"RocketReports","MINT0118",20.0000,288,0,14,274,0.0000,0,0,0,0,0.0000,0,0,0,0,0.0000,0,0,0,0,0.0000,0,0,0,0,"2021-07-08 21:00:00"
"RocketReports","MINT0119",20.0000,140,0,33,107,0.0000,0,0,0,0,0.0000,0,0,0,0,0.0000,0,0,0,0,0.0000,0,0,0,0,"2021-07-08 21:00:00"
"RocketReports","MINT0120",20.0000,150,0,72,78,0.0000,0,0,0,0,0.0000,0,0,0,0,0.0000,0,0,0,0,0.0000,0,0,0,0,"2021-07-08 21:00:00"
"RocketReports","MINT0121",20.0000,300,0,46,254,0.0000,0,0,0,0,0.0000,0,0,0,0,0.0000,0,0,0,0,0.0000,0,0,0,0,"2021-07-08 21:00:00"
"RocketReports","MINT0122",20.0000,250,0,125,125,0.0000,0,0,0,0,0.0000,0,0,0,0,0.0000,0,0,0,0,0.0000,0,0,0,0,"2021-07-08 21:00:00"
"RocketReports","MINT0123",20.0000,148,0,90,58,0.0000,0,0,0,0,0.0000,0,0,0,0,0.0000,0,0,0,0,0.0000,0,0,0,0,"2021-07-08 21:00:00"
"RocketReports","MINT0124",20.0000,125,0,0,125,0.0000,0,0,0,0,0.0000,0,0,0,0,0.0000,0,0,0,0,0.0000,0,0,0,0,"2021-07-08 21:00:00"
"RocketReports","MINT0125",20.0000,568,0,0,568,0.0000,0,0,0,0,0.0000,0,0,0,0,0.0000,0,0,0,0,0.0000,0,0,0,0,"2021-07-08 21:00:00"
"RocketReports","MINT0126",20.0000,200,0,166,34,0.0000,0,0,0,0,0.0000,0,0,0,0,0.0000,0,0,0,0,0.0000,0,0,0,0,"2021-07-08 21:00:00"
"RocketReports","MINT0127",20.0000,300,0,15,285,0.0000,0,0,0,0,0.0000,0,0,0,0,0.0000,0,0,0,0,0.0000,0,0,0,0,"2021-07-08 21:00:00"
"RocketReports","MINT0128",20.0000,100,0,29,71,0.0000,0,0,0,0,0.0000,0,0,0,0,0.0000,0,0,0,0,0.0000,0,0,0,0,"2021-07-08 21:00:00"
"RocketReports","MINT0129",20.0000,250,0,64,186,0.0000,0,0,0,0,0.0000,0,0,0,0,0.0000,0,0,0,0,0.0000,0,0,0,0,"2021-07-08 21:00:00"
"RocketReports","MINT0130",20.0000,95,0,50,45,0.0000,0,0,0,0,0.0000,0,0,0,0,0.0000,0,0,0,0,0.0000,0,0,0,0,"2021-07-08 21:00:00"
"RocketReports","MINT0131",20.0000,100,0,3,97,0.0000,0,0,0,0,0.0000,0,0,0,0,0.0000,0,0,0,0,0.0000,0,0,0,0,"2021-07-08 21:00:00"
"RocketReports","MINT0132",20.0000,100,0,1,99,0.0000,0,0,0,0,0.0000,0,0,0,0,0.0000,0,0,0,0,0.0000,0,0,0,0,"2021-07-08 21:00:00"
"RocketReports","MINT0133",20.0000,150,0,24,126,0.0000,0,0,0,0,0.0000,0,0,0,0,0.0000,0,0,0,0,0.0000,0,0,0,0,"2021-07-08 21:00:00"
"RocketReports","MINT0134",20.0000,50,0,50,0,0.0000,0,0,0,0,0.0000,0,0,0,0,0.0000,0,0,0,0,0.0000,0,0,0,0,"2021-07-08 21:00:00"
"RocketReports","MINT0135",20.0000,300,0,172,128,0.0000,0,0,0,0,0.0000,0,0,0,0,0.0000,0,0,0,0,0.0000,0,0,0,0,"2021-07-08 21:00:00"
"RocketReports","MINT0136",20.0000,235,0,21,214,0.0000,0,0,0,0,0.0000,0,0,0,0,0.0000,0,0,0,0,0.0000,0,0,0,0,"2021-07-08 21:00:00"
"RocketReports","MINT0137",20.0000,474,0,23,451,0.0000,0,0,0,0,0.0000,0,0,0,0,0.0000,0,0,0,0,0.0000,0,0,0,0,"2021-07-08 21:00:00"
"RocketReports","MINT0138",20.0000,300,0,107,193,0.0000,0,0,0,0,0.0000,0,0,0,0,0.0000,0,0,0,0,0.0000,0,0,0,0,"2021-07-08 21:00:00"
"RocketReports","MINT0139",20.0000,200,0,0,200,0.0000,0,0,0,0,0.0000,0,0,0,0,0.0000,0,0,0,0,0.0000,0,0,0,0,"2021-07-08 21:00:00"
"RocketReports","MINT0141",20.0000,250,0,9,241,0.0000,0,0,0,0,0.0000,0,0,0,0,0.0000,0,0,0,0,0.0000,0,0,0,0,"2021-07-08 21:00:00"
"RocketReports","MINT0142",20.0000,125,0,15,110,0.0000,0,0,0,0,0.0000,0,0,0,0,0.0000,0,0,0,0,0.0000,0,0,0,0,"2021-07-08 21:00:00"
"RocketReports","MINT0143",20.0000,250,0,0,250,0.0000,0,0,0,0,0.0000,0,0,0,0,0.0000,0,0,0,0,0.0000,0,0,0,0,"2021-07-08 21:00:00"
"RocketReports","MINT0144",20.0000,250,0,46,204,0.0000,0,0,0,0,0.0000,0,0,0,0,0.0000,0,0,0,0,0.0000,0,0,0,0,"2021-07-08 21:00:00"
"RocketReports","MINT0145",20.0000,109,0,47,62,0.0000,0,0,0,0,0.0000,0,0,0,0,0.0000,0,0,0,0,0.0000,0,0,0,0,"2021-07-08 21:00:00"
"RocketReports","MINT0146",20.0000,264,0,7,257,0.0000,0,0,0,0,0.0000,0,0,0,0,0.0000,0,0,0,0,0.0000,0,0,0,0,"2021-07-08 21:00:00"
"RocketReports","MINT0147",20.0000,100,0,28,72,0.0000,0,0,0,0,0.0000,0,0,0,0,0.0000,0,0,0,0,0.0000,0,0,0,0,"2021-07-08 21:00:00"
"RocketReports","MINT0148",20.0000,150,0,6,144,0.0000,0,0,0,0,0.0000,0,0,0,0,0.0000,0,0,0,0,0.0000,0,0,0,0,"2021-07-08 21:00:00"
"RocketReports","MINT0149",20.0000,150,0,6,144,0.0000,0,0,0,0,0.0000,0,0,0,0,0.0000,0,0,0,0,0.0000,0,0,0,0,"2021-07-08 21:00:00"
"RocketReports","MINT0150",20.0000,239,0,19,220,0.0000,0,0,0,0,0.0000,0,0,0,0,0.0000,0,0,0,0,0.0000,0,0,0,0,"2021-07-08 21:00:00"
"RocketReports","MINT0151",20.0000,34,0,26,8,0.0000,0,0,0,0,0.0000,0,0,0,0,0.0000,0,0,0,0,0.0000,0,0,0,0,"2021-07-08 21:00:00"
"RocketReports","MINT0152",20.0000,250,0,173,77,0.0000,0,0,0,0,0.0000,0,0,0,0,0.0000,0,0,0,0,0.0000,0,0,0,0,"2021-07-08 21:00:00"
"RocketReports","MINT0153",20.0000,125,0,68,57,0.0000,0,0,0,0,0.0000,0,0,0,0,0.0000,0,0,0,0,0.0000,0,0,0,0,"2021-07-08 21:00:00"
"RocketReports","MINT0154",20.0000,250,0,107,143,0.0000,0,0,0,0,0.0000,0,0,0,0,0.0000,0,0,0,0,0.0000,0,0,0,0,"2021-07-08 21:00:00"
"RocketReports","MINT0155",20.0000,161,0,107,54,0.0000,0,0,0,0,0.0000,0,0,0,0,0.0000,0,0,0,0,0.0000,0,0,0,0,"2021-07-08 21:00:00"
"RocketReports","MINT0155",0.0000,0,0,0,0,5.0000,34,0,6,28,0.0000,0,0,0,0,0.0000,0,0,0,0,0.0000,0,0,0,0,"2021-07-08 21:00:00"
"RocketReports","MINT0156",20.0000,75,0,26,49,0.0000,0,0,0,0,0.0000,0,0,0,0,0.0000,0,0,0,0,0.0000,0,0,0,0,"2021-07-08 21:00:00"
"RocketReports","MINT0157",20.0000,1847,0,1799,48,0.0000,0,0,0,0,0.0000,0,0,0,0,0.0000,0,0,0,0,0.0000,0,0,0,0,"2021-07-08 21:00:00"
"RocketReports","MINT0160",20.0000,197,0,0,197,0.0000,0,0,0,0,0.0000,0,0,0,0,0.0000,0,0,0,0,0.0000,0,0,0,0,"2021-07-08 21:00:00"
"RocketReports","MINT0161",20.0000,250,0,50,200,0.0000,0,0,0,0,0.0000,0,0,0,0,0.0000,0,0,0,0,0.0000,0,0,0,0,"2021-07-08 21:00:00"
"RocketReports","MINT0162",20.0000,1,0,0,1,0.0000,0,0,0,0,0.0000,0,0,0,0,0.0000,0,0,0,0,0.0000,0,0,0,0,"2021-07-08 21:00:00"
"RocketReports","MINT0163",10.0000,500,0,43,457,0.0000,0,0,0,0,0.0000,0,0,0,0,0.0000,0,0,0,0,0.0000,0,0,0,0,"2021-07-08 21:00:00"
"RocketReports","MINT0163",0.0000,0,0,0,0,20.0000,100,0,100,0,0.0000,0,0,0,0,0.0000,0,0,0,0,0.0000,0,0,0,0,"2021-07-08 21:00:00"
"RocketReports","MINT0201",20.0000,105,0,58,47,0.0000,0,0,0,0,0.0000,0,0,0,0,0.0000,0,0,0,0,0.0000,0,0,0,0,"2021-07-08 21:00:00"
"RocketReports","MINT0203",20.0000,50,0,5,45,0.0000,0,0,0,0,0.0000,0,0,0,0,0.0000,0,0,0,0,0.0000,0,0,0,0,"2021-07-08 21:00:00"
"RocketReports","MINT0204",20.0000,109,0,10,99,0.0000,0,0,0,0,0.0000,0,0,0,0,0.0000,0,0,0,0,0.0000,0,0,0,0,"2021-07-08 21:00:00"
"RocketReports","MINT0205",20.0000,399,0,356,43,0.0000,0,0,0,0,0.0000,0,0,0,0,0.0000,0,0,0,0,0.0000,0,0,0,0,"2021-07-08 21:00:00"
"RocketReports","MINT0206",20.0000,300,0,5,295,0.0000,0,0,0,0,0.0000,0,0,0,0,0.0000,0,0,0,0,0.0000,0,0,0,0,"2021-07-08 21:00:00"
"RocketReports","MINT0207",20.0000,279,0,33,246,0.0000,0,0,0,0,0.0000,0,0,0,0,0.0000,0,0,0,0,0.0000,0,0,0,0,"2021-07-08 21:00:00"
"RocketReports","MINT0208",20.0000,400,0,2,398,0.0000,0,0,0,0,0.0000,0,0,0,0,0.0000,0,0,0,0,0.0000,0,0,0,0,"2021-07-08 21:00:00"
"RocketReports","MINT0209",20.0000,463,0,184,279,0.0000,0,0,0,0,0.0000,0,0,0,0,0.0000,0,0,0,0,0.0000,0,0,0,0,"2021-07-08 21:00:00"
"RocketReports","MINT0304",20.0000,200,0,70,130,0.0000,0,0,0,0,0.0000,0,0,0,0,0.0000,0,0,0,0,0.0000,0,0,0,0,"2021-07-08 21:00:00"
"RocketReports","MINT0305",20.0000,509,0,147,362,0.0000,0,0,0,0,0.0000,0,0,0,0,0.0000,0,0,0,0,0.0000,0,0,0,0,"2021-07-08 21:00:00"
"RocketReports","MINT0306",20.0000,278,0,87,191,0.0000,0,0,0,0,0.0000,0,0,0,0,0.0000,0,0,0,0,0.0000,0,0,0,0,"2021-07-08 21:00:00"
"RocketReports","MINT0308",20.0000,540,0,459,81,0.0000,0,0,0,0,0.0000,0,0,0,0,0.0000,0,0,0,0,0.0000,0,0,0,0,"2021-07-08 21:00:00"
"RocketReports","MINT0350",20.0000,1394,0,1134,260,0.0000,0,0,0,0,0.0000,0,0,0,0,0.0000,0,0,0,0,0.0000,0,0,0,0,"2021-07-08 21:00:00"
"RocketReports","MINT0351",20.0000,199,0,199,0,0.0000,0,0,0,0,0.0000,0,0,0,0,0.0000,0,0,0,0,0.0000,0,0,0,0,"2021-07-08 21:00:00"
"RocketReports","MINT0352",20.0000,375,0,29,346,0.0000,0,0,0,0,0.0000,0,0,0,0,0.0000,0,0,0,0,0.0000,0,0,0,0,"2021-07-08 21:00:00"
"RocketReports","MINT0353",20.0000,598,0,563,35,0.0000,0,0,0,0,0.0000,0,0,0,0,0.0000,0,0,0,0,0.0000,0,0,0,0,"2021-07-08 21:00:00"
"RocketReports","MINT0355",20.0000,576,0,311,265,0.0000,0,0,0,0,0.0000,0,0,0,0,0.0000,0,0,0,0,0.0000,0,0,0,0,"2021-07-08 21:00:00"
"RocketReports","MINT0356",20.0000,368,0,192,176,0.0000,0,0,0,0,0.0000,0,0,0,0,0.0000,0,0,0,0,0.0000,0,0,0,0,"2021-07-08 21:00:00"
"RocketReports","MINT0357",20.0000,748,0,638,110,0.0000,0,0,0,0,0.0000,0,0,0,0,0.0000,0,0,0,0,0.0000,0,0,0,0,"2021-07-08 21:00:00"
"RocketReports","MINT0358",20.0000,0,0,0,0,0.0000,0,0,0,0,0.0000,0,0,0,0,0.0000,0,0,0,0,0.0000,0,0,0,0,"2021-07-08 21:00:00"
"RocketReports","MINT0359",20.0000,7538,0,7375,163,0.0000,0,0,0,0,0.0000,0,0,0,0,0.0000,0,0,0,0,0.0000,0,0,0,0,"2021-07-08 21:00:00"
"RocketReports","MINT0360",20.0000,398,0,241,157,0.0000,0,0,0,0,0.0000,0,0,0,0,0.0000,0,0,0,0,0.0000,0,0,0,0,"2021-07-08 21:00:00"
"RocketReports","MINT0400",20.0000,25,0,2,23,0.0000,0,0,0,0,0.0000,0,0,0,0,0.0000,0,0,0,0,0.0000,0,0,0,0,"2021-07-08 21:00:00"
"RocketReports","MINT0401",20.0000,80,0,44,36,0.0000,0,0,0,0,0.0000,0,0,0,0,0.0000,0,0,0,0,0.0000,0,0,0,0,"2021-07-08 21:00:00"
"RocketReports","MINT0402",20.0000,127,0,27,100,0.0000,0,0,0,0,0.0000,0,0,0,0,0.0000,0,0,0,0,0.0000,0,0,0,0,"2021-07-08 21:00:00"
"RocketReports","MINT0403",20.0000,153,0,51,102,0.0000,0,0,0,0,0.0000,0,0,0,0,0.0000,0,0,0,0,0.0000,0,0,0,0,"2021-07-08 21:00:00"
"RocketReports","MINT0404",20.0000,61,0,38,23,0.0000,0,0,0,0,0.0000,0,0,0,0,0.0000,0,0,0,0,0.0000,0,0,0,0,"2021-07-08 21:00:00"
"RocketReports","MINT0405",20.0000,28,0,25,3,0.0000,0,0,0,0,0.0000,0,0,0,0,0.0000,0,0,0,0,0.0000,0,0,0,0,"2021-07-08 21:00:00"
"RocketReports","MINT0406",20.0000,49,0,0,49,0.0000,0,0,0,0,0.0000,0,0,0,0,0.0000,0,0,0,0,0.0000,0,0,0,0,"2021-07-08 21:00:00"
"RocketReports","MINT0407",20.0000,20,0,1,19,0.0000,0,0,0,0,0.0000,0,0,0,0,0.0000,0,0,0,0,0.0000,0,0,0,0,"2021-07-08 21:00:00"
"RocketReports","MINT0408",20.0000,25,0,2,23,0.0000,0,0,0,0,0.0000,0,0,0,0,0.0000,0,0,0,0,0.0000,0,0,0,0,"2021-07-08 21:00:00"
"RocketReports","MINT0409",20.0000,181,0,30,151,0.0000,0,0,0,0,0.0000,0,0,0,0,0.0000,0,0,0,0,0.0000,0,0,0,0,"2021-07-08 21:00:00"
"RocketReports","MINT0410",20.0000,102,0,102,0,0.0000,0,0,0,0,0.0000,0,0,0,0,0.0000,0,0,0,0,0.0000,0,0,0,0,"2021-07-08 21:00:00"
"RocketReports","MINT0411",20.0000,1201,0,1010,191,0.0000,0,0,0,0,0.0000,0,0,0,0,0.0000,0,0,0,0,0.0000,0,0,0,0,"2021-07-08 21:00:00"
"RocketReports","MINT0412",20.0000,47,0,0,47,0.0000,0,0,0,0,0.0000,0,0,0,0,0.0000,0,0,0,0,0.0000,0,0,0,0,"2021-07-08 21:00:00"
"RocketReports","MINT0413",20.0000,123,0,55,68,0.0000,0,0,0,0,0.0000,0,0,0,0,0.0000,0,0,0,0,0.0000,0,0,0,0,"2021-07-08 21:00:00"
"RocketReports","MINT0414",20.0000,100,0,10,90,0.0000,0,0,0,0,0.0000,0,0,0,0,0.0000,0,0,0,0,0.0000,0,0,0,0,"2021-07-08 21:00:00"
"RocketReports","MINT0415",20.0000,61,0,6,55,0.0000,0,0,0,0,0.0000,0,0,0,0,0.0000,0,0,0,0,0.0000,0,0,0,0,"2021-07-08 21:00:00"
"RocketReports","MINT0416",20.0000,83,0,11,72,0.0000,0,0,0,0,0.0000,0,0,0,0,0.0000,0,0,0,0,0.0000,0,0,0,0,"2021-07-08 21:00:00"
"RocketReports","MINT0417",20.0000,97,0,4,93,0.0000,0,0,0,0,0.0000,0,0,0,0,0.0000,0,0,0,0,0.0000,0,0,0,0,"2021-07-08 21:00:00"
"RocketReports","MINT0418",20.0000,63,0,52,11,0.0000,0,0,0,0,0.0000,0,0,0,0,0.0000,0,0,0,0,0.0000,0,0,0,0,"2021-07-08 21:00:00"
"RocketReports","MINT0494",20.0000,2937,0,2896,41,0.0000,0,0,0,0,0.0000,0,0,0,0,0.0000,0,0,0,0,0.0000,0,0,0,0,"2021-07-08 21:00:00"
"RocketReports","MINT0495",20.0000,309,0,14,295,0.0000,0,0,0,0,0.0000,0,0,0,0,0.0000,0,0,0,0,0.0000,0,0,0,0,"2021-07-08 21:00:00"
"RocketReports","MINT0496",20.0000,1489,0,1183,306,0.0000,0,0,0,0,0.0000,0,0,0,0,0.0000,0,0,0,0,0.0000,0,0,0,0,"2021-07-08 21:00:00"
"RocketReports","MINT0497",20.0000,5587,0,5288,299,0.0000,0,0,0,0,0.0000,0,0,0,0,0.0000,0,0,0,0,0.0000,0,0,0,0,"2021-07-08 21:00:00"
"RocketReports","MINT0498",20.0000,1629,0,1507,122,0.0000,0,0,0,0,0.0000,0,0,0,0,0.0000,0,0,0,0,0.0000,0,0,0,0,"2021-07-08 21:00:00"
"RocketReports","MINT0499",20.0000,841,0,841,0,0.0000,0,0,0,0,0.0000,0,0,0,0,0.0000,0,0,0,0,0.0000,0,0,0,0,"2021-07-08 21:00:00"
"RocketReports","MINT0501",20.0000,3222,0,3185,37,0.0000,0,0,0,0,0.0000,0,0,0,0,0.0000,0,0,0,0,0.0000,0,0,0,0,"2021-07-08 21:00:00"
"RocketReports","MINT0503",20.0000,4264,0,3544,720,0.0000,0,0,0,0,0.0000,0,0,0,0,0.0000,0,0,0,0,0.0000,0,0,0,0,"2021-07-08 21:00:00"
"RocketReports","MINT0504",20.0000,407,0,295,112,0.0000,0,0,0,0,0.0000,0,0,0,0,0.0000,0,0,0,0,0.0000,0,0,0,0,"2021-07-08 21:00:00"
"RocketReports","MINT0508",20.0000,7321,0,6763,558,0.0000,0,0,0,0,0.0000,0,0,0,0,0.0000,0,0,0,0,0.0000,0,0,0,0,"2021-07-08 21:00:00"
"RocketReports","MINT0509",20.0000,775,0,745,30,0.0000,0,0,0,0,0.0000,0,0,0,0,0.0000,0,0,0,0,0.0000,0,0,0,0,"2021-07-08 21:00:00"
"RocketReports","MINT0509",0.0000,0,0,0,0,10.0000,0,0,0,0,0.0000,0,0,0,0,0.0000,0,0,0,0,0.0000,0,0,0,0,"2021-07-08 21:00:00"
"RocketReports","MINT0519",20.0000,84,0,19,65,0.0000,0,0,0,0,0.0000,0,0,0,0,0.0000,0,0,0,0,0.0000,0,0,0,0,"2021-07-08 21:00:00"
"RocketReports","MINT0520",20.0000,600,0,9,591,0.0000,0,0,0,0,0.0000,0,0,0,0,0.0000,0,0,0,0,0.0000,0,0,0,0,"2021-07-08 21:00:00"
"RocketReports","MINT0527",20.0000,70,0,34,36,0.0000,0,0,0,0,0.0000,0,0,0,0,0.0000,0,0,0,0,0.0000,0,0,0,0,"2021-07-08 21:00:00"
"RocketReports","MINT0529",20.0000,190,0,162,28,0.0000,0,0,0,0,0.0000,0,0,0,0,0.0000,0,0,0,0,0.0000,0,0,0,0,"2021-07-08 21:00:00"
"RocketReports","MINT0531",20.0000,1901,0,1811,90,0.0000,0,0,0,0,0.0000,0,0,0,0,0.0000,0,0,0,0,0.0000,0,0,0,0,"2021-07-08 21:00:00"
"RocketReports","MINT0532",20.0000,4416,0,4354,62,0.0000,0,0,0,0,0.0000,0,0,0,0,0.0000,0,0,0,0,0.0000,0,0,0,0,"2021-07-08 21:00:00"
"RocketReports","MINT0533",10.0000,0,0,0,0,0.0000,0,0,0,0,0.0000,0,0,0,0,0.0000,0,0,0,0,0.0000,0,0,0,0,"2021-07-08 21:00:00"
"RocketReports","MINT0533",0.0000,0,0,0,0,20.0000,2116,0,1942,174,0.0000,0,0,0,0,0.0000,0,0,0,0,0.0000,0,0,0,0,"2021-07-08 21:00:00"
"RocketReports","MINT0534",20.0000,200,0,51,149,0.0000,0,0,0,0,0.0000,0,0,0,0,0.0000,0,0,0,0,0.0000,0,0,0,0,"2021-07-08 21:00:00"
"RocketReports","MINT0535",20.0000,91,0,25,66,0.0000,0,0,0,0,0.0000,0,0,0,0,0.0000,0,0,0,0,0.0000,0,0,0,0,"2021-07-08 21:00:00"
"RocketReports","MINT0536",20.0000,300,0,211,89,0.0000,0,0,0,0,0.0000,0,0,0,0,0.0000,0,0,0,0,0.0000,0,0,0,0,"2021-07-08 21:00:00"
"RocketReports","MINT0537",20.0000,200,0,71,129,0.0000,0,0,0,0,0.0000,0,0,0,0,0.0000,0,0,0,0,0.0000,0,0,0,0,"2021-07-08 21:00:00"
"RocketReports","MINT0538",20.0000,731,0,669,62,0.0000,0,0,0,0,0.0000,0,0,0,0,0.0000,0,0,0,0,0.0000,0,0,0,0,"2021-07-08 21:00:00"
"RocketReports","MINT0539",20.0000,1357,0,1212,145,0.0000,0,0,0,0,0.0000,0,0,0,0,0.0000,0,0,0,0,0.0000,0,0,0,0,"2021-07-08 21:00:00"
"RocketReports","MINT0540",20.0000,38,0,19,19,0.0000,0,0,0,0,0.0000,0,0,0,0,0.0000,0,0,0,0,0.0000,0,0,0,0,"2021-07-08 21:00:00"
"RocketReports","MINT0542",20.0000,104,0,10,94,0.0000,0,0,0,0,0.0000,0,0,0,0,0.0000,0,0,0,0,0.0000,0,0,0,0,"2021-07-08 21:00:00"
"RocketReports","MINT0543",20.0000,118,0,3,115,0.0000,0,0,0,0,0.0000,0,0,0,0,0.0000,0,0,0,0,0.0000,0,0,0,0,"2021-07-08 21:00:00"
"RocketReports","MINT0544",20.0000,10,0,0,10,0.0000,0,0,0,0,0.0000,0,0,0,0,0.0000,0,0,0,0,0.0000,0,0,0,0,"2021-07-08 21:00:00"
"RocketReports","MINT0545",20.0000,271,0,40,231,0.0000,0,0,0,0,0.0000,0,0,0,0,0.0000,0,0,0,0,0.0000,0,0,0,0,"2021-07-08 21:00:00"
"RocketReports","MINT0546",20.0000,74,0,20,54,0.0000,0,0,0,0,0.0000,0,0,0,0,0.0000,0,0,0,0,0.0000,0,0,0,0,"2021-07-08 21:00:00"
"RocketReports","MINT0547",20.0000,396,0,236,160,0.0000,0,0,0,0,0.0000,0,0,0,0,0.0000,0,0,0,0,0.0000,0,0,0,0,"2021-07-08 21:00:00"
"RocketReports","MINT0548",20.0000,1100,0,989,111,0.0000,0,0,0,0,0.0000,0,0,0,0,0.0000,0,0,0,0,0.0000,0,0,0,0,"2021-07-08 21:00:00"
"RocketReports","MINT0549",20.0000,1498,0,1490,8,0.0000,0,0,0,0,0.0000,0,0,0,0,0.0000,0,0,0,0,0.0000,0,0,0,0,"2021-07-08 21:00:00"
"RocketReports","MINT0550",20.0000,514,0,84,430,0.0000,0,0,0,0,0.0000,0,0,0,0,0.0000,0,0,0,0,0.0000,0,0,0,0,"2021-07-08 21:00:00"
"RocketReports","MINT0551",20.0000,310,0,220,90,0.0000,0,0,0,0,0.0000,0,0,0,0,0.0000,0,0,0,0,0.0000,0,0,0,0,"2021-07-08 21:00:00"
"RocketReports","MINT0552",20.0000,148,0,0,148,0.0000,0,0,0,0,0.0000,0,0,0,0,0.0000,0,0,0,0,0.0000,0,0,0,0,"2021-07-08 21:00:00"
"RocketReports","MINT0553",20.0000,1098,0,1042,56,0.0000,0,0,0,0,0.0000,0,0,0,0,0.0000,0,0,0,0,0.0000,0,0,0,0,"2021-07-08 21:00:00"
"RocketReports","MINT0554",20.0000,1000,0,987,13,0.0000,0,0,0,0,0.0000,0,0,0,0,0.0000,0,0,0,0,0.0000,0,0,0,0,"2021-07-08 21:00:00"
"RocketReports","MINT0555",20.0000,218,0,213,5,0.0000,0,0,0,0,0.0000,0,0,0,0,0.0000,0,0,0,0,0.0000,0,0,0,0,"2021-07-08 21:00:00"
"RocketReports","MINT0556",20.0000,2603,0,2540,63,0.0000,0,0,0,0,0.0000,0,0,0,0,0.0000,0,0,0,0,0.0000,0,0,0,0,"2021-07-08 21:00:00"
"RocketReports","MINT0557",20.0000,91,0,17,74,0.0000,0,0,0,0,0.0000,0,0,0,0,0.0000,0,0,0,0,0.0000,0,0,0,0,"2021-07-08 21:00:00"
"RocketReports","MINT0558",20.0000,651,0,551,100,0.0000,0,0,0,0,0.0000,0,0,0,0,0.0000,0,0,0,0,0.0000,0,0,0,0,"2021-07-08 21:00:00"
"RocketReports","MINT0559",20.0000,65,0,25,40,0.0000,0,0,0,0,0.0000,0,0,0,0,0.0000,0,0,0,0,0.0000,0,0,0,0,"2021-07-08 21:00:00"
"RocketReports","MINT0560",20.0000,740,0,680,60,0.0000,0,0,0,0,0.0000,0,0,0,0,0.0000,0,0,0,0,0.0000,0,0,0,0,"2021-07-08 21:00:00"
"RocketReports","MINT0561",20.0000,51,0,39,12,0.0000,0,0,0,0,0.0000,0,0,0,0,0.0000,0,0,0,0,0.0000,0,0,0,0,"2021-07-08 21:00:00"
"RocketReports","MINT0562",20.0000,5300,0,5129,171,0.0000,0,0,0,0,0.0000,0,0,0,0,0.0000,0,0,0,0,0.0000,0,0,0,0,"2021-07-08 21:00:00"
"RocketReports","MINT0563",20.0000,1085,0,829,256,0.0000,0,0,0,0,0.0000,0,0,0,0,0.0000,0,0,0,0,0.0000,0,0,0,0,"2021-07-08 21:00:00"
"RocketReports","MINT0564",20.0000,3137,0,3005,132,0.0000,0,0,0,0,0.0000,0,0,0,0,0.0000,0,0,0,0,0.0000,0,0,0,0,"2021-07-08 21:00:00"
"RocketReports","MINT0565",20.0000,243,0,214,29,0.0000,0,0,0,0,0.0000,0,0,0,0,0.0000,0,0,0,0,0.0000,0,0,0,0,"2021-07-08 21:00:00"
"RocketReports","MINT0566",20.0000,510,0,421,89,0.0000,0,0,0,0,0.0000,0,0,0,0,0.0000,0,0,0,0,0.0000,0,0,0,0,"2021-07-08 21:00:00"
"RocketReports","MINT0567",20.0000,2489,0,2135,354,0.0000,0,0,0,0,0.0000,0,0,0,0,0.0000,0,0,0,0,0.0000,0,0,0,0,"2021-07-08 21:00:00"
"RocketReports","MINT0568",20.0000,350,0,250,100,0.0000,0,0,0,0,0.0000,0,0,0,0,0.0000,0,0,0,0,0.0000,0,0,0,0,"2021-07-08 21:00:00"
"RocketReports","MINT0569",20.0000,9197,0,8892,305,0.0000,0,0,0,0,0.0000,0,0,0,0,0.0000,0,0,0,0,0.0000,0,0,0,0,"2021-07-08 21:00:00"
"RocketReports","MINT0570",20.0000,5696,0,5443,253,0.0000,0,0,0,0,0.0000,0,0,0,0,0.0000,0,0,0,0,0.0000,0,0,0,0,"2021-07-08 21:00:00"
"RocketReports","MINT0571",20.0000,2518,0,2327,191,0.0000,0,0,0,0,0.0000,0,0,0,0,0.0000,0,0,0,0,0.0000,0,0,0,0,"2021-07-08 21:00:00"
"RocketReports","MINT0572",20.0000,4841,0,4809,32,0.0000,0,0,0,0,0.0000,0,0,0,0,0.0000,0,0,0,0,0.0000,0,0,0,0,"2021-07-08 21:00:00"
"RocketReports","MINT0573",20.0000,1200,0,990,210,0.0000,0,0,0,0,0.0000,0,0,0,0,0.0000,0,0,0,0,0.0000,0,0,0,0,"2021-07-08 21:00:00"
"RocketReports","MINT0574",20.0000,5916,0,5701,215,0.0000,0,0,0,0,0.0000,0,0,0,0,0.0000,0,0,0,0,0.0000,0,0,0,0,"2021-07-08 21:00:00"
"RocketReports","MINT0575",20.0000,25,0,0,25,0.0000,0,0,0,0,0.0000,0,0,0,0,0.0000,0,0,0,0,0.0000,0,0,0,0,"2021-07-08 21:00:00"
"RocketReports","MINT0576",20.0000,366,0,317,49,0.0000,0,0,0,0,0.0000,0,0,0,0,0.0000,0,0,0,0,0.0000,0,0,0,0,"2021-07-08 21:00:00"
"RocketReports","MINT0577",20.0000,515,0,462,53,0.0000,0,0,0,0,0.0000,0,0,0,0,0.0000,0,0,0,0,0.0000,0,0,0,0,"2021-07-08 21:00:00"
"RocketReports","MINT0578",20.0000,73,0,0,73,0.0000,0,0,0,0,0.0000,0,0,0,0,0.0000,0,0,0,0,0.0000,0,0,0,0,"2021-07-08 21:00:00"
"RocketReports","MINT0579",20.0000,20,0,20,0,0.0000,0,0,0,0,0.0000,0,0,0,0,0.0000,0,0,0,0,0.0000,0,0,0,0,"2021-07-08 21:00:00"
"RocketReports","MINT0580",20.0000,200,0,5,195,0.0000,0,0,0,0,0.0000,0,0,0,0,0.0000,0,0,0,0,0.0000,0,0,0,0,"2021-07-08 21:00:00"
"RocketReports","MINT0581",20.0000,200,0,70,130,0.0000,0,0,0,0,0.0000,0,0,0,0,0.0000,0,0,0,0,0.0000,0,0,0,0,"2021-07-08 21:00:00"
"RocketReports","MINT0582",20.0000,200,0,16,184,0.0000,0,0,0,0,0.0000,0,0,0,0,0.0000,0,0,0,0,0.0000,0,0,0,0,"2021-07-08 21:00:00"
"RocketReports","MINT0583",20.0000,43,0,8,35,0.0000,0,0,0,0,0.0000,0,0,0,0,0.0000,0,0,0,0,0.0000,0,0,0,0,"2021-07-08 21:00:00"
"RocketReports","MINT0584",20.0000,167,0,23,144,0.0000,0,0,0,0,0.0000,0,0,0,0,0.0000,0,0,0,0,0.0000,0,0,0,0,"2021-07-08 21:00:00"
"RocketReports","MINT0585",20.0000,5475,0,5314,161,0.0000,0,0,0,0,0.0000,0,0,0,0,0.0000,0,0,0,0,0.0000,0,0,0,0,"2021-07-08 21:00:00"
"RocketReports","MINT0586",20.0000,1046,0,1006,40,0.0000,0,0,0,0,0.0000,0,0,0,0,0.0000,0,0,0,0,0.0000,0,0,0,0,"2021-07-08 21:00:00"
"RocketReports","MINT0587",20.0000,25,0,0,25,0.0000,0,0,0,0,0.0000,0,0,0,0,0.0000,0,0,0,0,0.0000,0,0,0,0,"2021-07-08 21:00:00"
"RocketReports","MINT0588",20.0000,115,0,115,0,0.0000,0,0,0,0,0.0000,0,0,0,0,0.0000,0,0,0,0,0.0000,0,0,0,0,"2021-07-08 21:00:00"
"RocketReports","MINT0589",20.0000,150,0,127,23,0.0000,0,0,0,0,0.0000,0,0,0,0,0.0000,0,0,0,0,0.0000,0,0,0,0,"2021-07-08 21:00:00"
"RocketReports","MINT0590",20.0000,705,0,643,62,0.0000,0,0,0,0,0.0000,0,0,0,0,0.0000,0,0,0,0,0.0000,0,0,0,0,"2021-07-08 21:00:00"
"RocketReports","MINT0591",20.0000,350,0,258,92,0.0000,0,0,0,0,0.0000,0,0,0,0,0.0000,0,0,0,0,0.0000,0,0,0,0,"2021-07-08 21:00:00"
"RocketReports","MINT0592",20.0000,70,0,68,2,0.0000,0,0,0,0,0.0000,0,0,0,0,0.0000,0,0,0,0,0.0000,0,0,0,0,"2021-07-08 21:00:00"
"RocketReports","MINT0593",20.0000,80,0,29,51,0.0000,0,0,0,0,0.0000,0,0,0,0,0.0000,0,0,0,0,0.0000,0,0,0,0,"2021-07-08 21:00:00"
"RocketReports","MINT0594",20.0000,114,0,26,88,0.0000,0,0,0,0,0.0000,0,0,0,0,0.0000,0,0,0,0,0.0000,0,0,0,0,"2021-07-08 21:00:00"
"RocketReports","MINT0595",20.0000,67,0,51,16,0.0000,0,0,0,0,0.0000,0,0,0,0,0.0000,0,0,0,0,0.0000,0,0,0,0,"2021-07-08 21:00:00"
"RocketReports","MINT0596",20.0000,3201,0,2824,377,0.0000,0,0,0,0,0.0000,0,0,0,0,0.0000,0,0,0,0,0.0000,0,0,0,0,"2021-07-08 21:00:00"
"RocketReports","MINT0597",20.0000,54,0,12,42,0.0000,0,0,0,0,0.0000,0,0,0,0,0.0000,0,0,0,0,0.0000,0,0,0,0,"2021-07-08 21:00:00"
"RocketReports","MINT0598",20.0000,79,0,13,66,0.0000,0,0,0,0,0.0000,0,0,0,0,0.0000,0,0,0,0,0.0000,0,0,0,0,"2021-07-08 21:00:00"
"RocketReports","MINT0599",20.0000,3456,0,3240,216,0.0000,0,0,0,0,0.0000,0,0,0,0,0.0000,0,0,0,0,0.0000,0,0,0,0,"2021-07-08 21:00:00"
"RocketReports","MINT0600",20.0000,198,0,124,74,0.0000,0,0,0,0,0.0000,0,0,0,0,0.0000,0,0,0,0,0.0000,0,0,0,0,"2021-07-08 21:00:00"
"RocketReports","MINT0601",20.0000,578,0,533,45,0.0000,0,0,0,0,0.0000,0,0,0,0,0.0000,0,0,0,0,0.0000,0,0,0,0,"2021-07-08 21:00:00"
"RocketReports","MINT0602",20.0000,452,0,374,78,0.0000,0,0,0,0,0.0000,0,0,0,0,0.0000,0,0,0,0,0.0000,0,0,0,0,"2021-07-08 21:00:00"
"RocketReports","MINT0603",20.0000,948,0,947,1,0.0000,0,0,0,0,0.0000,0,0,0,0,0.0000,0,0,0,0,0.0000,0,0,0,0,"2021-07-08 21:00:00"
"RocketReports","MINT0604",20.0000,50,0,50,0,0.0000,0,0,0,0,0.0000,0,0,0,0,0.0000,0,0,0,0,0.0000,0,0,0,0,"2021-07-08 21:00:00"
"RocketReports","MINT0606",20.0000,472,0,429,43,0.0000,0,0,0,0,0.0000,0,0,0,0,0.0000,0,0,0,0,0.0000,0,0,0,0,"2021-07-08 21:00:00"
"RocketReports","MINT0608",20.0000,548,0,497,51,0.0000,0,0,0,0,0.0000,0,0,0,0,0.0000,0,0,0,0,0.0000,0,0,0,0,"2021-07-08 21:00:00"
"RocketReports","MINT0609",20.0000,250,0,125,125,0.0000,0,0,0,0,0.0000,0,0,0,0,0.0000,0,0,0,0,0.0000,0,0,0,0,"2021-07-08 21:00:00"
"RocketReports","MINT0610",20.0000,250,0,173,77,0.0000,0,0,0,0,0.0000,0,0,0,0,0.0000,0,0,0,0,0.0000,0,0,0,0,"2021-07-08 21:00:00"
"RocketReports","MINT0611",20.0000,1412,0,1387,25,0.0000,0,0,0,0,0.0000,0,0,0,0,0.0000,0,0,0,0,0.0000,0,0,0,0,"2021-07-08 21:00:00"
"RocketReports","MINT0614",20.0000,1,0,0,1,0.0000,0,0,0,0,0.0000,0,0,0,0,0.0000,0,0,0,0,0.0000,0,0,0,0,"2021-07-08 21:00:00"
"RocketReports","MINT0615",20.0000,1,0,0,1,0.0000,0,0,0,0,0.0000,0,0,0,0,0.0000,0,0,0,0,0.0000,0,0,0,0,"2021-07-08 21:00:00"
"RocketReports","MINT0707",20.0000,322,0,297,25,0.0000,0,0,0,0,0.0000,0,0,0,0,0.0000,0,0,0,0,0.0000,0,0,0,0,"2021-07-08 21:00:00"
"RocketReports","MINT0709",20.0000,927,0,925,2,0.0000,0,0,0,0,0.0000,0,0,0,0,0.0000,0,0,0,0,0.0000,0,0,0,0,"2021-07-08 21:00:00"
"RocketReports","MINT0820",20.0000,100,0,100,0,0.0000,0,0,0,0,0.0000,0,0,0,0,0.0000,0,0,0,0,0.0000,0,0,0,0,"2021-07-08 21:00:00"
"RocketReports","MINT0900",20.0000,85,0,9,76,0.0000,0,0,0,0,0.0000,0,0,0,0,0.0000,0,0,0,0,0.0000,0,0,0,0,"2021-07-08 21:00:00"
"RocketReports","MINT0901",20.0000,100,0,50,50,0.0000,0,0,0,0,0.0000,0,0,0,0,0.0000,0,0,0,0,0.0000,0,0,0,0,"2021-07-08 21:00:00"
"RocketReports","MINT0902",20.0000,100,0,31,69,0.0000,0,0,0,0,0.0000,0,0,0,0,0.0000,0,0,0,0,0.0000,0,0,0,0,"2021-07-08 21:00:00"
"RocketReports","MINT0903",20.0000,105,0,52,53,0.0000,0,0,0,0,0.0000,0,0,0,0,0.0000,0,0,0,0,0.0000,0,0,0,0,"2021-07-08 21:00:00"
"RocketReports","MINT0904",20.0000,1,0,0,1,0.0000,0,0,0,0,0.0000,0,0,0,0,0.0000,0,0,0,0,0.0000,0,0,0,0,"2021-07-08 21:00:00"
"RocketReports","MINT0905",20.0000,100,0,75,25,0.0000,0,0,0,0,0.0000,0,0,0,0,0.0000,0,0,0,0,0.0000,0,0,0,0,"2021-07-08 21:00:00"
"RocketReports","MINT0906",20.0000,101,0,96,5,0.0000,0,0,0,0,0.0000,0,0,0,0,0.0000,0,0,0,0,0.0000,0,0,0,0,"2021-07-08 21:00:00"
"RocketReports","MINT0907",20.0000,83,0,1,82,0.0000,0,0,0,0,0.0000,0,0,0,0,0.0000,0,0,0,0,0.0000,0,0,0,0,"2021-07-08 21:00:00"
"RocketReports","MINT0908",20.0000,128,0,113,15,0.0000,0,0,0,0,0.0000,0,0,0,0,0.0000,0,0,0,0,0.0000,0,0,0,0,"2021-07-08 21:00:00"
"RocketReports","MINT0909",20.0000,143,0,61,82,0.0000,0,0,0,0,0.0000,0,0,0,0,0.0000,0,0,0,0,0.0000,0,0,0,0,"2021-07-08 21:00:00"
"RocketReports","MINT0910",20.0000,130,0,54,76,0.0000,0,0,0,0,0.0000,0,0,0,0,0.0000,0,0,0,0,0.0000,0,0,0,0,"2021-07-08 21:00:00"
"RocketReports","MINT0912",20.0000,188,0,45,143,0.0000,0,0,0,0,0.0000,0,0,0,0,0.0000,0,0,0,0,0.0000,0,0,0,0,"2021-07-08 21:00:00"
"RocketReports","MINT0913",20.0000,416,0,0,416,0.0000,0,0,0,0,0.0000,0,0,0,0,0.0000,0,0,0,0,0.0000,0,0,0,0,"2021-07-08 21:00:00"
"RocketReports","MINT0914",20.0000,89,0,31,58,0.0000,0,0,0,0,0.0000,0,0,0,0,0.0000,0,0,0,0,0.0000,0,0,0,0,"2021-07-08 21:00:00"
"RocketReports","MINT0915",20.0000,213,0,160,53,0.0000,0,0,0,0,0.0000,0,0,0,0,0.0000,0,0,0,0,0.0000,0,0,0,0,"2021-07-08 21:00:00"
"RocketReports","MINT0916",20.0000,205,0,3,202,0.0000,0,0,0,0,0.0000,0,0,0,0,0.0000,0,0,0,0,0.0000,0,0,0,0,"2021-07-08 21:00:00"
"RocketReports","MINT0917",20.0000,82,0,0,82,0.0000,0,0,0,0,0.0000,0,0,0,0,0.0000,0,0,0,0,0.0000,0,0,0,0,"2021-07-08 21:00:00"
"RocketReports","MINT0918",20.0000,100,0,57,43,0.0000,0,0,0,0,0.0000,0,0,0,0,0.0000,0,0,0,0,0.0000,0,0,0,0,"2021-07-08 21:00:00"
"RocketReports","MINT0919",20.0000,900,0,40,860,0.0000,0,0,0,0,0.0000,0,0,0,0,0.0000,0,0,0,0,0.0000,0,0,0,0,"2021-07-08 21:00:00"
"RocketReports","MINT0920",20.0000,183,0,120,63,0.0000,0,0,0,0,0.0000,0,0,0,0,0.0000,0,0,0,0,0.0000,0,0,0,0,"2021-07-08 21:00:00"
"RocketReports","MINT0921",20.0000,107,0,4,103,0.0000,0,0,0,0,0.0000,0,0,0,0,0.0000,0,0,0,0,0.0000,0,0,0,0,"2021-07-08 21:00:00"
"RocketReports","MINT0922",20.0000,6081,0,5957,124,0.0000,0,0,0,0,0.0000,0,0,0,0,0.0000,0,0,0,0,0.0000,0,0,0,0,"2021-07-08 21:00:00"
"RocketReports","MINT0923",20.0000,104,0,41,63,0.0000,0,0,0,0,0.0000,0,0,0,0,0.0000,0,0,0,0,0.0000,0,0,0,0,"2021-07-08 21:00:00"
"RocketReports","MINT0924",20.0000,1,0,0,1,0.0000,0,0,0,0,0.0000,0,0,0,0,0.0000,0,0,0,0,0.0000,0,0,0,0,"2021-07-08 21:00:00"
"RocketReports","MINT0925",20.0000,148,0,0,148,0.0000,0,0,0,0,0.0000,0,0,0,0,0.0000,0,0,0,0,0.0000,0,0,0,0,"2021-07-08 21:00:00"
"RocketReports","MINT0926",20.0000,100,0,0,100,0.0000,0,0,0,0,0.0000,0,0,0,0,0.0000,0,0,0,0,0.0000,0,0,0,0,"2021-07-08 21:00:00"
"RocketReports","MINT1000",20.0000,299,0,283,16,0.0000,0,0,0,0,0.0000,0,0,0,0,0.0000,0,0,0,0,0.0000,0,0,0,0,"2021-07-08 21:00:00"
"RocketReports","MINT1001",20.0000,343,0,343,0,0.0000,0,0,0,0,0.0000,0,0,0,0,0.0000,0,0,0,0,0.0000,0,0,0,0,"2021-07-08 21:00:00"
"RocketReports","MINT1002",20.0000,310,0,165,145,0.0000,0,0,0,0,0.0000,0,0,0,0,0.0000,0,0,0,0,0.0000,0,0,0,0,"2021-07-08 21:00:00"
"RocketReports","MINT1003",20.0000,98,0,82,16,0.0000,0,0,0,0,0.0000,0,0,0,0,0.0000,0,0,0,0,0.0000,0,0,0,0,"2021-07-08 21:00:00"
"RocketReports","MINT1004",20.0000,631,0,631,0,0.0000,0,0,0,0,0.0000,0,0,0,0,0.0000,0,0,0,0,0.0000,0,0,0,0,"2021-07-08 21:00:00"
"RocketReports","MINT1006",20.0000,200,0,200,0,0.0000,0,0,0,0,0.0000,0,0,0,0,0.0000,0,0,0,0,0.0000,0,0,0,0,"2021-07-08 21:00:00"
"RocketReports","MINT1007",20.0000,500,0,0,500,0.0000,0,0,0,0,0.0000,0,0,0,0,0.0000,0,0,0,0,0.0000,0,0,0,0,"2021-07-08 21:00:00"
"RocketReports","MINT1009",20.0000,2,0,0,2,0.0000,0,0,0,0,0.0000,0,0,0,0,0.0000,0,0,0,0,0.0000,0,0,0,0,"2021-07-08 21:00:00"
"RocketReports","MINT1010",20.0000,0,0,0,0,0.0000,0,0,0,0,0.0000,0,0,0,0,0.0000,0,0,0,0,0.0000,0,0,0,0,"2021-07-08 21:00:00"
"RocketReports","MINT1011",20.0000,150,0,20,130,0.0000,0,0,0,0,0.0000,0,0,0,0,0.0000,0,0,0,0,0.0000,0,0,0,0,"2021-07-08 21:00:00"
"RocketReports","MINT1012",20.0000,6337,0,6145,192,0.0000,0,0,0,0,0.0000,0,0,0,0,0.0000,0,0,0,0,0.0000,0,0,0,0,"2021-07-08 21:00:00"
"RocketReports","MINT1014",20.0000,2898,0,2873,25,0.0000,0,0,0,0,0.0000,0,0,0,0,0.0000,0,0,0,0,0.0000,0,0,0,0,"2021-07-08 21:00:00"
"RocketReports","MINT1015",20.0000,200,0,35,165,0.0000,0,0,0,0,0.0000,0,0,0,0,0.0000,0,0,0,0,0.0000,0,0,0,0,"2021-07-08 21:00:00"
"RocketReports","MINT1016",20.0000,302,0,155,147,0.0000,0,0,0,0,0.0000,0,0,0,0,0.0000,0,0,0,0,0.0000,0,0,0,0,"2021-07-08 21:00:00"
"RocketReports","MINT1017",20.0000,150,0,28,122,0.0000,0,0,0,0,0.0000,0,0,0,0,0.0000,0,0,0,0,0.0000,0,0,0,0,"2021-07-08 21:00:00"
"RocketReports","MINT1018",20.0000,100,0,10,90,0.0000,0,0,0,0,0.0000,0,0,0,0,0.0000,0,0,0,0,0.0000,0,0,0,0,"2021-07-08 21:00:00"
"RocketReports","MINT1019",20.0000,150,0,107,43,0.0000,0,0,0,0,0.0000,0,0,0,0,0.0000,0,0,0,0,0.0000,0,0,0,0,"2021-07-08 21:00:00"
"RocketReports","MINT1030",20.0000,50,0,0,50,0.0000,0,0,0,0,0.0000,0,0,0,0,0.0000,0,0,0,0,0.0000,0,0,0,0,"2021-07-08 21:00:00"
"RocketReports","MINT1041",20.0000,250,0,100,150,0.0000,0,0,0,0,0.0000,0,0,0,0,0.0000,0,0,0,0,0.0000,0,0,0,0,"2021-07-08 21:00:00"
"RocketReports","MINT1050",20.0000,4116,0,4077,39,0.0000,0,0,0,0,0.0000,0,0,0,0,0.0000,0,0,0,0,0.0000,0,0,0,0,"2021-07-08 21:00:00"
"RocketReports","MINT1061",20.0000,150,0,25,125,0.0000,0,0,0,0,0.0000,0,0,0,0,0.0000,0,0,0,0,0.0000,0,0,0,0,"2021-07-08 21:00:00"
"RocketReports","MINT1062",20.0000,150,0,23,127,0.0000,0,0,0,0,0.0000,0,0,0,0,0.0000,0,0,0,0,0.0000,0,0,0,0,"2021-07-08 21:00:00"
"RocketReports","MINT1063",20.0000,150,0,136,14,0.0000,0,0,0,0,0.0000,0,0,0,0,0.0000,0,0,0,0,0.0000,0,0,0,0,"2021-07-08 21:00:00"
"RocketReports","MINT1066",20.0000,156,0,33,123,0.0000,0,0,0,0,0.0000,0,0,0,0,0.0000,0,0,0,0,0.0000,0,0,0,0,"2021-07-08 21:00:00"
"RocketReports","MINT1067",20.0000,100,0,1,99,0.0000,0,0,0,0,0.0000,0,0,0,0,0.0000,0,0,0,0,0.0000,0,0,0,0,"2021-07-08 21:00:00"
"RocketReports","MINT1068",20.0000,96,0,9,87,0.0000,0,0,0,0,0.0000,0,0,0,0,0.0000,0,0,0,0,0.0000,0,0,0,0,"2021-07-08 21:00:00"
"RocketReports","MINT1069",20.0000,171,0,47,124,0.0000,0,0,0,0,0.0000,0,0,0,0,0.0000,0,0,0,0,0.0000,0,0,0,0,"2021-07-08 21:00:00"
"RocketReports","MINT1070",20.0000,75,0,74,1,0.0000,0,0,0,0,0.0000,0,0,0,0,0.0000,0,0,0,0,0.0000,0,0,0,0,"2021-07-08 21:00:00"
"RocketReports","MINT1071",20.0000,106,0,40,66,0.0000,0,0,0,0,0.0000,0,0,0,0,0.0000,0,0,0,0,0.0000,0,0,0,0,"2021-07-08 21:00:00"
"RocketReports","MINT1072",20.0000,90,0,55,35,0.0000,0,0,0,0,0.0000,0,0,0,0,0.0000,0,0,0,0,0.0000,0,0,0,0,"2021-07-08 21:00:00"
"RocketReports","MINT1073",20.0000,134,0,79,55,0.0000,0,0,0,0,0.0000,0,0,0,0,0.0000,0,0,0,0,0.0000,0,0,0,0,"2021-07-08 21:00:00"
"RocketReports","MINT1074",20.0000,6297,0,6268,29,0.0000,0,0,0,0,0.0000,0,0,0,0,0.0000,0,0,0,0,0.0000,0,0,0,0,"2021-07-08 21:00:00"
"RocketReports","MINT1075",20.0000,400,0,4,396,0.0000,0,0,0,0,0.0000,0,0,0,0,0.0000,0,0,0,0,0.0000,0,0,0,0,"2021-07-08 21:00:00"
"RocketReports","MINT1076",20.0000,500,0,12,488,0.0000,0,0,0,0,0.0000,0,0,0,0,0.0000,0,0,0,0,0.0000,0,0,0,0,"2021-07-08 21:00:00"
"RocketReports","MINT1077",20.0000,500,0,486,14,0.0000,0,0,0,0,0.0000,0,0,0,0,0.0000,0,0,0,0,0.0000,0,0,0,0,"2021-07-08 21:00:00"
"RocketReports","MINT1078",20.0000,1054,0,967,87,0.0000,0,0,0,0,0.0000,0,0,0,0,0.0000,0,0,0,0,0.0000,0,0,0,0,"2021-07-08 21:00:00"
"RocketReports","MINT1079",20.0000,5,0,0,5,0.0000,0,0,0,0,0.0000,0,0,0,0,0.0000,0,0,0,0,0.0000,0,0,0,0,"2021-07-08 21:00:00"
"RocketReports","MINT1080",20.0000,1706,0,1670,36,0.0000,0,0,0,0,0.0000,0,0,0,0,0.0000,0,0,0,0,0.0000,0,0,0,0,"2021-07-08 21:00:00"
"RocketReports","MINT1081",20.0000,45,0,12,33,0.0000,0,0,0,0,0.0000,0,0,0,0,0.0000,0,0,0,0,0.0000,0,0,0,0,"2021-07-08 21:00:00"
"RocketReports","MINT1082",20.0000,50,0,0,50,0.0000,0,0,0,0,0.0000,0,0,0,0,0.0000,0,0,0,0,0.0000,0,0,0,0,"2021-07-08 21:00:00"
"RocketReports","MINT1083",20.0000,184,0,52,132,0.0000,0,0,0,0,0.0000,0,0,0,0,0.0000,0,0,0,0,0.0000,0,0,0,0,"2021-07-08 21:00:00"
"RocketReports","MINT1084",20.0000,111,0,62,49,0.0000,0,0,0,0,0.0000,0,0,0,0,0.0000,0,0,0,0,0.0000,0,0,0,0,"2021-07-08 21:00:00"
"RocketReports","MINT1085",20.0000,300,0,93,207,0.0000,0,0,0,0,0.0000,0,0,0,0,0.0000,0,0,0,0,0.0000,0,0,0,0,"2021-07-08 21:00:00"
"RocketReports","MINT1086",20.0000,300,0,128,172,0.0000,0,0,0,0,0.0000,0,0,0,0,0.0000,0,0,0,0,0.0000,0,0,0,0,"2021-07-08 21:00:00"
"RocketReports","MINT1087",20.0000,350,0,25,325,0.0000,0,0,0,0,0.0000,0,0,0,0,0.0000,0,0,0,0,0.0000,0,0,0,0,"2021-07-08 21:00:00"
"RocketReports","MINT1090",20.0000,10,0,0,10,0.0000,0,0,0,0,0.0000,0,0,0,0,0.0000,0,0,0,0,0.0000,0,0,0,0,"2021-07-08 21:00:00"
"RocketReports","MINT1091",20.0000,325,0,199,126,0.0000,0,0,0,0,0.0000,0,0,0,0,0.0000,0,0,0,0,0.0000,0,0,0,0,"2021-07-08 21:00:00"
"RocketReports","MINT1092",20.0000,100,0,0,100,0.0000,0,0,0,0,0.0000,0,0,0,0,0.0000,0,0,0,0,0.0000,0,0,0,0,"2021-07-08 21:00:00"
"RocketReports","MINT1093",20.0000,500,0,62,438,0.0000,0,0,0,0,0.0000,0,0,0,0,0.0000,0,0,0,0,0.0000,0,0,0,0,"2021-07-08 21:00:00"
"RocketReports","MINT1094",20.0000,100,0,8,92,0.0000,0,0,0,0,0.0000,0,0,0,0,0.0000,0,0,0,0,0.0000,0,0,0,0,"2021-07-08 21:00:00"
"RocketReports","MINT2000",20.0000,12,0,11,1,0.0000,0,0,0,0,0.0000,0,0,0,0,0.0000,0,0,0,0,0.0000,0,0,0,0,"2021-07-08 21:00:00"
"RocketReports","MINT3000",20.0000,180,0,22,158,0.0000,0,0,0,0,0.0000,0,0,0,0,0.0000,0,0,0,0,0.0000,0,0,0,0,"2021-07-08 21:00:00"
"RocketReports","MINT3001",20.0000,179,0,9,170,0.0000,0,0,0,0,0.0000,0,0,0,0,0.0000,0,0,0,0,0.0000,0,0,0,0,"2021-07-08 21:00:00"
"RocketReports","MINT3002",20.0000,150,0,125,25,0.0000,0,0,0,0,0.0000,0,0,0,0,0.0000,0,0,0,0,0.0000,0,0,0,0,"2021-07-08 21:00:00"
"RocketReports","MINT3003",20.0000,110,0,107,3,0.0000,0,0,0,0,0.0000,0,0,0,0,0.0000,0,0,0,0,0.0000,0,0,0,0,"2021-07-08 21:00:00"
"RocketReports","MINT4000",20.0000,6577,0,6332,245,0.0000,0,0,0,0,0.0000,0,0,0,0,0.0000,0,0,0,0,0.0000,0,0,0,0,"2021-07-08 21:00:00"
"RocketReports","MINT4001",20.0000,311,0,137,174,0.0000,0,0,0,0,0.0000,0,0,0,0,0.0000,0,0,0,0,0.0000,0,0,0,0,"2021-07-08 21:00:00"
"RocketReports","MINT4002",20.0000,100,0,65,35,0.0000,0,0,0,0,0.0000,0,0,0,0,0.0000,0,0,0,0,0.0000,0,0,0,0,"2021-07-08 21:00:00"
"RocketReports","MINT4003",20.0000,411,0,183,228,0.0000,0,0,0,0,0.0000,0,0,0,0,0.0000,0,0,0,0,0.0000,0,0,0,0,"2021-07-08 21:00:00"
"RocketReports","MINT4004",20.0000,239,0,0,239,0.0000,0,0,0,0,0.0000,0,0,0,0,0.0000,0,0,0,0,0.0000,0,0,0,0,"2021-07-08 21:00:00"
"RocketReports","MINT4005",20.0000,1027,0,882,145,0.0000,0,0,0,0,0.0000,0,0,0,0,0.0000,0,0,0,0,0.0000,0,0,0,0,"2021-07-08 21:00:00"
"RocketReports","MINT4006",20.0000,240,0,18,222,0.0000,0,0,0,0,0.0000,0,0,0,0,0.0000,0,0,0,0,0.0000,0,0,0,0,"2021-07-08 21:00:00"
"RocketReports","MINT4007",20.0000,1,0,0,1,0.0000,0,0,0,0,0.0000,0,0,0,0,0.0000,0,0,0,0,0.0000,0,0,0,0,"2021-07-08 21:00:00"
"RocketReports","MINT4008",20.0000,50,0,0,50,0.0000,0,0,0,0,0.0000,0,0,0,0,0.0000,0,0,0,0,0.0000,0,0,0,0,"2021-07-08 21:00:00"
"RocketReports","MINT4009",20.0000,1349,0,651,698,0.0000,0,0,0,0,0.0000,0,0,0,0,0.0000,0,0,0,0,0.0000,0,0,0,0,"2021-07-08 21:00:00"
"RocketReports","MINT4010",20.0000,2146,0,1741,405,0.0000,0,0,0,0,0.0000,0,0,0,0,0.0000,0,0,0,0,0.0000,0,0,0,0,"2021-07-08 21:00:00"
"RocketReports","MINT4011",20.0000,544,0,0,544,0.0000,0,0,0,0,0.0000,0,0,0,0,0.0000,0,0,0,0,0.0000,0,0,0,0,"2021-07-08 21:00:00"
"RocketReports","MINT4012",20.0000,1246,0,1245,1,0.0000,0,0,0,0,0.0000,0,0,0,0,0.0000,0,0,0,0,0.0000,0,0,0,0,"2021-07-08 21:00:00"
"RocketReports","MINT4013",20.0000,25,0,0,25,0.0000,0,0,0,0,0.0000,0,0,0,0,0.0000,0,0,0,0,0.0000,0,0,0,0,"2021-07-08 21:00:00"
"RocketReports","MINT4014",20.0000,422,0,180,242,0.0000,0,0,0,0,0.0000,0,0,0,0,0.0000,0,0,0,0,0.0000,0,0,0,0,"2021-07-08 21:00:00"
"RocketReports","MINT4015",20.0000,446,0,200,246,0.0000,0,0,0,0,0.0000,0,0,0,0,0.0000,0,0,0,0,0.0000,0,0,0,0,"2021-07-08 21:00:00"
"RocketReports","MINT4016",20.0000,100,0,18,82,0.0000,0,0,0,0,0.0000,0,0,0,0,0.0000,0,0,0,0,0.0000,0,0,0,0,"2021-07-08 21:00:00"
"RocketReports","MINT4018",20.0000,166,0,7,159,0.0000,0,0,0,0,0.0000,0,0,0,0,0.0000,0,0,0,0,0.0000,0,0,0,0,"2021-07-08 21:00:00"
"RocketReports","MINT4019",20.0000,98,0,73,25,0.0000,0,0,0,0,0.0000,0,0,0,0,0.0000,0,0,0,0,0.0000,0,0,0,0,"2021-07-08 21:00:00"
"RocketReports","MINT4020",20.0000,83,0,83,0,0.0000,0,0,0,0,0.0000,0,0,0,0,0.0000,0,0,0,0,0.0000,0,0,0,0,"2021-07-08 21:00:00"
"RocketReports","MINT4021",20.0000,509,0,448,61,0.0000,0,0,0,0,0.0000,0,0,0,0,0.0000,0,0,0,0,0.0000,0,0,0,0,"2021-07-08 21:00:00"
"RocketReports","MINT4022",20.0000,683,0,103,580,0.0000,0,0,0,0,0.0000,0,0,0,0,0.0000,0,0,0,0,0.0000,0,0,0,0,"2021-07-08 21:00:00"
"RocketReports","MINT4023",20.0000,222,0,219,3,0.0000,0,0,0,0,0.0000,0,0,0,0,0.0000,0,0,0,0,0.0000,0,0,0,0,"2021-07-08 21:00:00"
"RocketReports","MINT4024",20.0000,927,0,697,230,0.0000,0,0,0,0,0.0000,0,0,0,0,0.0000,0,0,0,0,0.0000,0,0,0,0,"2021-07-08 21:00:00"
"RocketReports","MINT4025",20.0000,5101,0,4526,575,0.0000,0,0,0,0,0.0000,0,0,0,0,0.0000,0,0,0,0,0.0000,0,0,0,0,"2021-07-08 21:00:00"
"RocketReports","MINT4026",20.0000,204,0,106,98,0.0000,0,0,0,0,0.0000,0,0,0,0,0.0000,0,0,0,0,0.0000,0,0,0,0,"2021-07-08 21:00:00"
"RocketReports","MINT4027",20.0000,250,0,12,238,0.0000,0,0,0,0,0.0000,0,0,0,0,0.0000,0,0,0,0,0.0000,0,0,0,0,"2021-07-08 21:00:00"
"RocketReports","MINT4028",20.0000,96,0,21,75,0.0000,0,0,0,0,0.0000,0,0,0,0,0.0000,0,0,0,0,0.0000,0,0,0,0,"2021-07-08 21:00:00"
"RocketReports","MINT4029",20.0000,250,0,0,250,0.0000,0,0,0,0,0.0000,0,0,0,0,0.0000,0,0,0,0,0.0000,0,0,0,0,"2021-07-08 21:00:00"
"RocketReports","MINT4030",20.0000,197,0,185,12,0.0000,0,0,0,0,0.0000,0,0,0,0,0.0000,0,0,0,0,0.0000,0,0,0,0,"2021-07-08 21:00:00"
"RocketReports","MINT4031",20.0000,5862,0,5506,356,0.0000,0,0,0,0,0.0000,0,0,0,0,0.0000,0,0,0,0,0.0000,0,0,0,0,"2021-07-08 21:00:00"
"RocketReports","MINT4032",20.0000,94,0,88,6,0.0000,0,0,0,0,0.0000,0,0,0,0,0.0000,0,0,0,0,0.0000,0,0,0,0,"2021-07-08 21:00:00"
"RocketReports","MINT4033",20.0000,462,0,209,253,0.0000,0,0,0,0,0.0000,0,0,0,0,0.0000,0,0,0,0,0.0000,0,0,0,0,"2021-07-08 21:00:00"
"RocketReports","MINT4034",20.0000,25,0,25,0,0.0000,0,0,0,0,0.0000,0,0,0,0,0.0000,0,0,0,0,0.0000,0,0,0,0,"2021-07-08 21:00:00"
"RocketReports","MINT4035",20.0000,157,0,49,108,0.0000,0,0,0,0,0.0000,0,0,0,0,0.0000,0,0,0,0,0.0000,0,0,0,0,"2021-07-08 21:00:00"
"RocketReports","MINT4036",20.0000,1028,0,994,34,0.0000,0,0,0,0,0.0000,0,0,0,0,0.0000,0,0,0,0,0.0000,0,0,0,0,"2021-07-08 21:00:00"
"RocketReports","MINT4037",20.0000,53,0,53,0,0.0000,0,0,0,0,0.0000,0,0,0,0,0.0000,0,0,0,0,0.0000,0,0,0,0,"2021-07-08 21:00:00"
"RocketReports","MINT5000",20.0000,398,0,204,194,0.0000,0,0,0,0,0.0000,0,0,0,0,0.0000,0,0,0,0,0.0000,0,0,0,0,"2021-07-08 21:00:00"
"RocketReports","MINT5001",20.0000,284,0,217,67,0.0000,0,0,0,0,0.0000,0,0,0,0,0.0000,0,0,0,0,0.0000,0,0,0,0,"2021-07-08 21:00:00"
"RocketReports","MINT5002",20.0000,310,0,181,129,0.0000,0,0,0,0,0.0000,0,0,0,0,0.0000,0,0,0,0,0.0000,0,0,0,0,"2021-07-08 21:00:00"
"RocketReports","MINT5003",20.0000,58,0,19,39,0.0000,0,0,0,0,0.0000,0,0,0,0,0.0000,0,0,0,0,0.0000,0,0,0,0,"2021-07-08 21:00:00"
"RocketReports","MINT5004",20.0000,72,0,49,23,0.0000,0,0,0,0,0.0000,0,0,0,0,0.0000,0,0,0,0,0.0000,0,0,0,0,"2021-07-08 21:00:00"
"RocketReports","MINT5005",20.0000,148,0,105,43,0.0000,0,0,0,0,0.0000,0,0,0,0,0.0000,0,0,0,0,0.0000,0,0,0,0,"2021-07-08 21:00:00"
"RocketReports","MINT5006",20.0000,50,0,20,30,0.0000,0,0,0,0,0.0000,0,0,0,0,0.0000,0,0,0,0,0.0000,0,0,0,0,"2021-07-08 21:00:00"
"RocketReports","MINT5007",20.0000,113,0,0,113,0.0000,0,0,0,0,0.0000,0,0,0,0,0.0000,0,0,0,0,0.0000,0,0,0,0,"2021-07-08 21:00:00"
"RocketReports","MINT9997",20.0000,50,0,0,50,0.0000,0,0,0,0,0.0000,0,0,0,0,0.0000,0,0,0,0,0.0000,0,0,0,0,"2021-07-08 21:00:00"
"RocketReports","MINT9998",20.0000,50,0,0,50,0.0000,0,0,0,0,0.0000,0,0,0,0,0.0000,0,0,0,0,0.0000,0,0,0,0,"2021-07-08 21:00:00"
"RocketReports","MINT9999",20.0000,50,0,0,50,0.0000,0,0,0,0,0.0000,0,0,0,0,0.0000,0,0,0,0,0.0000,0,0,0,0,"2021-07-08 21:00:00"
"RocketReports","MINT9999",0.0000,0,0,0,0,20.0000,100,0,0,100,0.0000,0,0,0,0,0.0000,0,0,0,0,0.0000,0,0,0,0,"2021-07-08 21:00:00"
"RocketReports","MINTHI11",20.0000,499,0,139,360,0.0000,0,0,0,0,0.0000,0,0,0,0,0.0000,0,0,0,0,0.0000,0,0,0,0,"2021-07-08 21:00:00"
"RocketReports","MINTHI21",20.0000,400,0,49,351,0.0000,0,0,0,0,0.0000,0,0,0,0,0.0000,0,0,0,0,0.0000,0,0,0,0,"2021-07-08 21:00:00"
"RocketReports","MINTHI21",0.0000,0,0,0,0,20.0000,400,0,57,343,0.0000,0,0,0,0,0.0000,0,0,0,0,0.0000,0,0,0,0,"2021-07-08 21:00:00"
"RocketReports","MINTHI31",20.0000,500,0,45,455,0.0000,0,0,0,0,0.0000,0,0,0,0,0.0000,0,0,0,0,0.0000,0,0,0,0,"2021-07-08 21:00:00"
"RocketReports","MINTHI31",0.0000,0,0,0,0,20.0000,500,0,50,450,0.0000,0,0,0,0,0.0000,0,0,0,0,0.0000,0,0,0,0,"2021-07-08 21:00:00"
"RocketReports","MINTHI32",20.0000,391,0,35,356,0.0000,0,0,0,0,0.0000,0,0,0,0,0.0000,0,0,0,0,0.0000,0,0,0,0,"2021-07-08 21:00:00"
"RocketReports","MINTHI41",20.0000,700,0,152,548,0.0000,0,0,0,0,0.0000,0,0,0,0,0.0000,0,0,0,0,0.0000,0,0,0,0,"2021-07-08 21:00:00"
"RocketReports","MINTHI42",20.0000,119,0,64,55,0.0000,0,0,0,0,0.0000,0,0,0,0,0.0000,0,0,0,0,0.0000,0,0,0,0,"2021-07-08 21:00:00"
"RocketReports","MINTHI51",20.0000,370,0,0,370,0.0000,0,0,0,0,0.0000,0,0,0,0,0.0000,0,0,0,0,0.0000,0,0,0,0,"2021-07-08 21:00:00"
"RocketReports","MINTHI51",0.0000,0,0,0,0,20.0000,500,0,3,497,0.0000,0,0,0,0,0.0000,0,0,0,0,0.0000,0,0,0,0,"2021-07-08 21:00:00"
"RocketReports","MINTHI52",20.0000,250,0,140,110,0.0000,0,0,0,0,0.0000,0,0,0,0,0.0000,0,0,0,0,0.0000,0,0,0,0,"2021-07-08 21:00:00"
"RocketReports","MINTHI61",20.0000,286,0,29,257,0.0000,0,0,0,0,0.0000,0,0,0,0,0.0000,0,0,0,0,0.0000,0,0,0,0,"2021-07-08 21:00:00"
"RocketReports","MINTHI61",0.0000,0,0,0,0,20.0000,287,0,30,257,0.0000,0,0,0,0,0.0000,0,0,0,0,0.0000,0,0,0,0,"2021-07-08 21:00:00"
"RocketReports","MINTHI62",20.0000,731,0,333,398,0.0000,0,0,0,0,0.0000,0,0,0,0,0.0000,0,0,0,0,0.0000,0,0,0,0,"2021-07-08 21:00:00"
"RocketReports","MINTHI71",20.0000,1980,0,1965,15,0.0000,0,0,0,0,0.0000,0,0,0,0,0.0000,0,0,0,0,0.0000,0,0,0,0,"2021-07-08 21:00:00"
"RocketReports","MINTHI71",0.0000,0,0,0,0,20.0000,0,0,0,0,0.0000,0,0,0,0,0.0000,0,0,0,0,0.0000,0,0,0,0,"2021-07-08 21:00:00"
"RocketReports","MINTPLB1",20.0000,250,0,34,216,0.0000,0,0,0,0,0.0000,0,0,0,0,0.0000,0,0,0,0,0.0000,0,0,0,0,"2021-07-08 21:00:00"
"RocketReports","MINTPLB2",20.0000,150,0,16,134,0.0000,0,0,0,0,0.0000,0,0,0,0,0.0000,0,0,0,0,0.0000,0,0,0,0,"2021-07-08 21:00:00"
"RocketReports","MINTPLB3",20.0000,300,0,64,236,0.0000,0,0,0,0,0.0000,0,0,0,0,0.0000,0,0,0,0,0.0000,0,0,0,0,"2021-07-08 21:00:00"
"RocketReports","MINTPLB4",20.0000,250,0,67,183,0.0000,0,0,0,0,0.0000,0,0,0,0,0.0000,0,0,0,0,0.0000,0,0,0,0,"2021-07-08 21:00:00"
"RocketReports","MINTPLB5",20.0000,250,0,57,193,0.0000,0,0,0,0,0.0000,0,0,0,0,0.0000,0,0,0,0,0.0000,0,0,0,0,"2021-07-08 21:00:00"
"RocketReports","MINTPMH1",20.0000,450,0,307,143,0.0000,0,0,0,0,0.0000,0,0,0,0,0.0000,0,0,0,0,0.0000,0,0,0,0,"2021-07-08 21:00:00"
"RocketReports","MINTPMH2",20.0000,544,0,343,201,0.0000,0,0,0,0,0.0000,0,0,0,0,0.0000,0,0,0,0,0.0000,0,0,0,0,"2021-07-08 21:00:00"
"RocketReports","MINTPMH3",20.0000,250,0,85,165,0.0000,0,0,0,0,0.0000,0,0,0,0,0.0000,0,0,0,0,0.0000,0,0,0,0,"2021-07-08 21:00:00"
"RocketReports","TNS5GBZ3",20.0000,577,0,328,249,0.0000,0,0,0,0,0.0000,0,0,0,0,0.0000,0,0,0,0,0.0000,0,0,0,0,"2021-07-08 21:00:00"
"RocketReports","TNS5GBZ4",20.0000,213,0,115,98,0.0000,0,0,0,0,0.0000,0,0,0,0,0.0000,0,0,0,0,0.0000,0,0,0,0,"2021-07-08 21:00:00"
