"RocketReports","MINT0009",49,40,0.8163,9,0.1836,4,0,3,0,0,0,2
"RocketReports","MINT0025",2,1,0.5000,1,0.5000,0,0,0,0,0,0,1
"RocketReports","MINT0026",4,2,0.5000,2,0.5000,1,0,1,0,0,0,0
"RocketReports","MINT0027",2,2,1.0000,0,0.0000,0,0,0,0,0,0,0
"RocketReports","MINT0032",3,3,1.0000,0,0.0000,0,0,0,0,0,0,0
"RocketReports","MINT0034",3,3,1.0000,0,0.0000,0,0,0,0,0,0,0
"RocketReports","MINT0041",4,4,1.0000,0,0.0000,0,0,0,0,0,0,0
"RocketReports","MINT0042",18,12,0.6666,6,0.3333,4,0,0,0,0,0,2
"RocketReports","MINT0044",1,1,1.0000,0,0.0000,0,0,0,0,0,0,0
"RocketReports","MINT0049",4,4,1.0000,0,0.0000,0,0,0,0,0,0,0
"RocketReports","MINT0050",2,2,1.0000,0,0.0000,0,0,0,0,0,0,0
"RocketReports","MINT0052",1,1,1.0000,0,0.0000,0,0,0,0,0,0,0
"RocketReports","MINT0054",1,1,1.0000,0,0.0000,0,0,0,0,0,0,0
"RocketReports","MINT0056",3,3,1.0000,0,0.0000,0,0,0,0,0,0,0
"RocketReports","MINT0058",1,1,1.0000,0,0.0000,0,0,0,0,0,0,0
"RocketReports","MINT0059",6,6,1.0000,0,0.0000,0,0,0,0,0,0,0
"RocketReports","MINT0062",21,19,0.9047,2,0.0952,1,1,0,0,0,0,0
"RocketReports","MINT0063",3,2,0.6666,1,0.3333,0,0,0,0,0,0,1
"RocketReports","MINT0065",2,2,1.0000,0,0.0000,0,0,0,0,0,0,0
"RocketReports","MINT0067",1,1,1.0000,0,0.0000,0,0,0,0,0,0,0
"RocketReports","MINT0068",7,5,0.7142,2,0.2857,0,0,1,0,0,0,1
"RocketReports","MINT0069",29,26,0.8965,3,0.1034,1,0,0,0,0,0,2
"RocketReports","MINT0101",8,8,1.0000,0,0.0000,0,0,0,0,0,0,0
"RocketReports","MINT0104",2,2,1.0000,0,0.0000,0,0,0,0,0,0,0
"RocketReports","MINT0106",1,1,1.0000,0,0.0000,0,0,0,0,0,0,0
"RocketReports","MINT0107",4,3,0.7500,1,0.2500,1,0,0,0,0,0,0
"RocketReports","MINT0108",5,5,1.0000,0,0.0000,0,0,0,0,0,0,0
"RocketReports","MINT0109",4,3,0.7500,1,0.2500,1,0,0,0,0,0,0
"RocketReports","MINT0110",2,2,1.0000,0,0.0000,0,0,0,0,0,0,0
"RocketReports","MINT0111",1,1,1.0000,0,0.0000,0,0,0,0,0,0,0
"RocketReports","MINT0115",1,1,1.0000,0,0.0000,0,0,0,0,0,0,0
"RocketReports","MINT0116",7,6,0.8571,1,0.1428,1,0,0,0,0,0,0
"RocketReports","MINT0118",2,2,1.0000,0,0.0000,0,0,0,0,0,0,0
"RocketReports","MINT0120",2,2,1.0000,0,0.0000,0,0,0,0,0,0,0
"RocketReports","MINT0121",5,5,1.0000,0,0.0000,0,0,0,0,0,0,0
"RocketReports","MINT0123",2,2,1.0000,0,0.0000,0,0,0,0,0,0,0
"RocketReports","MINT0124",3,2,0.6666,1,0.3333,0,0,0,0,0,0,1
"RocketReports","MINT0125",14,13,0.9285,1,0.0714,0,0,0,0,0,0,1
"RocketReports","MINT0126",3,3,1.0000,0,0.0000,0,0,0,0,0,0,0
"RocketReports","MINT0127",4,4,1.0000,0,0.0000,0,0,0,0,0,0,0
"RocketReports","MINT0130",2,2,1.0000,0,0.0000,0,0,0,0,0,0,0
"RocketReports","MINT0133",1,1,1.0000,0,0.0000,0,0,0,0,0,0,0
"RocketReports","MINT0135",10,9,0.9000,1,0.1000,1,0,0,0,0,0,0
"RocketReports","MINT0136",1,1,1.0000,0,0.0000,0,0,0,0,0,0,0
"RocketReports","MINT0137",8,6,0.7500,2,0.2500,2,0,0,0,0,0,0
"RocketReports","MINT0138",8,7,0.8750,1,0.1250,0,0,0,0,0,0,1
"RocketReports","MINT0141",1,1,1.0000,0,0.0000,0,0,0,0,0,0,0
"RocketReports","MINT0142",1,1,1.0000,0,0.0000,0,0,0,0,0,0,0
"RocketReports","MINT0143",1,1,1.0000,0,0.0000,0,0,0,0,0,0,0
"RocketReports","MINT0144",3,3,1.0000,0,0.0000,0,0,0,0,0,0,0
"RocketReports","MINT0145",2,1,0.5000,1,0.5000,0,0,1,0,0,0,0
"RocketReports","MINT0149",2,2,1.0000,0,0.0000,0,0,0,0,0,0,0
"RocketReports","MINT0152",9,9,1.0000,0,0.0000,0,0,0,0,0,0,0
"RocketReports","MINT0153",2,1,0.5000,1,0.5000,0,0,0,0,0,0,1
"RocketReports","MINT0154",15,13,0.8666,2,0.1333,1,1,0,0,0,0,0
"RocketReports","MINT0155",26,24,0.9230,2,0.0769,1,0,0,0,0,0,1
"RocketReports","MINT0156",2,1,0.5000,1,0.5000,0,0,0,0,0,0,1
"RocketReports","MINT0157",1,1,1.0000,0,0.0000,0,0,0,0,0,0,0
"RocketReports","MINT0160",1,0,0.0000,1,1.0000,0,0,0,0,0,0,1
"RocketReports","MINT0163",4,4,1.0000,0,0.0000,0,0,0,0,0,0,0
"RocketReports","MINT0204",1,1,1.0000,0,0.0000,0,0,0,0,0,0,0
"RocketReports","MINT0205",2,2,1.0000,0,0.0000,0,0,0,0,0,0,0
"RocketReports","MINT0208",1,1,1.0000,0,0.0000,0,0,0,0,0,0,0
"RocketReports","MINT0209",4,4,1.0000,0,0.0000,0,0,0,0,0,0,0
"RocketReports","MINT0305",2,1,0.5000,1,0.5000,0,1,0,0,0,0,0
"RocketReports","MINT0350",1,1,1.0000,0,0.0000,0,0,0,0,0,0,0
"RocketReports","MINT0353",22,12,0.5454,10,0.4545,7,2,1,0,0,0,0
"RocketReports","MINT0355",8,8,1.0000,0,0.0000,0,0,0,0,0,0,0
"RocketReports","MINT0356",5,4,0.8000,1,0.2000,1,0,0,0,0,0,0
"RocketReports","MINT0357",2,1,0.5000,1,0.5000,0,0,0,0,0,0,1
"RocketReports","MINT0359",1,1,1.0000,0,0.0000,0,0,0,0,0,0,0
"RocketReports","MINT0360",4,4,1.0000,0,0.0000,0,0,0,0,0,0,0
"RocketReports","MINT0402",5,3,0.6000,2,0.4000,0,0,0,0,0,1,1
"RocketReports","MINT0403",14,9,0.6428,5,0.3571,1,1,0,0,0,0,3
"RocketReports","MINT0406",1,1,1.0000,0,0.0000,0,0,0,0,0,0,0
"RocketReports","MINT0411",3,3,1.0000,0,0.0000,0,0,0,0,0,0,0
"RocketReports","MINT0413",4,1,0.2500,3,0.7500,2,0,0,0,0,1,0
"RocketReports","MINT0414",5,5,1.0000,0,0.0000,0,0,0,0,0,0,0
"RocketReports","MINT0494",6,4,0.6666,2,0.3333,1,0,0,0,0,0,1
"RocketReports","MINT0495",1,1,1.0000,0,0.0000,0,0,0,0,0,0,0
"RocketReports","MINT0497",8,8,1.0000,0,0.0000,0,0,0,0,0,0,0
"RocketReports","MINT0504",1,1,1.0000,0,0.0000,0,0,0,0,0,0,0
"RocketReports","MINT0508",45,40,0.8888,5,0.1111,3,0,0,0,0,0,2
"RocketReports","MINT0519",4,4,1.0000,0,0.0000,0,0,0,0,0,0,0
"RocketReports","MINT0527",4,4,1.0000,0,0.0000,0,0,0,0,0,0,0
"RocketReports","MINT0531",3,3,1.0000,0,0.0000,0,0,0,0,0,0,0
"RocketReports","MINT0532",11,10,0.9090,1,0.0909,1,0,0,0,0,0,0
"RocketReports","MINT0533",7,3,0.4285,4,0.5714,2,0,1,0,0,0,1
"RocketReports","MINT0534",5,5,1.0000,0,0.0000,0,0,0,0,0,0,0
"RocketReports","MINT0535",1,1,1.0000,0,0.0000,0,0,0,0,0,0,0
"RocketReports","MINT0537",5,5,1.0000,0,0.0000,0,0,0,0,0,0,0
"RocketReports","MINT0539",2,1,0.5000,1,0.5000,0,1,0,0,0,0,0
"RocketReports","MINT0540",2,2,1.0000,0,0.0000,0,0,0,0,0,0,0
"RocketReports","MINT0542",1,1,1.0000,0,0.0000,0,0,0,0,0,0,0
"RocketReports","MINT0543",1,1,1.0000,0,0.0000,0,0,0,0,0,0,0
"RocketReports","MINT0545",3,2,0.6666,1,0.3333,0,0,0,0,0,0,1
"RocketReports","MINT0546",8,5,0.6250,3,0.3750,0,0,0,0,0,0,3
"RocketReports","MINT0547",2,2,1.0000,0,0.0000,0,0,0,0,0,0,0
"RocketReports","MINT0550",13,12,0.9230,1,0.0769,0,0,0,0,0,0,1
"RocketReports","MINT0551",2,2,1.0000,0,0.0000,0,0,0,0,0,0,0
"RocketReports","MINT0553",1,1,1.0000,0,0.0000,0,0,0,0,0,0,0
"RocketReports","MINT0554",1,1,1.0000,0,0.0000,0,0,0,0,0,0,0
"RocketReports","MINT0555",4,3,0.7500,1,0.2500,0,0,0,0,0,0,1
"RocketReports","MINT0556",3,3,1.0000,0,0.0000,0,0,0,0,0,0,0
"RocketReports","MINT0557",15,11,0.7333,4,0.2666,0,2,0,0,0,0,2
"RocketReports","MINT0558",3,3,1.0000,0,0.0000,0,0,0,0,0,0,0
"RocketReports","MINT0559",6,5,0.8333,1,0.1666,0,1,0,0,0,0,0
"RocketReports","MINT0561",8,8,1.0000,0,0.0000,0,0,0,0,0,0,0
"RocketReports","MINT0562",9,9,1.0000,0,0.0000,0,0,0,0,0,0,0
"RocketReports","MINT0563",4,4,1.0000,0,0.0000,0,0,0,0,0,0,0
"RocketReports","MINT0564",3,3,1.0000,0,0.0000,0,0,0,0,0,0,0
"RocketReports","MINT0565",1,1,1.0000,0,0.0000,0,0,0,0,0,0,0
"RocketReports","MINT0567",6,6,1.0000,0,0.0000,0,0,0,0,0,0,0
"RocketReports","MINT0570",3,3,1.0000,0,0.0000,0,0,0,0,0,0,0
"RocketReports","MINT0571",1,1,1.0000,0,0.0000,0,0,0,0,0,0,0
"RocketReports","MINT0572",6,6,1.0000,0,0.0000,0,0,0,0,0,0,0
"RocketReports","MINT0574",5,5,1.0000,0,0.0000,0,0,0,0,0,0,0
"RocketReports","MINT0576",3,3,1.0000,0,0.0000,0,0,0,0,0,0,0
"RocketReports","MINT0581",6,6,1.0000,0,0.0000,0,0,0,0,0,0,0
"RocketReports","MINT0582",3,3,1.0000,0,0.0000,0,0,0,0,0,0,0
"RocketReports","MINT0584",11,11,1.0000,0,0.0000,0,0,0,0,0,0,0
"RocketReports","MINT0585",1,1,1.0000,0,0.0000,0,0,0,0,0,0,0
"RocketReports","MINT0588",5,5,1.0000,0,0.0000,0,0,0,0,0,0,0
"RocketReports","MINT0592",4,4,1.0000,0,0.0000,0,0,0,0,0,0,0
"RocketReports","MINT0593",11,8,0.7272,3,0.2727,0,1,0,0,0,0,2
"RocketReports","MINT0594",8,8,1.0000,0,0.0000,0,0,0,0,0,0,0
"RocketReports","MINT0595",5,5,1.0000,0,0.0000,0,0,0,0,0,0,0
"RocketReports","MINT0596",24,18,0.7500,6,0.2500,2,1,2,0,0,0,1
"RocketReports","MINT0598",2,2,1.0000,0,0.0000,0,0,0,0,0,0,0
"RocketReports","MINT0599",22,19,0.8636,3,0.1363,2,0,0,0,0,0,1
"RocketReports","MINT0600",1,1,1.0000,0,0.0000,0,0,0,0,0,0,0
"RocketReports","MINT0602",3,3,1.0000,0,0.0000,0,0,0,0,0,0,0
"RocketReports","MINT0606",4,4,1.0000,0,0.0000,0,0,0,0,0,0,0
"RocketReports","MINT0614",1,0,0.0000,1,1.0000,0,1,0,0,0,0,0
"RocketReports","MINT0615",1,0,0.0000,1,1.0000,0,1,0,0,0,0,0
"RocketReports","MINT0707",1,1,1.0000,0,0.0000,0,0,0,0,0,0,0
"RocketReports","MINT0902",1,1,1.0000,0,0.0000,0,0,0,0,0,0,0
"RocketReports","MINT0905",4,3,0.7500,1,0.2500,0,1,0,0,0,0,0
"RocketReports","MINT0906",1,1,1.0000,0,0.0000,0,0,0,0,0,0,0
"RocketReports","MINT0908",2,2,1.0000,0,0.0000,0,0,0,0,0,0,0
"RocketReports","MINT0912",8,8,1.0000,0,0.0000,0,0,0,0,0,0,0
"RocketReports","MINT0913",19,16,0.8421,3,0.1578,2,0,0,0,0,0,1
"RocketReports","MINT0914",4,3,0.7500,1,0.2500,0,1,0,0,0,0,0
"RocketReports","MINT0916",1,1,1.0000,0,0.0000,0,0,0,0,0,0,0
"RocketReports","MINT0919",24,24,1.0000,0,0.0000,0,0,0,0,0,0,0
"RocketReports","MINT0922",14,14,1.0000,0,0.0000,0,0,0,0,0,0,0
"RocketReports","MINT0923",1,1,1.0000,0,0.0000,0,0,0,0,0,0,0
"RocketReports","MINT0926",2,1,0.5000,1,0.5000,1,0,0,0,0,0,0
"RocketReports","MINT1012",5,4,0.8000,1,0.2000,0,1,0,0,0,0,0
"RocketReports","MINT1016",14,10,0.7142,4,0.2857,1,0,0,0,0,0,3
"RocketReports","MINT1018",1,1,1.0000,0,0.0000,0,0,0,0,0,0,0
"RocketReports","MINT1019",13,11,0.8461,2,0.1538,0,2,0,0,0,0,0
"RocketReports","MINT1041",6,6,1.0000,0,0.0000,0,0,0,0,0,0,0
"RocketReports","MINT1050",5,5,1.0000,0,0.0000,0,0,0,0,0,0,0
"RocketReports","MINT1062",1,1,1.0000,0,0.0000,0,0,0,0,0,0,0
"RocketReports","MINT1063",57,55,0.9649,2,0.0350,0,0,2,0,0,0,0
"RocketReports","MINT1066",1,1,1.0000,0,0.0000,0,0,0,0,0,0,0
"RocketReports","MINT1068",1,0,0.0000,1,1.0000,1,0,0,0,0,0,0
"RocketReports","MINT1069",2,2,1.0000,0,0.0000,0,0,0,0,0,0,0
"RocketReports","MINT1071",1,1,1.0000,0,0.0000,0,0,0,0,0,0,0
"RocketReports","MINT1074",3,2,0.6666,1,0.3333,0,0,0,0,0,0,1
"RocketReports","MINT1075",9,5,0.5555,4,0.4444,0,3,0,0,0,0,1
"RocketReports","MINT1076",10,6,0.6000,4,0.4000,1,1,0,0,0,0,2
"RocketReports","MINT1077",2,2,1.0000,0,0.0000,0,0,0,0,0,0,0
"RocketReports","MINT1078",1,0,0.0000,1,1.0000,0,1,0,0,0,0,0
"RocketReports","MINT1080",11,8,0.7272,3,0.2727,3,0,0,0,0,0,0
"RocketReports","MINT1081",6,6,1.0000,0,0.0000,0,0,0,0,0,0,0
"RocketReports","MINT1083",3,3,1.0000,0,0.0000,0,0,0,0,0,0,0
"RocketReports","MINT1085",7,7,1.0000,0,0.0000,0,0,0,0,0,0,0
"RocketReports","MINT1086",8,7,0.8750,1,0.1250,1,0,0,0,0,0,0
"RocketReports","MINT1087",2,2,1.0000,0,0.0000,0,0,0,0,0,0,0
"RocketReports","MINT1092",1,0,0.0000,1,1.0000,0,0,0,0,0,0,1
"RocketReports","MINT1093",1,0,0.0000,1,1.0000,0,1,0,0,0,0,0
"RocketReports","MINT3000",13,13,1.0000,0,0.0000,0,0,0,0,0,0,0
"RocketReports","MINT3001",7,7,1.0000,0,0.0000,0,0,0,0,0,0,0
"RocketReports","MINT4000",14,11,0.7857,3,0.2142,1,2,0,0,0,0,0
"RocketReports","MINT4002",1,1,1.0000,0,0.0000,0,0,0,0,0,0,0
"RocketReports","MINT4003",14,13,0.9285,1,0.0714,0,0,1,0,0,0,0
"RocketReports","MINT4005",28,27,0.9642,1,0.0357,0,0,1,0,0,0,0
"RocketReports","MINT4009",33,24,0.7272,9,0.2727,5,0,2,0,0,1,1
"RocketReports","MINT4010",39,30,0.7692,9,0.2307,7,0,0,0,0,0,2
"RocketReports","MINT4014",18,14,0.7777,4,0.2222,2,1,1,0,0,0,0
"RocketReports","MINT4015",23,22,0.9565,1,0.0434,1,0,0,0,0,0,0
"RocketReports","MINT4016",3,2,0.6666,1,0.3333,0,0,0,0,0,0,1
"RocketReports","MINT4018",1,1,1.0000,0,0.0000,0,0,0,0,0,0,0
"RocketReports","MINT4020",6,5,0.8333,1,0.1666,1,0,0,0,0,0,0
"RocketReports","MINT4022",55,38,0.6909,17,0.3090,9,0,1,0,0,0,7
"RocketReports","MINT4024",12,10,0.8333,2,0.1666,2,0,0,0,0,0,0
"RocketReports","MINT4025",22,20,0.9090,2,0.0909,2,0,0,0,0,0,0
"RocketReports","MINT4026",1,1,1.0000,0,0.0000,0,0,0,0,0,0,0
"RocketReports","MINT4028",1,1,1.0000,0,0.0000,0,0,0,0,0,0,0
"RocketReports","MINT4031",7,7,1.0000,0,0.0000,0,0,0,0,0,0,0
"RocketReports","MINT4032",1,1,1.0000,0,0.0000,0,0,0,0,0,0,0
"RocketReports","MINT4033",8,8,1.0000,0,0.0000,0,0,0,0,0,0,0
"RocketReports","MINT4035",2,2,1.0000,0,0.0000,0,0,0,0,0,0,0
"RocketReports","MINT4036",5,5,1.0000,0,0.0000,0,0,0,0,0,0,0
"RocketReports","MINT4037",1,1,1.0000,0,0.0000,0,0,0,0,0,0,0
"RocketReports","MINT5001",17,14,0.8235,3,0.1764,3,0,0,0,0,0,0
"RocketReports","MINT5002",6,4,0.6666,2,0.3333,2,0,0,0,0,0,0
"RocketReports","MINT5004",6,6,1.0000,0,0.0000,0,0,0,0,0,0,0
"RocketReports","MINT5005",3,3,1.0000,0,0.0000,0,0,0,0,0,0,0
"RocketReports","MINTHI11",3,2,0.6666,1,0.3333,0,1,0,0,0,0,0
"RocketReports","MINTHI21",19,18,0.9473,1,0.0526,0,1,0,0,0,0,0
"RocketReports","MINTHI31",19,19,1.0000,0,0.0000,0,0,0,0,0,0,0
"RocketReports","MINTHI41",19,17,0.8947,2,0.1052,1,1,0,0,0,0,0
"RocketReports","MINTHI51",32,26,0.8125,6,0.1875,1,3,0,0,0,0,2
"RocketReports","MINTHI61",1,1,1.0000,0,0.0000,0,0,0,0,0,0,0
"RocketReports","MINTHI62",13,13,1.0000,0,0.0000,0,0,0,0,0,0,0
"RocketReports","MINTHI71",30,28,0.9333,2,0.0666,2,0,0,0,0,0,0
"RocketReports","MINTPLB1",2,2,1.0000,0,0.0000,0,0,0,0,0,0,0
"RocketReports","MINTPLB2",1,1,1.0000,0,0.0000,0,0,0,0,0,0,0
"RocketReports","MINTPLB3",4,4,1.0000,0,0.0000,0,0,0,0,0,0,0
"RocketReports","MINTPLB4",10,8,0.8000,2,0.2000,2,0,0,0,0,0,0
"RocketReports","MINTPLB5",8,6,0.7500,2,0.2500,2,0,0,0,0,0,0
"RocketReports","MINTPMH3",1,1,1.0000,0,0.0000,0,0,0,0,0,0,0
"RocketReports","TNS5GBZ3",8,7,0.8750,1,0.1250,1,0,0,0,0,0,0
"RocketReports","TNS5GBZ4",3,2,0.6666,1,0.3333,0,0,0,0,0,0,1
