"MintATM","MINT0009",45,31,0.6888,14,0.3111,11,2,1,0,0,0,0
"MintATM","MINT0010",62,60,0.9677,2,0.0322,2,0,0,0,0,0,0
"MintATM","MINT0014",3,3,1.0000,0,0.0000,0,0,0,0,0,0,0
"MintATM","MINT0026",6,3,0.5000,3,0.5000,3,0,0,0,0,0,0
"MintATM","MINT0028",1,0,0.0000,1,1.0000,1,0,0,0,0,0,0
"MintATM","MINT0032",5,5,1.0000,0,0.0000,0,0,0,0,0,0,0
"MintATM","MINT0034",8,7,0.8750,1,0.1250,1,0,0,0,0,0,0
"MintATM","MINT0040",6,6,1.0000,0,0.0000,0,0,0,0,0,0,0
"MintATM","MINT0041",12,10,0.8333,2,0.1666,1,0,0,0,0,0,1
"MintATM","MINT0042",12,7,0.5833,5,0.4166,2,2,0,0,0,0,1
"MintATM","MINT0044",1,1,1.0000,0,0.0000,0,0,0,0,0,0,0
"MintATM","MINT0049",1,1,1.0000,0,0.0000,0,0,0,0,0,0,0
"MintATM","MINT0050",2,2,1.0000,0,0.0000,0,0,0,0,0,0,0
"MintATM","MINT0051",2,2,1.0000,0,0.0000,0,0,0,0,0,0,0
"MintATM","MINT0053",1,1,1.0000,0,0.0000,0,0,0,0,0,0,0
"MintATM","MINT0054",2,2,1.0000,0,0.0000,0,0,0,0,0,0,0
"MintATM","MINT0056",1,1,1.0000,0,0.0000,0,0,0,0,0,0,0
"MintATM","MINT0058",1,1,1.0000,0,0.0000,0,0,0,0,0,0,0
"MintATM","MINT0059",5,5,1.0000,0,0.0000,0,0,0,0,0,0,0
"MintATM","MINT0062",1,1,1.0000,0,0.0000,0,0,0,0,0,0,0
"MintATM","MINT0065",2,1,0.5000,1,0.5000,0,0,0,0,0,0,1
"MintATM","MINT0066",1,1,1.0000,0,0.0000,0,0,0,0,0,0,0
"MintATM","MINT0067",1,1,1.0000,0,0.0000,0,0,0,0,0,0,0
"MintATM","MINT0102",1,1,1.0000,0,0.0000,0,0,0,0,0,0,0
"MintATM","MINT0106",3,3,1.0000,0,0.0000,0,0,0,0,0,0,0
"MintATM","MINT0107",1,1,1.0000,0,0.0000,0,0,0,0,0,0,0
"MintATM","MINT0108",6,6,1.0000,0,0.0000,0,0,0,0,0,0,0
"MintATM","MINT0109",1,1,1.0000,0,0.0000,0,0,0,0,0,0,0
"MintATM","MINT0110",1,1,1.0000,0,0.0000,0,0,0,0,0,0,0
"MintATM","MINT0116",1,1,1.0000,0,0.0000,0,0,0,0,0,0,0
"MintATM","MINT0121",5,5,1.0000,0,0.0000,0,0,0,0,0,0,0
"MintATM","MINT0125",8,7,0.8750,1,0.1250,0,0,0,0,0,0,1
"MintATM","MINT0126",4,2,0.5000,2,0.5000,1,0,0,0,0,0,1
"MintATM","MINT0127",3,3,1.0000,0,0.0000,0,0,0,0,0,0,0
"MintATM","MINT0131",2,2,1.0000,0,0.0000,0,0,0,0,0,0,0
"MintATM","MINT0133",3,1,0.3333,2,0.6666,2,0,0,0,0,0,0
"MintATM","MINT0137",6,6,1.0000,0,0.0000,0,0,0,0,0,0,0
"MintATM","MINT0138",6,6,1.0000,0,0.0000,0,0,0,0,0,0,0
"MintATM","MINT0141",2,2,1.0000,0,0.0000,0,0,0,0,0,0,0
"MintATM","MINT0143",4,4,1.0000,0,0.0000,0,0,0,0,0,0,0
"MintATM","MINT0144",5,4,0.8000,1,0.2000,1,0,0,0,0,0,0
"MintATM","MINT0145",1,1,1.0000,0,0.0000,0,0,0,0,0,0,0
"MintATM","MINT0147",1,1,1.0000,0,0.0000,0,0,0,0,0,0,0
"MintATM","MINT0149",1,1,1.0000,0,0.0000,0,0,0,0,0,0,0
"MintATM","MINT0152",4,4,1.0000,0,0.0000,0,0,0,0,0,0,0
"MintATM","MINT0154",11,9,0.8181,2,0.1818,0,2,0,0,0,0,0
"MintATM","MINT0155",6,6,1.0000,0,0.0000,0,0,0,0,0,0,0
"MintATM","MINT0204",1,1,1.0000,0,0.0000,0,0,0,0,0,0,0
"MintATM","MINT0208",5,4,0.8000,1,0.2000,0,0,1,0,0,0,0
"MintATM","MINT0209",1,1,1.0000,0,0.0000,0,0,0,0,0,0,0
"MintATM","MINT0351",3,2,0.6666,1,0.3333,1,0,0,0,0,0,0
"MintATM","MINT0352",3,3,1.0000,0,0.0000,0,0,0,0,0,0,0
"MintATM","MINT0353",6,6,1.0000,0,0.0000,0,0,0,0,0,0,0
"MintATM","MINT0356",5,5,1.0000,0,0.0000,0,0,0,0,0,0,0
"MintATM","MINT0357",1,1,1.0000,0,0.0000,0,0,0,0,0,0,0
"MintATM","MINT0358",4,4,1.0000,0,0.0000,0,0,0,0,0,0,0
"MintATM","MINT0360",1,1,1.0000,0,0.0000,0,0,0,0,0,0,0
"MintATM","MINT0402",2,2,1.0000,0,0.0000,0,0,0,0,0,0,0
"MintATM","MINT0404",1,1,1.0000,0,0.0000,0,0,0,0,0,0,0
"MintATM","MINT0405",2,1,0.5000,1,0.5000,0,0,0,0,0,0,1
"MintATM","MINT0411",3,3,1.0000,0,0.0000,0,0,0,0,0,0,0
"MintATM","MINT0413",4,3,0.7500,1,0.2500,0,1,0,0,0,0,0
"MintATM","MINT0414",10,10,1.0000,0,0.0000,0,0,0,0,0,0,0
"MintATM","MINT0498",1,1,1.0000,0,0.0000,0,0,0,0,0,0,0
"MintATM","MINT0508",70,64,0.9142,6,0.0857,2,1,0,0,0,0,3
"MintATM","MINT0522",6,6,1.0000,0,0.0000,0,0,0,0,0,0,0
"MintATM","MINT0527",2,1,0.5000,1,0.5000,1,0,0,0,0,0,0
"MintATM","MINT0531",5,5,1.0000,0,0.0000,0,0,0,0,0,0,0
"MintATM","MINT0532",18,14,0.7777,4,0.2222,2,0,0,0,0,0,2
"MintATM","MINT0533",24,24,1.0000,0,0.0000,0,0,0,0,0,0,0
"MintATM","MINT0534",4,4,1.0000,0,0.0000,0,0,0,0,0,0,0
"MintATM","MINT0542",2,2,1.0000,0,0.0000,0,0,0,0,0,0,0
"MintATM","MINT0543",1,1,1.0000,0,0.0000,0,0,0,0,0,0,0
"MintATM","MINT0546",1,1,1.0000,0,0.0000,0,0,0,0,0,0,0
"MintATM","MINT0548",2,2,1.0000,0,0.0000,0,0,0,0,0,0,0
"MintATM","MINT0550",19,17,0.8947,2,0.1052,2,0,0,0,0,0,0
"MintATM","MINT0554",1,1,1.0000,0,0.0000,0,0,0,0,0,0,0
"MintATM","MINT0556",1,1,1.0000,0,0.0000,0,0,0,0,0,0,0
"MintATM","MINT0557",4,4,1.0000,0,0.0000,0,0,0,0,0,0,0
"MintATM","MINT0558",1,1,1.0000,0,0.0000,0,0,0,0,0,0,0
"MintATM","MINT0559",1,1,1.0000,0,0.0000,0,0,0,0,0,0,0
"MintATM","MINT0561",3,3,1.0000,0,0.0000,0,0,0,0,0,0,0
"MintATM","MINT0562",7,4,0.5714,3,0.4285,2,1,0,0,0,0,0
"MintATM","MINT0563",5,5,1.0000,0,0.0000,0,0,0,0,0,0,0
"MintATM","MINT0564",2,2,1.0000,0,0.0000,0,0,0,0,0,0,0
"MintATM","MINT0567",4,3,0.7500,1,0.2500,1,0,0,0,0,0,0
"MintATM","MINT0569",11,8,0.7272,3,0.2727,0,0,1,0,0,0,2
"MintATM","MINT0570",4,4,1.0000,0,0.0000,0,0,0,0,0,0,0
"MintATM","MINT0571",2,2,1.0000,0,0.0000,0,0,0,0,0,0,0
"MintATM","MINT0572",4,4,1.0000,0,0.0000,0,0,0,0,0,0,0
"MintATM","MINT0574",2,2,1.0000,0,0.0000,0,0,0,0,0,0,0
"MintATM","MINT0579",2,2,1.0000,0,0.0000,0,0,0,0,0,0,0
"MintATM","MINT0581",1,1,1.0000,0,0.0000,0,0,0,0,0,0,0
"MintATM","MINT0582",1,1,1.0000,0,0.0000,0,0,0,0,0,0,0
"MintATM","MINT0585",5,3,0.6000,2,0.4000,2,0,0,0,0,0,0
"MintATM","MINT0586",7,7,1.0000,0,0.0000,0,0,0,0,0,0,0
"MintATM","MINT0588",1,1,1.0000,0,0.0000,0,0,0,0,0,0,0
"MintATM","MINT0590",1,1,1.0000,0,0.0000,0,0,0,0,0,0,0
"MintATM","MINT0591",33,28,0.8484,5,0.1515,1,0,0,0,0,0,4
"MintATM","MINT0593",3,3,1.0000,0,0.0000,0,0,0,0,0,0,0
"MintATM","MINT0594",8,7,0.8750,1,0.1250,0,1,0,0,0,0,0
"MintATM","MINT0595",6,6,1.0000,0,0.0000,0,0,0,0,0,0,0
"MintATM","MINT0596",19,18,0.9473,1,0.0526,0,0,0,0,0,0,1
"MintATM","MINT0597",5,5,1.0000,0,0.0000,0,0,0,0,0,0,0
"MintATM","MINT0598",5,4,0.8000,1,0.2000,1,0,0,0,0,0,0
"MintATM","MINT0599",10,10,1.0000,0,0.0000,0,0,0,0,0,0,0
"MintATM","MINT0609",1,1,1.0000,0,0.0000,0,0,0,0,0,0,0
"MintATM","MINT0707",1,1,1.0000,0,0.0000,0,0,0,0,0,0,0
"MintATM","MINT0711",2,2,1.0000,0,0.0000,0,0,0,0,0,0,0
"MintATM","MINT0712",1,1,1.0000,0,0.0000,0,0,0,0,0,0,0
"MintATM","MINT0901",2,2,1.0000,0,0.0000,0,0,0,0,0,0,0
"MintATM","MINT0903",1,1,1.0000,0,0.0000,0,0,0,0,0,0,0
"MintATM","MINT0906",1,1,1.0000,0,0.0000,0,0,0,0,0,0,0
"MintATM","MINT0908",1,1,1.0000,0,0.0000,0,0,0,0,0,0,0
"MintATM","MINT0910",2,2,1.0000,0,0.0000,0,0,0,0,0,0,0
"MintATM","MINT0912",11,11,1.0000,0,0.0000,0,0,0,0,0,0,0
"MintATM","MINT0913",22,14,0.6363,8,0.3636,7,1,0,0,0,0,0
"MintATM","MINT0916",1,1,1.0000,0,0.0000,0,0,0,0,0,0,0
"MintATM","MINT0917",1,1,1.0000,0,0.0000,0,0,0,0,0,0,0
"MintATM","MINT0918",3,3,1.0000,0,0.0000,0,0,0,0,0,0,0
"MintATM","MINT0919",9,6,0.6666,3,0.3333,0,0,0,0,0,0,3
"MintATM","MINT0922",2,2,1.0000,0,0.0000,0,0,0,0,0,0,0
"MintATM","MINT0923",2,2,1.0000,0,0.0000,0,0,0,0,0,0,0
"MintATM","MINT1011",2,2,1.0000,0,0.0000,0,0,0,0,0,0,0
"MintATM","MINT1012",4,4,1.0000,0,0.0000,0,0,0,0,0,0,0
"MintATM","MINT1015",41,41,1.0000,0,0.0000,0,0,0,0,0,0,0
"MintATM","MINT1016",14,14,1.0000,0,0.0000,0,0,0,0,0,0,0
"MintATM","MINT1041",3,3,1.0000,0,0.0000,0,0,0,0,0,0,0
"MintATM","MINT1050",1,1,1.0000,0,0.0000,0,0,0,0,0,0,0
"MintATM","MINT1063",18,14,0.7777,4,0.2222,1,2,0,0,0,0,1
"MintATM","MINT1070",3,3,1.0000,0,0.0000,0,0,0,0,0,0,0
"MintATM","MINT1072",1,1,1.0000,0,0.0000,0,0,0,0,0,0,0
"MintATM","MINT1074",5,3,0.6000,2,0.4000,2,0,0,0,0,0,0
"MintATM","MINT1075",11,11,1.0000,0,0.0000,0,0,0,0,0,0,0
"MintATM","MINT1076",4,3,0.7500,1,0.2500,1,0,0,0,0,0,0
"MintATM","MINT1081",2,2,1.0000,0,0.0000,0,0,0,0,0,0,0
"MintATM","MINT1083",1,0,0.0000,1,1.0000,0,0,0,0,0,0,1
"MintATM","MINT3000",3,2,0.6666,1,0.3333,1,0,0,0,0,0,0
"MintATM","MINT3001",3,3,1.0000,0,0.0000,0,0,0,0,0,0,0
"MintATM","MINT4000",12,10,0.8333,2,0.1666,2,0,0,0,0,0,0
"MintATM","MINT4005",21,21,1.0000,0,0.0000,0,0,0,0,0,0,0
"MintATM","MINT4010",21,17,0.8095,4,0.1904,2,2,0,0,0,0,0
"MintATM","MINT4015",42,35,0.8333,7,0.1666,1,0,3,0,0,0,3
"MintATM","MINT4020",5,3,0.6000,2,0.4000,0,0,0,0,0,0,2
"MintATM","MINT4022",51,44,0.8627,7,0.1372,3,0,1,0,0,0,3
"MintATM","MINT5000",2,1,0.5000,1,0.5000,0,0,0,0,0,1,0
"MintATM","MINT5001",13,13,1.0000,0,0.0000,0,0,0,0,0,0,0
"MintATM","MINTHI21",8,8,1.0000,0,0.0000,0,0,0,0,0,0,0
"MintATM","MINTHI31",7,7,1.0000,0,0.0000,0,0,0,0,0,0,0
"MintATM","MINTHI41",3,3,1.0000,0,0.0000,0,0,0,0,0,0,0
"MintATM","MINTHI51",9,9,1.0000,0,0.0000,0,0,0,0,0,0,0
"MintATM","MINTHI62",5,5,1.0000,0,0.0000,0,0,0,0,0,0,0
"MintATM","MINTHI71",21,21,1.0000,0,0.0000,0,0,0,0,0,0,0
"MintATM","MINTPLB1",4,3,0.7500,1,0.2500,0,0,0,0,0,0,1
"MintATM","MINTPLB2",1,1,1.0000,0,0.0000,0,0,0,0,0,0,0
"MintATM","MINTPLB3",3,3,1.0000,0,0.0000,0,0,0,0,0,0,0
"MintATM","MINTPLB4",8,6,0.7500,2,0.2500,0,0,1,0,0,0,1
"MintATM","MINTPLB5",7,4,0.5714,3,0.4285,0,0,0,0,0,0,3
"MintATM","MINTPMH2",5,5,1.0000,0,0.0000,0,0,0,0,0,0,0
"MintATM","TNS5GBZ3",16,15,0.9375,1,0.0625,0,0,0,0,0,0,1
"MintATM","TNS5GBZ4",1,1,1.0000,0,0.0000,0,0,0,0,0,0,0
