"RocketReports","MINT0009",58,45,0.7758,13,0.2241,5,4,1,0,0,0,3
"RocketReports","MINT0025",2,2,1.0000,0,0.0000,0,0,0,0,0,0,0
"RocketReports","MINT0026",4,3,0.7500,1,0.2500,1,0,0,0,0,0,0
"RocketReports","MINT0027",5,5,1.0000,0,0.0000,0,0,0,0,0,0,0
"RocketReports","MINT0028",2,1,0.5000,1,0.5000,0,0,0,0,0,0,1
"RocketReports","MINT0032",9,9,1.0000,0,0.0000,0,0,0,0,0,0,0
"RocketReports","MINT0037",7,7,1.0000,0,0.0000,0,0,0,0,0,0,0
"RocketReports","MINT0042",14,9,0.6428,5,0.3571,2,2,0,0,0,0,1
"RocketReports","MINT0044",1,1,1.0000,0,0.0000,0,0,0,0,0,0,0
"RocketReports","MINT0049",4,0,0.0000,4,1.0000,0,1,0,0,0,0,3
"RocketReports","MINT0055",1,1,1.0000,0,0.0000,0,0,0,0,0,0,0
"RocketReports","MINT0056",1,1,1.0000,0,0.0000,0,0,0,0,0,0,0
"RocketReports","MINT0059",4,3,0.7500,1,0.2500,1,0,0,0,0,0,0
"RocketReports","MINT0062",6,6,1.0000,0,0.0000,0,0,0,0,0,0,0
"RocketReports","MINT0063",4,4,1.0000,0,0.0000,0,0,0,0,0,0,0
"RocketReports","MINT0065",2,2,1.0000,0,0.0000,0,0,0,0,0,0,0
"RocketReports","MINT0067",6,4,0.6666,2,0.3333,2,0,0,0,0,0,0
"RocketReports","MINT0068",3,3,1.0000,0,0.0000,0,0,0,0,0,0,0
"RocketReports","MINT0069",53,47,0.8867,6,0.1132,0,2,2,0,0,0,2
"RocketReports","MINT0104",1,1,1.0000,0,0.0000,0,0,0,0,0,0,0
"RocketReports","MINT0106",3,2,0.6666,1,0.3333,1,0,0,0,0,0,0
"RocketReports","MINT0107",3,3,1.0000,0,0.0000,0,0,0,0,0,0,0
"RocketReports","MINT0108",6,6,1.0000,0,0.0000,0,0,0,0,0,0,0
"RocketReports","MINT0109",2,2,1.0000,0,0.0000,0,0,0,0,0,0,0
"RocketReports","MINT0110",2,1,0.5000,1,0.5000,1,0,0,0,0,0,0
"RocketReports","MINT0112",2,2,1.0000,0,0.0000,0,0,0,0,0,0,0
"RocketReports","MINT0115",1,1,1.0000,0,0.0000,0,0,0,0,0,0,0
"RocketReports","MINT0120",1,1,1.0000,0,0.0000,0,0,0,0,0,0,0
"RocketReports","MINT0121",3,3,1.0000,0,0.0000,0,0,0,0,0,0,0
"RocketReports","MINT0125",16,16,1.0000,0,0.0000,0,0,0,0,0,0,0
"RocketReports","MINT0126",1,1,1.0000,0,0.0000,0,0,0,0,0,0,0
"RocketReports","MINT0127",15,14,0.9333,1,0.0666,1,0,0,0,0,0,0
"RocketReports","MINT0130",1,1,1.0000,0,0.0000,0,0,0,0,0,0,0
"RocketReports","MINT0135",6,6,1.0000,0,0.0000,0,0,0,0,0,0,0
"RocketReports","MINT0137",5,5,1.0000,0,0.0000,0,0,0,0,0,0,0
"RocketReports","MINT0138",3,3,1.0000,0,0.0000,0,0,0,0,0,0,0
"RocketReports","MINT0143",4,4,1.0000,0,0.0000,0,0,0,0,0,0,0
"RocketReports","MINT0144",3,3,1.0000,0,0.0000,0,0,0,0,0,0,0
"RocketReports","MINT0145",1,1,1.0000,0,0.0000,0,0,0,0,0,0,0
"RocketReports","MINT0149",4,4,1.0000,0,0.0000,0,0,0,0,0,0,0
"RocketReports","MINT0150",1,1,1.0000,0,0.0000,0,0,0,0,0,0,0
"RocketReports","MINT0152",1,1,1.0000,0,0.0000,0,0,0,0,0,0,0
"RocketReports","MINT0153",1,1,1.0000,0,0.0000,0,0,0,0,0,0,0
"RocketReports","MINT0154",10,10,1.0000,0,0.0000,0,0,0,0,0,0,0
"RocketReports","MINT0155",11,11,1.0000,0,0.0000,0,0,0,0,0,0,0
"RocketReports","MINT0157",3,3,1.0000,0,0.0000,0,0,0,0,0,0,0
"RocketReports","MINT0207",2,2,1.0000,0,0.0000,0,0,0,0,0,0,0
"RocketReports","MINT0208",3,3,1.0000,0,0.0000,0,0,0,0,0,0,0
"RocketReports","MINT0209",2,2,1.0000,0,0.0000,0,0,0,0,0,0,0
"RocketReports","MINT0351",2,2,1.0000,0,0.0000,0,0,0,0,0,0,0
"RocketReports","MINT0353",15,13,0.8666,2,0.1333,0,0,0,0,0,0,2
"RocketReports","MINT0355",4,4,1.0000,0,0.0000,0,0,0,0,0,0,0
"RocketReports","MINT0356",5,5,1.0000,0,0.0000,0,0,0,0,0,0,0
"RocketReports","MINT0359",1,1,1.0000,0,0.0000,0,0,0,0,0,0,0
"RocketReports","MINT0360",1,1,1.0000,0,0.0000,0,0,0,0,0,0,0
"RocketReports","MINT0402",3,2,0.6666,1,0.3333,0,0,1,0,0,0,0
"RocketReports","MINT0404",1,1,1.0000,0,0.0000,0,0,0,0,0,0,0
"RocketReports","MINT0405",5,5,1.0000,0,0.0000,0,0,0,0,0,0,0
"RocketReports","MINT0411",2,2,1.0000,0,0.0000,0,0,0,0,0,0,0
"RocketReports","MINT0412",1,1,1.0000,0,0.0000,0,0,0,0,0,0,0
"RocketReports","MINT0413",1,1,1.0000,0,0.0000,0,0,0,0,0,0,0
"RocketReports","MINT0414",12,11,0.9166,1,0.0833,0,0,1,0,0,0,0
"RocketReports","MINT0494",1,1,1.0000,0,0.0000,0,0,0,0,0,0,0
"RocketReports","MINT0495",9,8,0.8888,1,0.1111,1,0,0,0,0,0,0
"RocketReports","MINT0496",4,3,0.7500,1,0.2500,1,0,0,0,0,0,0
"RocketReports","MINT0497",4,4,1.0000,0,0.0000,0,0,0,0,0,0,0
"RocketReports","MINT0499",2,2,1.0000,0,0.0000,0,0,0,0,0,0,0
"RocketReports","MINT0501",1,1,1.0000,0,0.0000,0,0,0,0,0,0,0
"RocketReports","MINT0508",49,44,0.8979,5,0.1020,2,1,0,0,0,0,2
"RocketReports","MINT0519",1,1,1.0000,0,0.0000,0,0,0,0,0,0,0
"RocketReports","MINT0531",1,1,1.0000,0,0.0000,0,0,0,0,0,0,0
"RocketReports","MINT0532",9,7,0.7777,2,0.2222,2,0,0,0,0,0,0
"RocketReports","MINT0534",3,3,1.0000,0,0.0000,0,0,0,0,0,0,0
"RocketReports","MINT0535",4,4,1.0000,0,0.0000,0,0,0,0,0,0,0
"RocketReports","MINT0540",3,3,1.0000,0,0.0000,0,0,0,0,0,0,0
"RocketReports","MINT0542",8,6,0.7500,2,0.2500,2,0,0,0,0,0,0
"RocketReports","MINT0543",1,1,1.0000,0,0.0000,0,0,0,0,0,0,0
"RocketReports","MINT0545",4,4,1.0000,0,0.0000,0,0,0,0,0,0,0
"RocketReports","MINT0546",5,5,1.0000,0,0.0000,0,0,0,0,0,0,0
"RocketReports","MINT0554",2,2,1.0000,0,0.0000,0,0,0,0,0,0,0
"RocketReports","MINT0555",3,3,1.0000,0,0.0000,0,0,0,0,0,0,0
"RocketReports","MINT0557",3,3,1.0000,0,0.0000,0,0,0,0,0,0,0
"RocketReports","MINT0559",5,5,1.0000,0,0.0000,0,0,0,0,0,0,0
"RocketReports","MINT0561",1,1,1.0000,0,0.0000,0,0,0,0,0,0,0
"RocketReports","MINT0562",5,4,0.8000,1,0.2000,1,0,0,0,0,0,0
"RocketReports","MINT0563",4,4,1.0000,0,0.0000,0,0,0,0,0,0,0
"RocketReports","MINT0567",3,3,1.0000,0,0.0000,0,0,0,0,0,0,0
"RocketReports","MINT0569",3,3,1.0000,0,0.0000,0,0,0,0,0,0,0
"RocketReports","MINT0570",8,7,0.8750,1,0.1250,0,1,0,0,0,0,0
"RocketReports","MINT0571",1,1,1.0000,0,0.0000,0,0,0,0,0,0,0
"RocketReports","MINT0572",6,6,1.0000,0,0.0000,0,0,0,0,0,0,0
"RocketReports","MINT0574",9,9,1.0000,0,0.0000,0,0,0,0,0,0,0
"RocketReports","MINT0576",1,0,0.0000,1,1.0000,1,0,0,0,0,0,0
"RocketReports","MINT0581",1,1,1.0000,0,0.0000,0,0,0,0,0,0,0
"RocketReports","MINT0585",2,1,0.5000,1,0.5000,0,0,0,0,0,0,1
"RocketReports","MINT0592",1,1,1.0000,0,0.0000,0,0,0,0,0,0,0
"RocketReports","MINT0594",6,6,1.0000,0,0.0000,0,0,0,0,0,0,0
"RocketReports","MINT0595",4,4,1.0000,0,0.0000,0,0,0,0,0,0,0
"RocketReports","MINT0598",3,3,1.0000,0,0.0000,0,0,0,0,0,0,0
"RocketReports","MINT0599",24,21,0.8750,3,0.1250,3,0,0,0,0,0,0
"RocketReports","MINT0600",3,3,1.0000,0,0.0000,0,0,0,0,0,0,0
"RocketReports","MINT0602",5,1,0.2000,4,0.8000,0,0,0,0,0,0,4
"RocketReports","MINT0604",25,20,0.8000,5,0.2000,0,1,0,0,0,0,4
"RocketReports","MINT0606",6,6,1.0000,0,0.0000,0,0,0,0,0,0,0
"RocketReports","MINT0901",2,2,1.0000,0,0.0000,0,0,0,0,0,0,0
"RocketReports","MINT0905",1,1,1.0000,0,0.0000,0,0,0,0,0,0,0
"RocketReports","MINT0912",11,11,1.0000,0,0.0000,0,0,0,0,0,0,0
"RocketReports","MINT0913",15,9,0.6000,6,0.4000,5,0,0,0,0,0,1
"RocketReports","MINT0914",1,1,1.0000,0,0.0000,0,0,0,0,0,0,0
"RocketReports","MINT0915",2,2,1.0000,0,0.0000,0,0,0,0,0,0,0
"RocketReports","MINT0916",12,11,0.9166,1,0.0833,0,0,0,0,0,0,1
"RocketReports","MINT0917",1,1,1.0000,0,0.0000,0,0,0,0,0,0,0
"RocketReports","MINT0918",1,1,1.0000,0,0.0000,0,0,0,0,0,0,0
"RocketReports","MINT0919",16,13,0.8125,3,0.1875,0,0,0,0,0,0,3
"RocketReports","MINT0921",1,1,1.0000,0,0.0000,0,0,0,0,0,0,0
"RocketReports","MINT0922",8,8,1.0000,0,0.0000,0,0,0,0,0,0,0
"RocketReports","MINT1016",25,24,0.9600,1,0.0400,0,0,0,0,0,0,1
"RocketReports","MINT1019",2,2,1.0000,0,0.0000,0,0,0,0,0,0,0
"RocketReports","MINT1041",3,1,0.3333,2,0.6666,2,0,0,0,0,0,0
"RocketReports","MINT1050",4,2,0.5000,2,0.5000,0,0,0,0,0,0,2
"RocketReports","MINT1061",3,3,1.0000,0,0.0000,0,0,0,0,0,0,0
"RocketReports","MINT1063",33,33,1.0000,0,0.0000,0,0,0,0,0,0,0
"RocketReports","MINT1068",1,1,1.0000,0,0.0000,0,0,0,0,0,0,0
"RocketReports","MINT1074",7,6,0.8571,1,0.1428,1,0,0,0,0,0,0
"RocketReports","MINT1075",3,3,1.0000,0,0.0000,0,0,0,0,0,0,0
"RocketReports","MINT1076",2,2,1.0000,0,0.0000,0,0,0,0,0,0,0
"RocketReports","MINT1077",1,1,1.0000,0,0.0000,0,0,0,0,0,0,0
"RocketReports","MINT1079",1,1,1.0000,0,0.0000,0,0,0,0,0,0,0
"RocketReports","MINT1083",2,2,1.0000,0,0.0000,0,0,0,0,0,0,0
"RocketReports","MINT1090",6,6,1.0000,0,0.0000,0,0,0,0,0,0,0
"RocketReports","MINT1092",1,1,1.0000,0,0.0000,0,0,0,0,0,0,0
"RocketReports","MINT1093",2,2,1.0000,0,0.0000,0,0,0,0,0,0,0
"RocketReports","MINT3000",19,17,0.8947,2,0.1052,0,0,0,0,0,0,2
"RocketReports","MINT3001",4,4,1.0000,0,0.0000,0,0,0,0,0,0,0
"RocketReports","MINT3005",4,4,1.0000,0,0.0000,0,0,0,0,0,0,0
"RocketReports","MINT4000",7,7,1.0000,0,0.0000,0,0,0,0,0,0,0
"RocketReports","MINT4002",1,1,1.0000,0,0.0000,0,0,0,0,0,0,0
"RocketReports","MINT4003",2,2,1.0000,0,0.0000,0,0,0,0,0,0,0
"RocketReports","MINT4005",22,21,0.9545,1,0.0454,0,1,0,0,0,0,0
"RocketReports","MINT4009",16,14,0.8750,2,0.1250,2,0,0,0,0,0,0
"RocketReports","MINT4010",20,18,0.9000,2,0.1000,1,0,0,0,0,0,1
"RocketReports","MINT4014",8,8,1.0000,0,0.0000,0,0,0,0,0,0,0
"RocketReports","MINT4015",18,16,0.8888,2,0.1111,2,0,0,0,0,0,0
"RocketReports","MINT4018",1,1,1.0000,0,0.0000,0,0,0,0,0,0,0
"RocketReports","MINT4020",11,9,0.8181,2,0.1818,0,0,0,0,0,1,1
"RocketReports","MINT4022",41,40,0.9756,1,0.0243,0,0,1,0,0,0,0
"RocketReports","MINT4023",5,5,1.0000,0,0.0000,0,0,0,0,0,0,0
"RocketReports","MINT4024",11,11,1.0000,0,0.0000,0,0,0,0,0,0,0
"RocketReports","MINT4025",7,6,0.8571,1,0.1428,1,0,0,0,0,0,0
"RocketReports","MINT4031",7,7,1.0000,0,0.0000,0,0,0,0,0,0,0
"RocketReports","MINT4033",5,3,0.6000,2,0.4000,0,0,0,0,0,0,2
"RocketReports","MINT4035",1,1,1.0000,0,0.0000,0,0,0,0,0,0,0
"RocketReports","MINT4036",6,6,1.0000,0,0.0000,0,0,0,0,0,0,0
"RocketReports","MINT4037",1,1,1.0000,0,0.0000,0,0,0,0,0,0,0
"RocketReports","MINT4040",13,11,0.8461,2,0.1538,1,0,0,0,0,0,1
"RocketReports","MINT5001",9,9,1.0000,0,0.0000,0,0,0,0,0,0,0
"RocketReports","MINT5002",9,9,1.0000,0,0.0000,0,0,0,0,0,0,0
"RocketReports","MINT5005",5,5,1.0000,0,0.0000,0,0,0,0,0,0,0
"RocketReports","MINT5007",2,2,1.0000,0,0.0000,0,0,0,0,0,0,0
"RocketReports","MINTHI11",1,1,1.0000,0,0.0000,0,0,0,0,0,0,0
"RocketReports","MINTHI21",10,10,1.0000,0,0.0000,0,0,0,0,0,0,0
"RocketReports","MINTHI31",20,16,0.8000,4,0.2000,2,0,0,0,0,0,2
"RocketReports","MINTHI41",8,8,1.0000,0,0.0000,0,0,0,0,0,0,0
"RocketReports","MINTHI51",20,20,1.0000,0,0.0000,0,0,0,0,0,0,0
"RocketReports","MINTHI61",1,1,1.0000,0,0.0000,0,0,0,0,0,0,0
"RocketReports","MINTHI71",2,2,1.0000,0,0.0000,0,0,0,0,0,0,0
"RocketReports","MINTPLB1",4,4,1.0000,0,0.0000,0,0,0,0,0,0,0
"RocketReports","MINTPLB2",3,3,1.0000,0,0.0000,0,0,0,0,0,0,0
"RocketReports","MINTPLB3",6,3,0.5000,3,0.5000,2,0,0,0,0,0,1
"RocketReports","MINTPLB4",4,2,0.5000,2,0.5000,0,0,0,0,0,0,2
"RocketReports","MINTPLB5",4,4,1.0000,0,0.0000,0,0,0,0,0,0,0
"RocketReports","MINTPMH1",3,3,1.0000,0,0.0000,0,0,0,0,0,0,0
"RocketReports","MINTPMH2",6,6,1.0000,0,0.0000,0,0,0,0,0,0,0
"RocketReports","TNS5GBZ3",6,5,0.8333,1,0.1666,1,0,0,0,0,0,0
"RocketReports","TNS5GBZ4",3,3,1.0000,0,0.0000,0,0,0,0,0,0,0
