"RocketReports","MINT0009",46,34,0.7391,12,0.2608,4,3,0,0,0,0,5
"RocketReports","MINT0014",2,1,0.5000,1,0.5000,0,0,0,0,0,0,1
"RocketReports","MINT0025",5,4,0.8000,1,0.2000,0,0,1,0,0,0,0
"RocketReports","MINT0026",2,0,0.0000,2,1.0000,1,0,0,0,0,0,1
"RocketReports","MINT0027",1,1,1.0000,0,0.0000,0,0,0,0,0,0,0
"RocketReports","MINT0028",5,5,1.0000,0,0.0000,0,0,0,0,0,0,0
"RocketReports","MINT0032",10,9,0.9000,1,0.1000,1,0,0,0,0,0,0
"RocketReports","MINT0034",7,7,1.0000,0,0.0000,0,0,0,0,0,0,0
"RocketReports","MINT0037",10,8,0.8000,2,0.2000,0,1,1,0,0,0,0
"RocketReports","MINT0041",2,2,1.0000,0,0.0000,0,0,0,0,0,0,0
"RocketReports","MINT0042",26,20,0.7692,6,0.2307,4,1,0,0,0,0,1
"RocketReports","MINT0044",1,1,1.0000,0,0.0000,0,0,0,0,0,0,0
"RocketReports","MINT0049",4,4,1.0000,0,0.0000,0,0,0,0,0,0,0
"RocketReports","MINT0050",4,4,1.0000,0,0.0000,0,0,0,0,0,0,0
"RocketReports","MINT0053",2,2,1.0000,0,0.0000,0,0,0,0,0,0,0
"RocketReports","MINT0054",2,2,1.0000,0,0.0000,0,0,0,0,0,0,0
"RocketReports","MINT0058",3,3,1.0000,0,0.0000,0,0,0,0,0,0,0
"RocketReports","MINT0059",2,2,1.0000,0,0.0000,0,0,0,0,0,0,0
"RocketReports","MINT0062",29,28,0.9655,1,0.0344,1,0,0,0,0,0,0
"RocketReports","MINT0063",5,5,1.0000,0,0.0000,0,0,0,0,0,0,0
"RocketReports","MINT0065",2,1,0.5000,1,0.5000,0,1,0,0,0,0,0
"RocketReports","MINT0067",2,1,0.5000,1,0.5000,0,0,1,0,0,0,0
"RocketReports","MINT0068",2,2,1.0000,0,0.0000,0,0,0,0,0,0,0
"RocketReports","MINT0069",61,58,0.9508,3,0.0491,2,1,0,0,0,0,0
"RocketReports","MINT0101",3,3,1.0000,0,0.0000,0,0,0,0,0,0,0
"RocketReports","MINT0106",8,7,0.8750,1,0.1250,0,1,0,0,0,0,0
"RocketReports","MINT0107",3,3,1.0000,0,0.0000,0,0,0,0,0,0,0
"RocketReports","MINT0108",4,3,0.7500,1,0.2500,0,0,0,0,0,1,0
"RocketReports","MINT0109",2,2,1.0000,0,0.0000,0,0,0,0,0,0,0
"RocketReports","MINT0111",1,1,1.0000,0,0.0000,0,0,0,0,0,0,0
"RocketReports","MINT0112",7,7,1.0000,0,0.0000,0,0,0,0,0,0,0
"RocketReports","MINT0115",1,1,1.0000,0,0.0000,0,0,0,0,0,0,0
"RocketReports","MINT0116",1,0,0.0000,1,1.0000,1,0,0,0,0,0,0
"RocketReports","MINT0121",1,1,1.0000,0,0.0000,0,0,0,0,0,0,0
"RocketReports","MINT0123",2,2,1.0000,0,0.0000,0,0,0,0,0,0,0
"RocketReports","MINT0124",1,1,1.0000,0,0.0000,0,0,0,0,0,0,0
"RocketReports","MINT0125",14,12,0.8571,2,0.1428,0,0,0,0,0,0,2
"RocketReports","MINT0127",5,5,1.0000,0,0.0000,0,0,0,0,0,0,0
"RocketReports","MINT0129",1,1,1.0000,0,0.0000,0,0,0,0,0,0,0
"RocketReports","MINT0133",2,2,1.0000,0,0.0000,0,0,0,0,0,0,0
"RocketReports","MINT0135",5,3,0.6000,2,0.4000,2,0,0,0,0,0,0
"RocketReports","MINT0136",1,1,1.0000,0,0.0000,0,0,0,0,0,0,0
"RocketReports","MINT0137",3,3,1.0000,0,0.0000,0,0,0,0,0,0,0
"RocketReports","MINT0144",3,3,1.0000,0,0.0000,0,0,0,0,0,0,0
"RocketReports","MINT0149",2,2,1.0000,0,0.0000,0,0,0,0,0,0,0
"RocketReports","MINT0150",4,4,1.0000,0,0.0000,0,0,0,0,0,0,0
"RocketReports","MINT0154",20,19,0.9500,1,0.0500,0,1,0,0,0,0,0
"RocketReports","MINT0155",26,24,0.9230,2,0.0769,0,0,0,0,0,0,2
"RocketReports","MINT0157",1,1,1.0000,0,0.0000,0,0,0,0,0,0,0
"RocketReports","MINT0161",2,2,1.0000,0,0.0000,0,0,0,0,0,0,0
"RocketReports","MINT0207",1,1,1.0000,0,0.0000,0,0,0,0,0,0,0
"RocketReports","MINT0209",4,4,1.0000,0,0.0000,0,0,0,0,0,0,0
"RocketReports","MINT0305",1,1,1.0000,0,0.0000,0,0,0,0,0,0,0
"RocketReports","MINT0350",4,4,1.0000,0,0.0000,0,0,0,0,0,0,0
"RocketReports","MINT0353",9,8,0.8888,1,0.1111,1,0,0,0,0,0,0
"RocketReports","MINT0355",3,3,1.0000,0,0.0000,0,0,0,0,0,0,0
"RocketReports","MINT0356",1,1,1.0000,0,0.0000,0,0,0,0,0,0,0
"RocketReports","MINT0357",4,3,0.7500,1,0.2500,0,0,0,0,0,0,1
"RocketReports","MINT0359",1,1,1.0000,0,0.0000,0,0,0,0,0,0,0
"RocketReports","MINT0360",3,3,1.0000,0,0.0000,0,0,0,0,0,0,0
"RocketReports","MINT0402",1,1,1.0000,0,0.0000,0,0,0,0,0,0,0
"RocketReports","MINT0403",3,3,1.0000,0,0.0000,0,0,0,0,0,0,0
"RocketReports","MINT0404",2,2,1.0000,0,0.0000,0,0,0,0,0,0,0
"RocketReports","MINT0406",1,1,1.0000,0,0.0000,0,0,0,0,0,0,0
"RocketReports","MINT0409",4,4,1.0000,0,0.0000,0,0,0,0,0,0,0
"RocketReports","MINT0411",2,0,0.0000,2,1.0000,2,0,0,0,0,0,0
"RocketReports","MINT0413",1,1,1.0000,0,0.0000,0,0,0,0,0,0,0
"RocketReports","MINT0414",13,11,0.8461,2,0.1538,1,0,1,0,0,0,0
"RocketReports","MINT0416",1,1,1.0000,0,0.0000,0,0,0,0,0,0,0
"RocketReports","MINT0494",2,0,0.0000,2,1.0000,1,0,0,0,0,0,1
"RocketReports","MINT0495",3,3,1.0000,0,0.0000,0,0,0,0,0,0,0
"RocketReports","MINT0497",7,7,1.0000,0,0.0000,0,0,0,0,0,0,0
"RocketReports","MINT0498",1,1,1.0000,0,0.0000,0,0,0,0,0,0,0
"RocketReports","MINT0508",23,20,0.8695,3,0.1304,0,1,2,0,0,0,0
"RocketReports","MINT0519",4,3,0.7500,1,0.2500,0,1,0,0,0,0,0
"RocketReports","MINT0527",3,3,1.0000,0,0.0000,0,0,0,0,0,0,0
"RocketReports","MINT0531",2,2,1.0000,0,0.0000,0,0,0,0,0,0,0
"RocketReports","MINT0532",1,1,1.0000,0,0.0000,0,0,0,0,0,0,0
"RocketReports","MINT0533",2,2,1.0000,0,0.0000,0,0,0,0,0,0,0
"RocketReports","MINT0534",3,3,1.0000,0,0.0000,0,0,0,0,0,0,0
"RocketReports","MINT0535",1,1,1.0000,0,0.0000,0,0,0,0,0,0,0
"RocketReports","MINT0537",11,11,1.0000,0,0.0000,0,0,0,0,0,0,0
"RocketReports","MINT0538",3,3,1.0000,0,0.0000,0,0,0,0,0,0,0
"RocketReports","MINT0540",3,3,1.0000,0,0.0000,0,0,0,0,0,0,0
"RocketReports","MINT0542",4,4,1.0000,0,0.0000,0,0,0,0,0,0,0
"RocketReports","MINT0543",2,1,0.5000,1,0.5000,0,0,0,0,0,0,1
"RocketReports","MINT0545",5,5,1.0000,0,0.0000,0,0,0,0,0,0,0
"RocketReports","MINT0550",5,5,1.0000,0,0.0000,0,0,0,0,0,0,0
"RocketReports","MINT0554",1,1,1.0000,0,0.0000,0,0,0,0,0,0,0
"RocketReports","MINT0556",2,2,1.0000,0,0.0000,0,0,0,0,0,0,0
"RocketReports","MINT0559",1,1,1.0000,0,0.0000,0,0,0,0,0,0,0
"RocketReports","MINT0563",4,4,1.0000,0,0.0000,0,0,0,0,0,0,0
"RocketReports","MINT0565",1,1,1.0000,0,0.0000,0,0,0,0,0,0,0
"RocketReports","MINT0567",8,6,0.7500,2,0.2500,2,0,0,0,0,0,0
"RocketReports","MINT0568",1,1,1.0000,0,0.0000,0,0,0,0,0,0,0
"RocketReports","MINT0569",6,3,0.5000,3,0.5000,1,2,0,0,0,0,0
"RocketReports","MINT0570",3,3,1.0000,0,0.0000,0,0,0,0,0,0,0
"RocketReports","MINT0571",4,3,0.7500,1,0.2500,0,0,0,0,0,0,1
"RocketReports","MINT0574",9,6,0.6666,3,0.3333,0,0,0,0,0,0,3
"RocketReports","MINT0576",1,1,1.0000,0,0.0000,0,0,0,0,0,0,0
"RocketReports","MINT0581",5,5,1.0000,0,0.0000,0,0,0,0,0,0,0
"RocketReports","MINT0582",9,8,0.8888,1,0.1111,0,0,1,0,0,0,0
"RocketReports","MINT0585",2,2,1.0000,0,0.0000,0,0,0,0,0,0,0
"RocketReports","MINT0591",1,1,1.0000,0,0.0000,0,0,0,0,0,0,0
"RocketReports","MINT0594",4,4,1.0000,0,0.0000,0,0,0,0,0,0,0
"RocketReports","MINT0595",7,7,1.0000,0,0.0000,0,0,0,0,0,0,0
"RocketReports","MINT0596",11,10,0.9090,1,0.0909,0,0,0,0,0,0,1
"RocketReports","MINT0599",22,19,0.8636,3,0.1363,3,0,0,0,0,0,0
"RocketReports","MINT0602",5,5,1.0000,0,0.0000,0,0,0,0,0,0,0
"RocketReports","MINT0603",153,121,0.7908,32,0.2091,12,6,2,0,0,1,11
"RocketReports","MINT0604",6,6,1.0000,0,0.0000,0,0,0,0,0,0,0
"RocketReports","MINT0606",11,11,1.0000,0,0.0000,0,0,0,0,0,0,0
"RocketReports","MINT0609",2,2,1.0000,0,0.0000,0,0,0,0,0,0,0
"RocketReports","MINT0610",2,2,1.0000,0,0.0000,0,0,0,0,0,0,0
"RocketReports","MINT0615",1,1,1.0000,0,0.0000,0,0,0,0,0,0,0
"RocketReports","MINT0707",1,1,1.0000,0,0.0000,0,0,0,0,0,0,0
"RocketReports","MINT0901",1,1,1.0000,0,0.0000,0,0,0,0,0,0,0
"RocketReports","MINT0905",2,2,1.0000,0,0.0000,0,0,0,0,0,0,0
"RocketReports","MINT0912",5,5,1.0000,0,0.0000,0,0,0,0,0,0,0
"RocketReports","MINT0913",17,15,0.8823,2,0.1176,2,0,0,0,0,0,0
"RocketReports","MINT0915",1,1,1.0000,0,0.0000,0,0,0,0,0,0,0
"RocketReports","MINT0916",2,2,1.0000,0,0.0000,0,0,0,0,0,0,0
"RocketReports","MINT0919",36,31,0.8611,5,0.1388,0,0,3,0,0,0,2
"RocketReports","MINT0920",2,1,0.5000,1,0.5000,0,1,0,0,0,0,0
"RocketReports","MINT0922",7,7,1.0000,0,0.0000,0,0,0,0,0,0,0
"RocketReports","MINT0923",1,1,1.0000,0,0.0000,0,0,0,0,0,0,0
"RocketReports","MINT1000",59,55,0.9322,4,0.0677,3,0,0,0,0,0,1
"RocketReports","MINT1001",65,55,0.8461,10,0.1538,9,0,0,0,0,0,1
"RocketReports","MINT1002",25,23,0.9200,2,0.0800,0,1,0,0,0,0,1
"RocketReports","MINT1003",31,28,0.9032,3,0.0967,0,0,0,0,0,0,3
"RocketReports","MINT1004",43,38,0.8837,5,0.1162,2,0,0,0,0,0,3
"RocketReports","MINT1006",70,66,0.9428,4,0.0571,3,0,0,0,0,1,0
"RocketReports","MINT1007",7,7,1.0000,0,0.0000,0,0,0,0,0,0,0
"RocketReports","MINT1010",5,5,1.0000,0,0.0000,0,0,0,0,0,0,0
"RocketReports","MINT1011",1,1,1.0000,0,0.0000,0,0,0,0,0,0,0
"RocketReports","MINT1016",19,18,0.9473,1,0.0526,1,0,0,0,0,0,0
"RocketReports","MINT1019",3,3,1.0000,0,0.0000,0,0,0,0,0,0,0
"RocketReports","MINT1041",4,4,1.0000,0,0.0000,0,0,0,0,0,0,0
"RocketReports","MINT1050",2,2,1.0000,0,0.0000,0,0,0,0,0,0,0
"RocketReports","MINT1061",9,7,0.7777,2,0.2222,2,0,0,0,0,0,0
"RocketReports","MINT1062",5,5,1.0000,0,0.0000,0,0,0,0,0,0,0
"RocketReports","MINT1063",56,56,1.0000,0,0.0000,0,0,0,0,0,0,0
"RocketReports","MINT1066",9,9,1.0000,0,0.0000,0,0,0,0,0,0,0
"RocketReports","MINT1068",13,13,1.0000,0,0.0000,0,0,0,0,0,0,0
"RocketReports","MINT1069",3,3,1.0000,0,0.0000,0,0,0,0,0,0,0
"RocketReports","MINT1074",5,4,0.8000,1,0.2000,1,0,0,0,0,0,0
"RocketReports","MINT1075",4,4,1.0000,0,0.0000,0,0,0,0,0,0,0
"RocketReports","MINT1076",2,2,1.0000,0,0.0000,0,0,0,0,0,0,0
"RocketReports","MINT1077",3,3,1.0000,0,0.0000,0,0,0,0,0,0,0
"RocketReports","MINT1080",10,9,0.9000,1,0.1000,0,0,1,0,0,0,0
"RocketReports","MINT1081",2,2,1.0000,0,0.0000,0,0,0,0,0,0,0
"RocketReports","MINT1083",2,2,1.0000,0,0.0000,0,0,0,0,0,0,0
"RocketReports","MINT1085",23,23,1.0000,0,0.0000,0,0,0,0,0,0,0
"RocketReports","MINT1086",19,19,1.0000,0,0.0000,0,0,0,0,0,0,0
"RocketReports","MINT1087",32,27,0.8437,5,0.1562,2,1,0,0,0,0,2
"RocketReports","MINT3000",36,34,0.9444,2,0.0555,1,0,0,0,0,0,1
"RocketReports","MINT4000",14,12,0.8571,2,0.1428,0,2,0,0,0,0,0
"RocketReports","MINT4001",3,3,1.0000,0,0.0000,0,0,0,0,0,0,0
"RocketReports","MINT4002",1,1,1.0000,0,0.0000,0,0,0,0,0,0,0
"RocketReports","MINT4003",11,9,0.8181,2,0.1818,2,0,0,0,0,0,0
"RocketReports","MINT4005",1,0,0.0000,1,1.0000,1,0,0,0,0,0,0
"RocketReports","MINT4009",23,17,0.7391,6,0.2608,6,0,0,0,0,0,0
"RocketReports","MINT4010",12,12,1.0000,0,0.0000,0,0,0,0,0,0,0
"RocketReports","MINT4014",17,16,0.9411,1,0.0588,0,0,1,0,0,0,0
"RocketReports","MINT4015",24,23,0.9583,1,0.0416,1,0,0,0,0,0,0
"RocketReports","MINT4018",3,3,1.0000,0,0.0000,0,0,0,0,0,0,0
"RocketReports","MINT4020",13,11,0.8461,2,0.1538,2,0,0,0,0,0,0
"RocketReports","MINT4022",48,41,0.8541,7,0.1458,2,2,2,0,0,0,1
"RocketReports","MINT4024",14,12,0.8571,2,0.1428,0,0,0,0,0,0,2
"RocketReports","MINT4025",23,21,0.9130,2,0.0869,0,0,1,0,0,0,1
"RocketReports","MINT4031",7,6,0.8571,1,0.1428,1,0,0,0,0,0,0
"RocketReports","MINT4033",6,6,1.0000,0,0.0000,0,0,0,0,0,0,0
"RocketReports","MINT4035",2,2,1.0000,0,0.0000,0,0,0,0,0,0,0
"RocketReports","MINT4036",3,3,1.0000,0,0.0000,0,0,0,0,0,0,0
"RocketReports","MINT4037",3,2,0.6666,1,0.3333,1,0,0,0,0,0,0
"RocketReports","MINT5000",1,1,1.0000,0,0.0000,0,0,0,0,0,0,0
"RocketReports","MINT5001",6,6,1.0000,0,0.0000,0,0,0,0,0,0,0
"RocketReports","MINT5002",7,7,1.0000,0,0.0000,0,0,0,0,0,0,0
"RocketReports","MINT5004",2,2,1.0000,0,0.0000,0,0,0,0,0,0,0
"RocketReports","MINTHI21",7,7,1.0000,0,0.0000,0,0,0,0,0,0,0
"RocketReports","MINTHI31",3,2,0.6666,1,0.3333,0,0,1,0,0,0,0
"RocketReports","MINTHI32",2,2,1.0000,0,0.0000,0,0,0,0,0,0,0
"RocketReports","MINTHI41",4,4,1.0000,0,0.0000,0,0,0,0,0,0,0
"RocketReports","MINTHI51",21,20,0.9523,1,0.0476,0,0,1,0,0,0,0
"RocketReports","MINTHI52",11,11,1.0000,0,0.0000,0,0,0,0,0,0,0
"RocketReports","MINTHI61",4,3,0.7500,1,0.2500,1,0,0,0,0,0,0
"RocketReports","MINTHI62",2,2,1.0000,0,0.0000,0,0,0,0,0,0,0
"RocketReports","MINTHI71",4,4,1.0000,0,0.0000,0,0,0,0,0,0,0
"RocketReports","MINTPLB1",13,11,0.8461,2,0.1538,1,0,1,0,0,0,0
"RocketReports","MINTPLB2",6,6,1.0000,0,0.0000,0,0,0,0,0,0,0
"RocketReports","MINTPLB3",5,5,1.0000,0,0.0000,0,0,0,0,0,0,0
"RocketReports","MINTPLB4",25,23,0.9200,2,0.0800,0,0,2,0,0,0,0
"RocketReports","MINTPLB5",10,10,1.0000,0,0.0000,0,0,0,0,0,0,0
"RocketReports","MINTPMH1",1,1,1.0000,0,0.0000,0,0,0,0,0,0,0
"RocketReports","MINTPMH2",3,3,1.0000,0,0.0000,0,0,0,0,0,0,0
"RocketReports","TNS5GBZ3",11,9,0.8181,2,0.1818,1,0,0,0,0,0,1
