"RocketReports","MINT0009",54,43,0.7962,11,0.2037,8,0,0,0,0,0,3
"RocketReports","MINT0025",3,2,0.6666,1,0.3333,0,1,0,0,0,0,0
"RocketReports","MINT0026",6,6,1.0000,0,0.0000,0,0,0,0,0,0,0
"RocketReports","MINT0027",4,4,1.0000,0,0.0000,0,0,0,0,0,0,0
"RocketReports","MINT0032",12,12,1.0000,0,0.0000,0,0,0,0,0,0,0
"RocketReports","MINT0034",9,8,0.8888,1,0.1111,0,1,0,0,0,0,0
"RocketReports","MINT0041",4,4,1.0000,0,0.0000,0,0,0,0,0,0,0
"RocketReports","MINT0042",26,20,0.7692,6,0.2307,3,0,0,0,0,0,3
"RocketReports","MINT0044",1,1,1.0000,0,0.0000,0,0,0,0,0,0,0
"RocketReports","MINT0049",5,0,0.0000,5,1.0000,1,0,1,0,0,0,3
"RocketReports","MINT0050",4,2,0.5000,2,0.5000,0,0,2,0,0,0,0
"RocketReports","MINT0052",2,1,0.5000,1,0.5000,0,1,0,0,0,0,0
"RocketReports","MINT0054",3,2,0.6666,1,0.3333,0,0,0,0,0,0,1
"RocketReports","MINT0055",1,1,1.0000,0,0.0000,0,0,0,0,0,0,0
"RocketReports","MINT0056",5,5,1.0000,0,0.0000,0,0,0,0,0,0,0
"RocketReports","MINT0059",3,2,0.6666,1,0.3333,0,0,0,0,0,1,0
"RocketReports","MINT0062",16,15,0.9375,1,0.0625,0,0,0,0,0,0,1
"RocketReports","MINT0065",1,1,1.0000,0,0.0000,0,0,0,0,0,0,0
"RocketReports","MINT0067",19,14,0.7368,5,0.2631,2,1,0,0,0,0,2
"RocketReports","MINT0068",2,2,1.0000,0,0.0000,0,0,0,0,0,0,0
"RocketReports","MINT0069",79,69,0.8734,10,0.1265,2,3,0,0,0,0,5
"RocketReports","MINT0101",6,6,1.0000,0,0.0000,0,0,0,0,0,0,0
"RocketReports","MINT0106",2,2,1.0000,0,0.0000,0,0,0,0,0,0,0
"RocketReports","MINT0107",1,1,1.0000,0,0.0000,0,0,0,0,0,0,0
"RocketReports","MINT0108",6,6,1.0000,0,0.0000,0,0,0,0,0,0,0
"RocketReports","MINT0109",3,3,1.0000,0,0.0000,0,0,0,0,0,0,0
"RocketReports","MINT0110",4,4,1.0000,0,0.0000,0,0,0,0,0,0,0
"RocketReports","MINT0112",2,2,1.0000,0,0.0000,0,0,0,0,0,0,0
"RocketReports","MINT0115",3,3,1.0000,0,0.0000,0,0,0,0,0,0,0
"RocketReports","MINT0116",1,1,1.0000,0,0.0000,0,0,0,0,0,0,0
"RocketReports","MINT0118",3,3,1.0000,0,0.0000,0,0,0,0,0,0,0
"RocketReports","MINT0120",1,1,1.0000,0,0.0000,0,0,0,0,0,0,0
"RocketReports","MINT0121",4,4,1.0000,0,0.0000,0,0,0,0,0,0,0
"RocketReports","MINT0125",39,32,0.8205,7,0.1794,4,0,0,0,0,0,3
"RocketReports","MINT0126",2,2,1.0000,0,0.0000,0,0,0,0,0,0,0
"RocketReports","MINT0127",8,5,0.6250,3,0.3750,1,0,0,0,0,0,2
"RocketReports","MINT0131",1,0,0.0000,1,1.0000,1,0,0,0,0,0,0
"RocketReports","MINT0133",3,2,0.6666,1,0.3333,0,0,0,0,0,0,1
"RocketReports","MINT0135",11,8,0.7272,3,0.2727,1,1,0,0,0,0,1
"RocketReports","MINT0137",8,8,1.0000,0,0.0000,0,0,0,0,0,0,0
"RocketReports","MINT0142",1,1,1.0000,0,0.0000,0,0,0,0,0,0,0
"RocketReports","MINT0143",3,3,1.0000,0,0.0000,0,0,0,0,0,0,0
"RocketReports","MINT0144",7,7,1.0000,0,0.0000,0,0,0,0,0,0,0
"RocketReports","MINT0145",1,1,1.0000,0,0.0000,0,0,0,0,0,0,0
"RocketReports","MINT0148",1,1,1.0000,0,0.0000,0,0,0,0,0,0,0
"RocketReports","MINT0149",3,3,1.0000,0,0.0000,0,0,0,0,0,0,0
"RocketReports","MINT0152",5,5,1.0000,0,0.0000,0,0,0,0,0,0,0
"RocketReports","MINT0154",17,16,0.9411,1,0.0588,1,0,0,0,0,0,0
"RocketReports","MINT0155",9,9,1.0000,0,0.0000,0,0,0,0,0,0,0
"RocketReports","MINT0157",4,3,0.7500,1,0.2500,1,0,0,0,0,0,0
"RocketReports","MINT0160",4,4,1.0000,0,0.0000,0,0,0,0,0,0,0
"RocketReports","MINT0161",2,2,1.0000,0,0.0000,0,0,0,0,0,0,0
"RocketReports","MINT0163",11,11,1.0000,0,0.0000,0,0,0,0,0,0,0
"RocketReports","MINT0201",1,1,1.0000,0,0.0000,0,0,0,0,0,0,0
"RocketReports","MINT0207",5,3,0.6000,2,0.4000,0,2,0,0,0,0,0
"RocketReports","MINT0208",3,3,1.0000,0,0.0000,0,0,0,0,0,0,0
"RocketReports","MINT0209",5,3,0.6000,2,0.4000,2,0,0,0,0,0,0
"RocketReports","MINT0305",3,3,1.0000,0,0.0000,0,0,0,0,0,0,0
"RocketReports","MINT0350",2,2,1.0000,0,0.0000,0,0,0,0,0,0,0
"RocketReports","MINT0351",13,8,0.6153,5,0.3846,5,0,0,0,0,0,0
"RocketReports","MINT0352",4,3,0.7500,1,0.2500,1,0,0,0,0,0,0
"RocketReports","MINT0353",12,12,1.0000,0,0.0000,0,0,0,0,0,0,0
"RocketReports","MINT0355",11,10,0.9090,1,0.0909,0,0,0,0,0,0,1
"RocketReports","MINT0356",6,5,0.8333,1,0.1666,0,0,0,0,0,0,1
"RocketReports","MINT0357",1,1,1.0000,0,0.0000,0,0,0,0,0,0,0
"RocketReports","MINT0359",3,3,1.0000,0,0.0000,0,0,0,0,0,0,0
"RocketReports","MINT0360",5,5,1.0000,0,0.0000,0,0,0,0,0,0,0
"RocketReports","MINT0400",2,2,1.0000,0,0.0000,0,0,0,0,0,0,0
"RocketReports","MINT0401",3,3,1.0000,0,0.0000,0,0,0,0,0,0,0
"RocketReports","MINT0402",9,7,0.7777,2,0.2222,2,0,0,0,0,0,0
"RocketReports","MINT0403",5,5,1.0000,0,0.0000,0,0,0,0,0,0,0
"RocketReports","MINT0404",1,1,1.0000,0,0.0000,0,0,0,0,0,0,0
"RocketReports","MINT0405",1,1,1.0000,0,0.0000,0,0,0,0,0,0,0
"RocketReports","MINT0409",7,3,0.4285,4,0.5714,0,0,0,0,0,0,4
"RocketReports","MINT0411",4,3,0.7500,1,0.2500,0,0,0,0,0,0,1
"RocketReports","MINT0412",1,1,1.0000,0,0.0000,0,0,0,0,0,0,0
"RocketReports","MINT0413",2,2,1.0000,0,0.0000,0,0,0,0,0,0,0
"RocketReports","MINT0414",2,2,1.0000,0,0.0000,0,0,0,0,0,0,0
"RocketReports","MINT0416",1,1,1.0000,0,0.0000,0,0,0,0,0,0,0
"RocketReports","MINT0494",4,3,0.7500,1,0.2500,1,0,0,0,0,0,0
"RocketReports","MINT0495",5,4,0.8000,1,0.2000,0,0,1,0,0,0,0
"RocketReports","MINT0497",7,6,0.8571,1,0.1428,0,0,0,0,0,0,1
"RocketReports","MINT0508",53,48,0.9056,5,0.0943,3,0,0,0,0,0,2
"RocketReports","MINT0519",3,3,1.0000,0,0.0000,0,0,0,0,0,0,0
"RocketReports","MINT0529",2,1,0.5000,1,0.5000,0,0,0,0,0,0,1
"RocketReports","MINT0531",4,4,1.0000,0,0.0000,0,0,0,0,0,0,0
"RocketReports","MINT0532",15,15,1.0000,0,0.0000,0,0,0,0,0,0,0
"RocketReports","MINT0533",4,3,0.7500,1,0.2500,0,1,0,0,0,0,0
"RocketReports","MINT0534",6,4,0.6666,2,0.3333,0,1,0,0,0,0,1
"RocketReports","MINT0535",5,5,1.0000,0,0.0000,0,0,0,0,0,0,0
"RocketReports","MINT0537",6,6,1.0000,0,0.0000,0,0,0,0,0,0,0
"RocketReports","MINT0542",13,6,0.4615,7,0.5384,0,5,0,0,0,0,2
"RocketReports","MINT0545",4,4,1.0000,0,0.0000,0,0,0,0,0,0,0
"RocketReports","MINT0550",35,32,0.9142,3,0.0857,0,0,0,0,0,0,3
"RocketReports","MINT0554",3,3,1.0000,0,0.0000,0,0,0,0,0,0,0
"RocketReports","MINT0555",2,2,1.0000,0,0.0000,0,0,0,0,0,0,0
"RocketReports","MINT0557",11,9,0.8181,2,0.1818,0,1,0,0,0,0,1
"RocketReports","MINT0559",3,3,1.0000,0,0.0000,0,0,0,0,0,0,0
"RocketReports","MINT0562",4,4,1.0000,0,0.0000,0,0,0,0,0,0,0
"RocketReports","MINT0563",4,4,1.0000,0,0.0000,0,0,0,0,0,0,0
"RocketReports","MINT0564",3,2,0.6666,1,0.3333,0,0,0,0,0,0,1
"RocketReports","MINT0567",7,7,1.0000,0,0.0000,0,0,0,0,0,0,0
"RocketReports","MINT0569",5,4,0.8000,1,0.2000,0,0,0,0,0,0,1
"RocketReports","MINT0570",4,2,0.5000,2,0.5000,0,1,0,0,0,0,1
"RocketReports","MINT0571",9,7,0.7777,2,0.2222,0,0,0,0,0,0,2
"RocketReports","MINT0572",8,6,0.7500,2,0.2500,1,0,0,0,0,0,1
"RocketReports","MINT0574",7,5,0.7142,2,0.2857,0,0,0,0,0,0,2
"RocketReports","MINT0581",2,2,1.0000,0,0.0000,0,0,0,0,0,0,0
"RocketReports","MINT0582",8,6,0.7500,2,0.2500,2,0,0,0,0,0,0
"RocketReports","MINT0584",11,11,1.0000,0,0.0000,0,0,0,0,0,0,0
"RocketReports","MINT0585",3,3,1.0000,0,0.0000,0,0,0,0,0,0,0
"RocketReports","MINT0589",1,1,1.0000,0,0.0000,0,0,0,0,0,0,0
"RocketReports","MINT0591",2,2,1.0000,0,0.0000,0,0,0,0,0,0,0
"RocketReports","MINT0593",4,3,0.7500,1,0.2500,0,0,0,0,0,0,1
"RocketReports","MINT0596",16,15,0.9375,1,0.0625,0,1,0,0,0,0,0
"RocketReports","MINT0598",3,3,1.0000,0,0.0000,0,0,0,0,0,0,0
"RocketReports","MINT0599",25,23,0.9200,2,0.0800,1,0,0,0,0,0,1
"RocketReports","MINT0600",2,2,1.0000,0,0.0000,0,0,0,0,0,0,0
"RocketReports","MINT0602",8,7,0.8750,1,0.1250,0,0,0,0,0,0,1
"RocketReports","MINT0606",13,13,1.0000,0,0.0000,0,0,0,0,0,0,0
"RocketReports","MINT0609",6,3,0.5000,3,0.5000,0,3,0,0,0,0,0
"RocketReports","MINT0610",2,2,1.0000,0,0.0000,0,0,0,0,0,0,0
"RocketReports","MINT0707",6,6,1.0000,0,0.0000,0,0,0,0,0,0,0
"RocketReports","MINT0711",1,1,1.0000,0,0.0000,0,0,0,0,0,0,0
"RocketReports","MINT0712",4,4,1.0000,0,0.0000,0,0,0,0,0,0,0
"RocketReports","MINT0901",2,2,1.0000,0,0.0000,0,0,0,0,0,0,0
"RocketReports","MINT0902",1,1,1.0000,0,0.0000,0,0,0,0,0,0,0
"RocketReports","MINT0903",1,1,1.0000,0,0.0000,0,0,0,0,0,0,0
"RocketReports","MINT0905",1,1,1.0000,0,0.0000,0,0,0,0,0,0,0
"RocketReports","MINT0906",1,1,1.0000,0,0.0000,0,0,0,0,0,0,0
"RocketReports","MINT0909",1,1,1.0000,0,0.0000,0,0,0,0,0,0,0
"RocketReports","MINT0912",12,10,0.8333,2,0.1666,0,0,1,0,0,0,1
"RocketReports","MINT0913",15,9,0.6000,6,0.4000,5,0,1,0,0,0,0
"RocketReports","MINT0915",1,1,1.0000,0,0.0000,0,0,0,0,0,0,0
"RocketReports","MINT0916",7,7,1.0000,0,0.0000,0,0,0,0,0,0,0
"RocketReports","MINT0918",2,1,0.5000,1,0.5000,0,0,0,0,0,0,1
"RocketReports","MINT0919",16,16,1.0000,0,0.0000,0,0,0,0,0,0,0
"RocketReports","MINT0921",1,1,1.0000,0,0.0000,0,0,0,0,0,0,0
"RocketReports","MINT0922",1,1,1.0000,0,0.0000,0,0,0,0,0,0,0
"RocketReports","MINT0926",1,1,1.0000,0,0.0000,0,0,0,0,0,0,0
"RocketReports","MINT1011",1,1,1.0000,0,0.0000,0,0,0,0,0,0,0
"RocketReports","MINT1016",15,15,1.0000,0,0.0000,0,0,0,0,0,0,0
"RocketReports","MINT1017",3,2,0.6666,1,0.3333,0,0,0,0,0,1,0
"RocketReports","MINT1018",1,1,1.0000,0,0.0000,0,0,0,0,0,0,0
"RocketReports","MINT1019",3,3,1.0000,0,0.0000,0,0,0,0,0,0,0
"RocketReports","MINT1041",6,6,1.0000,0,0.0000,0,0,0,0,0,0,0
"RocketReports","MINT1050",6,6,1.0000,0,0.0000,0,0,0,0,0,0,0
"RocketReports","MINT1061",5,5,1.0000,0,0.0000,0,0,0,0,0,0,0
"RocketReports","MINT1062",4,4,1.0000,0,0.0000,0,0,0,0,0,0,0
"RocketReports","MINT1063",39,38,0.9743,1,0.0256,0,0,0,0,0,0,1
"RocketReports","MINT1066",8,8,1.0000,0,0.0000,0,0,0,0,0,0,0
"RocketReports","MINT1068",1,1,1.0000,0,0.0000,0,0,0,0,0,0,0
"RocketReports","MINT1069",2,2,1.0000,0,0.0000,0,0,0,0,0,0,0
"RocketReports","MINT1073",1,1,1.0000,0,0.0000,0,0,0,0,0,0,0
"RocketReports","MINT1074",5,5,1.0000,0,0.0000,0,0,0,0,0,0,0
"RocketReports","MINT1075",13,11,0.8461,2,0.1538,1,1,0,0,0,0,0
"RocketReports","MINT1076",6,6,1.0000,0,0.0000,0,0,0,0,0,0,0
"RocketReports","MINT1080",4,4,1.0000,0,0.0000,0,0,0,0,0,0,0
"RocketReports","MINT1081",3,2,0.6666,1,0.3333,1,0,0,0,0,0,0
"RocketReports","MINT1083",1,1,1.0000,0,0.0000,0,0,0,0,0,0,0
"RocketReports","MINT1085",9,9,1.0000,0,0.0000,0,0,0,0,0,0,0
"RocketReports","MINT1086",4,4,1.0000,0,0.0000,0,0,0,0,0,0,0
"RocketReports","MINT1087",4,3,0.7500,1,0.2500,0,0,0,0,0,0,1
"RocketReports","MINT1091",3,3,1.0000,0,0.0000,0,0,0,0,0,0,0
"RocketReports","MINT1093",5,4,0.8000,1,0.2000,0,1,0,0,0,0,0
"RocketReports","MINT3000",14,10,0.7142,4,0.2857,2,0,1,0,0,0,1
"RocketReports","MINT3001",10,10,1.0000,0,0.0000,0,0,0,0,0,0,0
"RocketReports","MINT4000",12,10,0.8333,2,0.1666,0,0,0,0,0,0,2
"RocketReports","MINT4001",5,4,0.8000,1,0.2000,0,0,0,0,0,0,1
"RocketReports","MINT4002",4,3,0.7500,1,0.2500,0,1,0,0,0,0,0
"RocketReports","MINT4003",9,9,1.0000,0,0.0000,0,0,0,0,0,0,0
"RocketReports","MINT4005",26,25,0.9615,1,0.0384,0,0,0,0,0,0,1
"RocketReports","MINT4009",49,39,0.7959,10,0.2040,7,3,0,0,0,0,0
"RocketReports","MINT4010",43,39,0.9069,4,0.0930,2,0,2,0,0,0,0
"RocketReports","MINT4014",20,19,0.9500,1,0.0500,0,0,1,0,0,0,0
"RocketReports","MINT4015",32,28,0.8750,4,0.1250,1,1,1,0,0,0,1
"RocketReports","MINT4018",2,1,0.5000,1,0.5000,0,0,0,0,0,1,0
"RocketReports","MINT4020",10,9,0.9000,1,0.1000,1,0,0,0,0,0,0
"RocketReports","MINT4022",46,42,0.9130,4,0.0869,3,0,0,0,0,0,1
"RocketReports","MINT4023",1,0,0.0000,1,1.0000,0,0,0,0,0,0,1
"RocketReports","MINT4024",16,14,0.8750,2,0.1250,1,0,0,0,0,0,1
"RocketReports","MINT4025",17,17,1.0000,0,0.0000,0,0,0,0,0,0,0
"RocketReports","MINT4026",6,6,1.0000,0,0.0000,0,0,0,0,0,0,0
"RocketReports","MINT4027",1,1,1.0000,0,0.0000,0,0,0,0,0,0,0
"RocketReports","MINT4028",1,1,1.0000,0,0.0000,0,0,0,0,0,0,0
"RocketReports","MINT4031",6,6,1.0000,0,0.0000,0,0,0,0,0,0,0
"RocketReports","MINT4033",6,6,1.0000,0,0.0000,0,0,0,0,0,0,0
"RocketReports","MINT4036",9,8,0.8888,1,0.1111,0,0,0,0,0,0,1
"RocketReports","MINT4037",3,0,0.0000,3,1.0000,1,0,0,0,0,2,0
"RocketReports","MINT5000",1,1,1.0000,0,0.0000,0,0,0,0,0,0,0
"RocketReports","MINT5001",16,15,0.9375,1,0.0625,0,0,0,0,0,0,1
"RocketReports","MINT5002",5,5,1.0000,0,0.0000,0,0,0,0,0,0,0
"RocketReports","MINT5003",1,1,1.0000,0,0.0000,0,0,0,0,0,0,0
"RocketReports","MINT5006",1,1,1.0000,0,0.0000,0,0,0,0,0,0,0
"RocketReports","MINT5007",1,1,1.0000,0,0.0000,0,0,0,0,0,0,0
"RocketReports","MINTHI11",1,1,1.0000,0,0.0000,0,0,0,0,0,0,0
"RocketReports","MINTHI21",9,8,0.8888,1,0.1111,1,0,0,0,0,0,0
"RocketReports","MINTHI31",24,23,0.9583,1,0.0416,0,0,0,0,0,0,1
"RocketReports","MINTHI41",5,5,1.0000,0,0.0000,0,0,0,0,0,0,0
"RocketReports","MINTHI51",11,10,0.9090,1,0.0909,0,0,0,0,0,0,1
"RocketReports","MINTHI62",8,7,0.8750,1,0.1250,0,0,1,0,0,0,0
"RocketReports","MINTHI71",15,12,0.8000,3,0.2000,2,0,0,0,0,0,1
"RocketReports","MINTPLB1",5,5,1.0000,0,0.0000,0,0,0,0,0,0,0
"RocketReports","MINTPLB2",3,1,0.3333,2,0.6666,2,0,0,0,0,0,0
"RocketReports","MINTPLB3",7,7,1.0000,0,0.0000,0,0,0,0,0,0,0
"RocketReports","MINTPLB4",6,5,0.8333,1,0.1666,1,0,0,0,0,0,0
"RocketReports","MINTPLB5",4,4,1.0000,0,0.0000,0,0,0,0,0,0,0
"RocketReports","MINTPMH1",10,10,1.0000,0,0.0000,0,0,0,0,0,0,0
"RocketReports","MINTPMH2",1,1,1.0000,0,0.0000,0,0,0,0,0,0,0
"RocketReports","TNS5GBZ3",25,22,0.8800,3,0.1200,0,0,1,0,0,0,2
"RocketReports","TNS5GBZ4",2,0,0.0000,2,1.0000,0,0,0,0,0,0,2
