"MintATM","MINT0009",38,26,0.6842,12,0.3157,10,0,1,0,0,0,1
"MintATM","MINT0010",66,62,0.9393,4,0.0606,1,1,0,0,0,0,2
"MintATM","MINT0025",6,6,1.0000,0,0.0000,0,0,0,0,0,0,0
"MintATM","MINT0026",3,3,1.0000,0,0.0000,0,0,0,0,0,0,0
"MintATM","MINT0027",11,9,0.8181,2,0.1818,2,0,0,0,0,0,0
"MintATM","MINT0028",3,1,0.3333,2,0.6666,1,0,0,0,0,0,1
"MintATM","MINT0032",16,16,1.0000,0,0.0000,0,0,0,0,0,0,0
"MintATM","MINT0034",11,10,0.9090,1,0.0909,1,0,0,0,0,0,0
"MintATM","MINT0041",7,7,1.0000,0,0.0000,0,0,0,0,0,0,0
"MintATM","MINT0042",16,7,0.4375,9,0.5625,8,0,0,0,0,0,1
"MintATM","MINT0050",2,2,1.0000,0,0.0000,0,0,0,0,0,0,0
"MintATM","MINT0051",1,1,1.0000,0,0.0000,0,0,0,0,0,0,0
"MintATM","MINT0052",1,1,1.0000,0,0.0000,0,0,0,0,0,0,0
"MintATM","MINT0053",1,1,1.0000,0,0.0000,0,0,0,0,0,0,0
"MintATM","MINT0054",1,1,1.0000,0,0.0000,0,0,0,0,0,0,0
"MintATM","MINT0055",2,2,1.0000,0,0.0000,0,0,0,0,0,0,0
"MintATM","MINT0056",2,2,1.0000,0,0.0000,0,0,0,0,0,0,0
"MintATM","MINT0058",1,1,1.0000,0,0.0000,0,0,0,0,0,0,0
"MintATM","MINT0059",1,0,0.0000,1,1.0000,1,0,0,0,0,0,0
"MintATM","MINT0062",16,15,0.9375,1,0.0625,1,0,0,0,0,0,0
"MintATM","MINT0063",3,3,1.0000,0,0.0000,0,0,0,0,0,0,0
"MintATM","MINT0065",1,1,1.0000,0,0.0000,0,0,0,0,0,0,0
"MintATM","MINT0067",4,4,1.0000,0,0.0000,0,0,0,0,0,0,0
"MintATM","MINT0068",2,2,1.0000,0,0.0000,0,0,0,0,0,0,0
"MintATM","MINT0069",61,57,0.9344,4,0.0655,1,0,0,0,0,0,3
"MintATM","MINT0104",1,1,1.0000,0,0.0000,0,0,0,0,0,0,0
"MintATM","MINT0105",1,1,1.0000,0,0.0000,0,0,0,0,0,0,0
"MintATM","MINT0106",2,2,1.0000,0,0.0000,0,0,0,0,0,0,0
"MintATM","MINT0107",6,5,0.8333,1,0.1666,0,0,0,0,0,0,1
"MintATM","MINT0108",6,6,1.0000,0,0.0000,0,0,0,0,0,0,0
"MintATM","MINT0109",7,7,1.0000,0,0.0000,0,0,0,0,0,0,0
"MintATM","MINT0110",1,1,1.0000,0,0.0000,0,0,0,0,0,0,0
"MintATM","MINT0112",14,13,0.9285,1,0.0714,1,0,0,0,0,0,0
"MintATM","MINT0121",9,4,0.4444,5,0.5555,0,5,0,0,0,0,0
"MintATM","MINT0124",3,2,0.6666,1,0.3333,0,0,0,0,0,0,1
"MintATM","MINT0125",3,3,1.0000,0,0.0000,0,0,0,0,0,0,0
"MintATM","MINT0126",7,6,0.8571,1,0.1428,0,0,0,0,0,1,0
"MintATM","MINT0127",2,2,1.0000,0,0.0000,0,0,0,0,0,0,0
"MintATM","MINT0133",2,2,1.0000,0,0.0000,0,0,0,0,0,0,0
"MintATM","MINT0135",2,1,0.5000,1,0.5000,1,0,0,0,0,0,0
"MintATM","MINT0137",7,7,1.0000,0,0.0000,0,0,0,0,0,0,0
"MintATM","MINT0138",2,2,1.0000,0,0.0000,0,0,0,0,0,0,0
"MintATM","MINT0144",3,2,0.6666,1,0.3333,0,0,0,0,0,0,1
"MintATM","MINT0149",1,1,1.0000,0,0.0000,0,0,0,0,0,0,0
"MintATM","MINT0150",1,1,1.0000,0,0.0000,0,0,0,0,0,0,0
"MintATM","MINT0153",1,1,1.0000,0,0.0000,0,0,0,0,0,0,0
"MintATM","MINT0154",18,16,0.8888,2,0.1111,1,1,0,0,0,0,0
"MintATM","MINT0155",7,7,1.0000,0,0.0000,0,0,0,0,0,0,0
"MintATM","MINT0157",1,1,1.0000,0,0.0000,0,0,0,0,0,0,0
"MintATM","MINT0160",5,5,1.0000,0,0.0000,0,0,0,0,0,0,0
"MintATM","MINT0207",3,2,0.6666,1,0.3333,0,0,0,0,0,0,1
"MintATM","MINT0208",1,1,1.0000,0,0.0000,0,0,0,0,0,0,0
"MintATM","MINT0209",5,4,0.8000,1,0.2000,1,0,0,0,0,0,0
"MintATM","MINT0305",1,1,1.0000,0,0.0000,0,0,0,0,0,0,0
"MintATM","MINT0350",2,2,1.0000,0,0.0000,0,0,0,0,0,0,0
"MintATM","MINT0351",5,3,0.6000,2,0.4000,2,0,0,0,0,0,0
"MintATM","MINT0352",3,3,1.0000,0,0.0000,0,0,0,0,0,0,0
"MintATM","MINT0353",7,7,1.0000,0,0.0000,0,0,0,0,0,0,0
"MintATM","MINT0355",3,3,1.0000,0,0.0000,0,0,0,0,0,0,0
"MintATM","MINT0356",6,5,0.8333,1,0.1666,1,0,0,0,0,0,0
"MintATM","MINT0357",3,3,1.0000,0,0.0000,0,0,0,0,0,0,0
"MintATM","MINT0358",2,2,1.0000,0,0.0000,0,0,0,0,0,0,0
"MintATM","MINT0359",4,4,1.0000,0,0.0000,0,0,0,0,0,0,0
"MintATM","MINT0360",1,1,1.0000,0,0.0000,0,0,0,0,0,0,0
"MintATM","MINT0400",1,1,1.0000,0,0.0000,0,0,0,0,0,0,0
"MintATM","MINT0401",1,1,1.0000,0,0.0000,0,0,0,0,0,0,0
"MintATM","MINT0402",5,3,0.6000,2,0.4000,1,0,0,0,0,1,0
"MintATM","MINT0404",1,1,1.0000,0,0.0000,0,0,0,0,0,0,0
"MintATM","MINT0411",3,3,1.0000,0,0.0000,0,0,0,0,0,0,0
"MintATM","MINT0412",3,3,1.0000,0,0.0000,0,0,0,0,0,0,0
"MintATM","MINT0414",2,2,1.0000,0,0.0000,0,0,0,0,0,0,0
"MintATM","MINT0494",1,1,1.0000,0,0.0000,0,0,0,0,0,0,0
"MintATM","MINT0495",16,12,0.7500,4,0.2500,1,0,2,0,0,0,1
"MintATM","MINT0497",6,5,0.8333,1,0.1666,0,0,0,0,0,0,1
"MintATM","MINT0498",1,1,1.0000,0,0.0000,0,0,0,0,0,0,0
"MintATM","MINT0499",4,4,1.0000,0,0.0000,0,0,0,0,0,0,0
"MintATM","MINT0501",1,1,1.0000,0,0.0000,0,0,0,0,0,0,0
"MintATM","MINT0504",7,7,1.0000,0,0.0000,0,0,0,0,0,0,0
"MintATM","MINT0508",83,76,0.9156,7,0.0843,3,0,1,0,0,0,3
"MintATM","MINT0527",6,5,0.8333,1,0.1666,1,0,0,0,0,0,0
"MintATM","MINT0529",2,2,1.0000,0,0.0000,0,0,0,0,0,0,0
"MintATM","MINT0531",2,2,1.0000,0,0.0000,0,0,0,0,0,0,0
"MintATM","MINT0532",24,22,0.9166,2,0.0833,1,1,0,0,0,0,0
"MintATM","MINT0533",1,1,1.0000,0,0.0000,0,0,0,0,0,0,0
"MintATM","MINT0534",6,6,1.0000,0,0.0000,0,0,0,0,0,0,0
"MintATM","MINT0535",5,4,0.8000,1,0.2000,0,1,0,0,0,0,0
"MintATM","MINT0538",1,1,1.0000,0,0.0000,0,0,0,0,0,0,0
"MintATM","MINT0539",9,3,0.3333,6,0.6666,0,6,0,0,0,0,0
"MintATM","MINT0542",1,1,1.0000,0,0.0000,0,0,0,0,0,0,0
"MintATM","MINT0545",3,1,0.3333,2,0.6666,1,0,0,0,0,0,1
"MintATM","MINT0546",8,8,1.0000,0,0.0000,0,0,0,0,0,0,0
"MintATM","MINT0548",1,1,1.0000,0,0.0000,0,0,0,0,0,0,0
"MintATM","MINT0550",42,39,0.9285,3,0.0714,0,0,2,0,0,0,1
"MintATM","MINT0555",6,6,1.0000,0,0.0000,0,0,0,0,0,0,0
"MintATM","MINT0556",7,7,1.0000,0,0.0000,0,0,0,0,0,0,0
"MintATM","MINT0557",18,17,0.9444,1,0.0555,0,0,0,0,0,0,1
"MintATM","MINT0559",7,5,0.7142,2,0.2857,0,0,0,0,0,0,2
"MintATM","MINT0560",1,1,1.0000,0,0.0000,0,0,0,0,0,0,0
"MintATM","MINT0561",7,7,1.0000,0,0.0000,0,0,0,0,0,0,0
"MintATM","MINT0562",7,7,1.0000,0,0.0000,0,0,0,0,0,0,0
"MintATM","MINT0563",2,2,1.0000,0,0.0000,0,0,0,0,0,0,0
"MintATM","MINT0564",4,4,1.0000,0,0.0000,0,0,0,0,0,0,0
"MintATM","MINT0567",13,10,0.7692,3,0.2307,2,1,0,0,0,0,0
"MintATM","MINT0569",6,5,0.8333,1,0.1666,0,0,0,0,0,0,1
"MintATM","MINT0570",4,3,0.7500,1,0.2500,0,0,0,0,0,0,1
"MintATM","MINT0571",3,3,1.0000,0,0.0000,0,0,0,0,0,0,0
"MintATM","MINT0572",12,12,1.0000,0,0.0000,0,0,0,0,0,0,0
"MintATM","MINT0574",4,3,0.7500,1,0.2500,0,1,0,0,0,0,0
"MintATM","MINT0577",1,1,1.0000,0,0.0000,0,0,0,0,0,0,0
"MintATM","MINT0579",5,5,1.0000,0,0.0000,0,0,0,0,0,0,0
"MintATM","MINT0581",5,5,1.0000,0,0.0000,0,0,0,0,0,0,0
"MintATM","MINT0582",3,3,1.0000,0,0.0000,0,0,0,0,0,0,0
"MintATM","MINT0584",9,9,1.0000,0,0.0000,0,0,0,0,0,0,0
"MintATM","MINT0590",2,2,1.0000,0,0.0000,0,0,0,0,0,0,0
"MintATM","MINT0592",1,1,1.0000,0,0.0000,0,0,0,0,0,0,0
"MintATM","MINT0593",6,6,1.0000,0,0.0000,0,0,0,0,0,0,0
"MintATM","MINT0594",8,8,1.0000,0,0.0000,0,0,0,0,0,0,0
"MintATM","MINT0595",10,9,0.9000,1,0.1000,0,0,0,0,0,0,1
"MintATM","MINT0596",22,22,1.0000,0,0.0000,0,0,0,0,0,0,0
"MintATM","MINT0606",10,5,0.5000,5,0.5000,1,2,0,0,0,0,2
"MintATM","MINT0707",8,8,1.0000,0,0.0000,0,0,0,0,0,0,0
"MintATM","MINT0711",4,3,0.7500,1,0.2500,0,0,0,0,0,0,1
"MintATM","MINT0712",1,1,1.0000,0,0.0000,0,0,0,0,0,0,0
"MintATM","MINT0903",1,1,1.0000,0,0.0000,0,0,0,0,0,0,0
"MintATM","MINT0906",1,1,1.0000,0,0.0000,0,0,0,0,0,0,0
"MintATM","MINT0908",1,1,1.0000,0,0.0000,0,0,0,0,0,0,0
"MintATM","MINT0909",1,1,1.0000,0,0.0000,0,0,0,0,0,0,0
"MintATM","MINT0910",1,1,1.0000,0,0.0000,0,0,0,0,0,0,0
"MintATM","MINT0912",16,16,1.0000,0,0.0000,0,0,0,0,0,0,0
"MintATM","MINT0913",12,11,0.9166,1,0.0833,1,0,0,0,0,0,0
"MintATM","MINT0916",4,4,1.0000,0,0.0000,0,0,0,0,0,0,0
"MintATM","MINT0918",1,1,1.0000,0,0.0000,0,0,0,0,0,0,0
"MintATM","MINT0919",43,36,0.8372,7,0.1627,4,1,2,0,0,0,0
"MintATM","MINT0920",2,2,1.0000,0,0.0000,0,0,0,0,0,0,0
"MintATM","MINT0921",1,1,1.0000,0,0.0000,0,0,0,0,0,0,0
"MintATM","MINT0922",8,8,1.0000,0,0.0000,0,0,0,0,0,0,0
"MintATM","MINT0923",1,1,1.0000,0,0.0000,0,0,0,0,0,0,0
"MintATM","MINT0925",1,1,1.0000,0,0.0000,0,0,0,0,0,0,0
"MintATM","MINT0926",3,3,1.0000,0,0.0000,0,0,0,0,0,0,0
"MintATM","MINT1010",1,1,1.0000,0,0.0000,0,0,0,0,0,0,0
"MintATM","MINT1011",1,1,1.0000,0,0.0000,0,0,0,0,0,0,0
"MintATM","MINT1012",2,2,1.0000,0,0.0000,0,0,0,0,0,0,0
"MintATM","MINT1015",28,28,1.0000,0,0.0000,0,0,0,0,0,0,0
"MintATM","MINT1016",15,15,1.0000,0,0.0000,0,0,0,0,0,0,0
"MintATM","MINT1041",4,4,1.0000,0,0.0000,0,0,0,0,0,0,0
"MintATM","MINT1050",1,1,1.0000,0,0.0000,0,0,0,0,0,0,0
"MintATM","MINT1061",3,3,1.0000,0,0.0000,0,0,0,0,0,0,0
"MintATM","MINT1062",2,2,1.0000,0,0.0000,0,0,0,0,0,0,0
"MintATM","MINT1063",48,48,1.0000,0,0.0000,0,0,0,0,0,0,0
"MintATM","MINT1069",1,1,1.0000,0,0.0000,0,0,0,0,0,0,0
"MintATM","MINT1070",3,2,0.6666,1,0.3333,1,0,0,0,0,0,0
"MintATM","MINT1072",3,3,1.0000,0,0.0000,0,0,0,0,0,0,0
"MintATM","MINT1074",2,2,1.0000,0,0.0000,0,0,0,0,0,0,0
"MintATM","MINT1075",13,12,0.9230,1,0.0769,0,0,0,0,0,1,0
"MintATM","MINT1076",4,3,0.7500,1,0.2500,1,0,0,0,0,0,0
"MintATM","MINT1077",4,3,0.7500,1,0.2500,1,0,0,0,0,0,0
"MintATM","MINT1081",1,1,1.0000,0,0.0000,0,0,0,0,0,0,0
"MintATM","MINT3000",28,27,0.9642,1,0.0357,0,1,0,0,0,0,0
"MintATM","MINT3001",3,3,1.0000,0,0.0000,0,0,0,0,0,0,0
"MintATM","MINT4000",27,26,0.9629,1,0.0370,1,0,0,0,0,0,0
"MintATM","MINT4003",17,16,0.9411,1,0.0588,0,0,0,0,0,0,1
"MintATM","MINT4005",30,28,0.9333,2,0.0666,2,0,0,0,0,0,0
"MintATM","MINT4006",1,1,1.0000,0,0.0000,0,0,0,0,0,0,0
"MintATM","MINT4009",51,45,0.8823,6,0.1176,3,1,0,0,0,0,2
"MintATM","MINT4010",20,16,0.8000,4,0.2000,2,0,2,0,0,0,0
"MintATM","MINT4012",1,1,1.0000,0,0.0000,0,0,0,0,0,0,0
"MintATM","MINT4014",14,14,1.0000,0,0.0000,0,0,0,0,0,0,0
"MintATM","MINT4015",18,18,1.0000,0,0.0000,0,0,0,0,0,0,0
"MintATM","MINT4020",8,8,1.0000,0,0.0000,0,0,0,0,0,0,0
"MintATM","MINT4022",58,51,0.8793,7,0.1206,4,1,0,0,0,0,2
"MintATM","MINT4023",13,13,1.0000,0,0.0000,0,0,0,0,0,0,0
"MintATM","MINT4024",27,25,0.9259,2,0.0740,2,0,0,0,0,0,0
"MintATM","MINT4026",2,2,1.0000,0,0.0000,0,0,0,0,0,0,0
"MintATM","MINT4028",1,1,1.0000,0,0.0000,0,0,0,0,0,0,0
"MintATM","MINT4030",1,1,1.0000,0,0.0000,0,0,0,0,0,0,0
"MintATM","MINT4031",9,8,0.8888,1,0.1111,0,0,0,0,0,0,1
"MintATM","MINT4033",8,5,0.6250,3,0.3750,1,0,0,0,0,0,2
"MintATM","MINT5001",9,9,1.0000,0,0.0000,0,0,0,0,0,0,0
"MintATM","MINT5002",4,4,1.0000,0,0.0000,0,0,0,0,0,0,0
"MintATM","MINTHI11",2,2,1.0000,0,0.0000,0,0,0,0,0,0,0
"MintATM","MINTHI21",1,1,1.0000,0,0.0000,0,0,0,0,0,0,0
"MintATM","MINTHI31",2,2,1.0000,0,0.0000,0,0,0,0,0,0,0
"MintATM","MINTHI41",3,2,0.6666,1,0.3333,0,1,0,0,0,0,0
"MintATM","MINTHI51",1,1,1.0000,0,0.0000,0,0,0,0,0,0,0
"MintATM","MINTHI61",2,2,1.0000,0,0.0000,0,0,0,0,0,0,0
"MintATM","MINTHI62",8,8,1.0000,0,0.0000,0,0,0,0,0,0,0
"MintATM","MINTPLB1",6,6,1.0000,0,0.0000,0,0,0,0,0,0,0
"MintATM","MINTPLB2",1,1,1.0000,0,0.0000,0,0,0,0,0,0,0
"MintATM","MINTPLB4",8,7,0.8750,1,0.1250,0,0,1,0,0,0,0
"MintATM","MINTPLB5",3,3,1.0000,0,0.0000,0,0,0,0,0,0,0
"MintATM","TNS5GBZ3",11,11,1.0000,0,0.0000,0,0,0,0,0,0,0
"MintATM","TNS5GBZ4",2,2,1.0000,0,0.0000,0,0,0,0,0,0,0
