"RocketReports","MINT0009",75,62,0.8266,13,0.1733,9,0,2,0,0,0,2
"RocketReports","MINT0026",6,4,0.6666,2,0.3333,1,0,0,0,0,0,1
"RocketReports","MINT0027",1,1,1.0000,0,0.0000,0,0,0,0,0,0,0
"RocketReports","MINT0028",1,0,0.0000,1,1.0000,1,0,0,0,0,0,0
"RocketReports","MINT0032",13,11,0.8461,2,0.1538,2,0,0,0,0,0,0
"RocketReports","MINT0034",6,6,1.0000,0,0.0000,0,0,0,0,0,0,0
"RocketReports","MINT0041",5,5,1.0000,0,0.0000,0,0,0,0,0,0,0
"RocketReports","MINT0042",18,13,0.7222,5,0.2777,3,0,0,0,0,0,2
"RocketReports","MINT0044",1,1,1.0000,0,0.0000,0,0,0,0,0,0,0
"RocketReports","MINT0049",1,1,1.0000,0,0.0000,0,0,0,0,0,0,0
"RocketReports","MINT0050",2,2,1.0000,0,0.0000,0,0,0,0,0,0,0
"RocketReports","MINT0053",1,1,1.0000,0,0.0000,0,0,0,0,0,0,0
"RocketReports","MINT0054",2,0,0.0000,2,1.0000,2,0,0,0,0,0,0
"RocketReports","MINT0056",3,3,1.0000,0,0.0000,0,0,0,0,0,0,0
"RocketReports","MINT0058",1,1,1.0000,0,0.0000,0,0,0,0,0,0,0
"RocketReports","MINT0059",7,6,0.8571,1,0.1428,1,0,0,0,0,0,0
"RocketReports","MINT0062",16,14,0.8750,2,0.1250,1,1,0,0,0,0,0
"RocketReports","MINT0063",6,6,1.0000,0,0.0000,0,0,0,0,0,0,0
"RocketReports","MINT0067",5,5,1.0000,0,0.0000,0,0,0,0,0,0,0
"RocketReports","MINT0068",1,1,1.0000,0,0.0000,0,0,0,0,0,0,0
"RocketReports","MINT0069",91,88,0.9670,3,0.0329,2,0,0,0,0,0,1
"RocketReports","MINT0101",11,10,0.9090,1,0.0909,1,0,0,0,0,0,0
"RocketReports","MINT0102",1,1,1.0000,0,0.0000,0,0,0,0,0,0,0
"RocketReports","MINT0104",2,1,0.5000,1,0.5000,0,0,0,0,0,0,1
"RocketReports","MINT0107",3,3,1.0000,0,0.0000,0,0,0,0,0,0,0
"RocketReports","MINT0108",7,3,0.4285,4,0.5714,4,0,0,0,0,0,0
"RocketReports","MINT0109",12,11,0.9166,1,0.0833,0,1,0,0,0,0,0
"RocketReports","MINT0110",3,3,1.0000,0,0.0000,0,0,0,0,0,0,0
"RocketReports","MINT0112",17,17,1.0000,0,0.0000,0,0,0,0,0,0,0
"RocketReports","MINT0113",21,21,1.0000,0,0.0000,0,0,0,0,0,0,0
"RocketReports","MINT0116",1,1,1.0000,0,0.0000,0,0,0,0,0,0,0
"RocketReports","MINT0117",75,72,0.9600,3,0.0400,1,1,0,0,0,0,1
"RocketReports","MINT0120",1,1,1.0000,0,0.0000,0,0,0,0,0,0,0
"RocketReports","MINT0121",8,6,0.7500,2,0.2500,2,0,0,0,0,0,0
"RocketReports","MINT0123",2,2,1.0000,0,0.0000,0,0,0,0,0,0,0
"RocketReports","MINT0125",11,9,0.8181,2,0.1818,0,0,0,0,0,0,2
"RocketReports","MINT0126",1,1,1.0000,0,0.0000,0,0,0,0,0,0,0
"RocketReports","MINT0127",7,6,0.8571,1,0.1428,1,0,0,0,0,0,0
"RocketReports","MINT0131",3,2,0.6666,1,0.3333,1,0,0,0,0,0,0
"RocketReports","MINT0133",2,1,0.5000,1,0.5000,1,0,0,0,0,0,0
"RocketReports","MINT0134",1,1,1.0000,0,0.0000,0,0,0,0,0,0,0
"RocketReports","MINT0135",3,3,1.0000,0,0.0000,0,0,0,0,0,0,0
"RocketReports","MINT0136",62,55,0.8870,7,0.1129,1,4,0,0,0,0,2
"RocketReports","MINT0137",8,8,1.0000,0,0.0000,0,0,0,0,0,0,0
"RocketReports","MINT0138",2,2,1.0000,0,0.0000,0,0,0,0,0,0,0
"RocketReports","MINT0141",13,12,0.9230,1,0.0769,0,0,0,0,0,0,1
"RocketReports","MINT0142",1,1,1.0000,0,0.0000,0,0,0,0,0,0,0
"RocketReports","MINT0143",5,5,1.0000,0,0.0000,0,0,0,0,0,0,0
"RocketReports","MINT0144",3,3,1.0000,0,0.0000,0,0,0,0,0,0,0
"RocketReports","MINT0149",2,1,0.5000,1,0.5000,1,0,0,0,0,0,0
"RocketReports","MINT0152",2,2,1.0000,0,0.0000,0,0,0,0,0,0,0
"RocketReports","MINT0153",2,2,1.0000,0,0.0000,0,0,0,0,0,0,0
"RocketReports","MINT0154",8,8,1.0000,0,0.0000,0,0,0,0,0,0,0
"RocketReports","MINT0155",19,19,1.0000,0,0.0000,0,0,0,0,0,0,0
"RocketReports","MINT0157",2,2,1.0000,0,0.0000,0,0,0,0,0,0,0
"RocketReports","MINT0204",1,1,1.0000,0,0.0000,0,0,0,0,0,0,0
"RocketReports","MINT0208",2,2,1.0000,0,0.0000,0,0,0,0,0,0,0
"RocketReports","MINT0209",5,5,1.0000,0,0.0000,0,0,0,0,0,0,0
"RocketReports","MINT0305",5,4,0.8000,1,0.2000,0,0,0,0,0,0,1
"RocketReports","MINT0350",2,2,1.0000,0,0.0000,0,0,0,0,0,0,0
"RocketReports","MINT0351",11,11,1.0000,0,0.0000,0,0,0,0,0,0,0
"RocketReports","MINT0352",6,5,0.8333,1,0.1666,0,1,0,0,0,0,0
"RocketReports","MINT0353",16,14,0.8750,2,0.1250,2,0,0,0,0,0,0
"RocketReports","MINT0355",10,10,1.0000,0,0.0000,0,0,0,0,0,0,0
"RocketReports","MINT0356",10,10,1.0000,0,0.0000,0,0,0,0,0,0,0
"RocketReports","MINT0359",3,3,1.0000,0,0.0000,0,0,0,0,0,0,0
"RocketReports","MINT0360",6,6,1.0000,0,0.0000,0,0,0,0,0,0,0
"RocketReports","MINT0401",2,2,1.0000,0,0.0000,0,0,0,0,0,0,0
"RocketReports","MINT0402",12,7,0.5833,5,0.4166,0,0,2,0,0,0,3
"RocketReports","MINT0403",9,9,1.0000,0,0.0000,0,0,0,0,0,0,0
"RocketReports","MINT0404",1,1,1.0000,0,0.0000,0,0,0,0,0,0,0
"RocketReports","MINT0405",1,1,1.0000,0,0.0000,0,0,0,0,0,0,0
"RocketReports","MINT0409",3,3,1.0000,0,0.0000,0,0,0,0,0,0,0
"RocketReports","MINT0411",1,1,1.0000,0,0.0000,0,0,0,0,0,0,0
"RocketReports","MINT0413",3,3,1.0000,0,0.0000,0,0,0,0,0,0,0
"RocketReports","MINT0414",16,11,0.6875,5,0.3125,0,2,0,0,0,0,3
"RocketReports","MINT0418",1,1,1.0000,0,0.0000,0,0,0,0,0,0,0
"RocketReports","MINT0494",4,4,1.0000,0,0.0000,0,0,0,0,0,0,0
"RocketReports","MINT0495",1,1,1.0000,0,0.0000,0,0,0,0,0,0,0
"RocketReports","MINT0496",8,7,0.8750,1,0.1250,0,1,0,0,0,0,0
"RocketReports","MINT0497",15,13,0.8666,2,0.1333,0,1,0,0,0,0,1
"RocketReports","MINT0504",4,4,1.0000,0,0.0000,0,0,0,0,0,0,0
"RocketReports","MINT0508",33,33,1.0000,0,0.0000,0,0,0,0,0,0,0
"RocketReports","MINT0519",2,2,1.0000,0,0.0000,0,0,0,0,0,0,0
"RocketReports","MINT0527",4,3,0.7500,1,0.2500,0,0,0,0,0,0,1
"RocketReports","MINT0529",2,2,1.0000,0,0.0000,0,0,0,0,0,0,0
"RocketReports","MINT0531",7,6,0.8571,1,0.1428,0,0,0,0,0,0,1
"RocketReports","MINT0532",12,12,1.0000,0,0.0000,0,0,0,0,0,0,0
"RocketReports","MINT0533",1,1,1.0000,0,0.0000,0,0,0,0,0,0,0
"RocketReports","MINT0534",2,2,1.0000,0,0.0000,0,0,0,0,0,0,0
"RocketReports","MINT0535",8,7,0.8750,1,0.1250,0,0,0,0,0,0,1
"RocketReports","MINT0537",3,3,1.0000,0,0.0000,0,0,0,0,0,0,0
"RocketReports","MINT0540",2,2,1.0000,0,0.0000,0,0,0,0,0,0,0
"RocketReports","MINT0542",4,4,1.0000,0,0.0000,0,0,0,0,0,0,0
"RocketReports","MINT0545",1,1,1.0000,0,0.0000,0,0,0,0,0,0,0
"RocketReports","MINT0546",5,5,1.0000,0,0.0000,0,0,0,0,0,0,0
"RocketReports","MINT0550",16,16,1.0000,0,0.0000,0,0,0,0,0,0,0
"RocketReports","MINT0554",6,5,0.8333,1,0.1666,0,0,0,0,0,0,1
"RocketReports","MINT0555",2,2,1.0000,0,0.0000,0,0,0,0,0,0,0
"RocketReports","MINT0556",6,6,1.0000,0,0.0000,0,0,0,0,0,0,0
"RocketReports","MINT0557",27,23,0.8518,4,0.1481,1,0,0,0,0,0,3
"RocketReports","MINT0559",4,4,1.0000,0,0.0000,0,0,0,0,0,0,0
"RocketReports","MINT0561",9,9,1.0000,0,0.0000,0,0,0,0,0,0,0
"RocketReports","MINT0562",7,7,1.0000,0,0.0000,0,0,0,0,0,0,0
"RocketReports","MINT0563",2,2,1.0000,0,0.0000,0,0,0,0,0,0,0
"RocketReports","MINT0564",4,4,1.0000,0,0.0000,0,0,0,0,0,0,0
"RocketReports","MINT0566",1,1,1.0000,0,0.0000,0,0,0,0,0,0,0
"RocketReports","MINT0567",11,10,0.9090,1,0.0909,0,1,0,0,0,0,0
"RocketReports","MINT0569",6,6,1.0000,0,0.0000,0,0,0,0,0,0,0
"RocketReports","MINT0570",2,2,1.0000,0,0.0000,0,0,0,0,0,0,0
"RocketReports","MINT0571",2,2,1.0000,0,0.0000,0,0,0,0,0,0,0
"RocketReports","MINT0572",6,6,1.0000,0,0.0000,0,0,0,0,0,0,0
"RocketReports","MINT0574",12,8,0.6666,4,0.3333,3,1,0,0,0,0,0
"RocketReports","MINT0576",2,1,0.5000,1,0.5000,1,0,0,0,0,0,0
"RocketReports","MINT0581",11,10,0.9090,1,0.0909,0,1,0,0,0,0,0
"RocketReports","MINT0582",6,5,0.8333,1,0.1666,0,1,0,0,0,0,0
"RocketReports","MINT0584",3,1,0.3333,2,0.6666,0,0,0,0,0,0,2
"RocketReports","MINT0585",1,1,1.0000,0,0.0000,0,0,0,0,0,0,0
"RocketReports","MINT0588",2,2,1.0000,0,0.0000,0,0,0,0,0,0,0
"RocketReports","MINT0591",1,1,1.0000,0,0.0000,0,0,0,0,0,0,0
"RocketReports","MINT0592",5,5,1.0000,0,0.0000,0,0,0,0,0,0,0
"RocketReports","MINT0594",18,17,0.9444,1,0.0555,0,0,0,0,0,0,1
"RocketReports","MINT0595",9,9,1.0000,0,0.0000,0,0,0,0,0,0,0
"RocketReports","MINT0596",16,15,0.9375,1,0.0625,1,0,0,0,0,0,0
"RocketReports","MINT0598",3,3,1.0000,0,0.0000,0,0,0,0,0,0,0
"RocketReports","MINT0599",31,30,0.9677,1,0.0322,1,0,0,0,0,0,0
"RocketReports","MINT0600",4,3,0.7500,1,0.2500,0,0,0,0,0,1,0
"RocketReports","MINT0602",7,4,0.5714,3,0.4285,0,2,0,0,0,0,1
"RocketReports","MINT0610",3,3,1.0000,0,0.0000,0,0,0,0,0,0,0
"RocketReports","MINT0712",4,4,1.0000,0,0.0000,0,0,0,0,0,0,0
"RocketReports","MINT0901",3,3,1.0000,0,0.0000,0,0,0,0,0,0,0
"RocketReports","MINT0905",1,1,1.0000,0,0.0000,0,0,0,0,0,0,0
"RocketReports","MINT0906",3,3,1.0000,0,0.0000,0,0,0,0,0,0,0
"RocketReports","MINT0908",2,2,1.0000,0,0.0000,0,0,0,0,0,0,0
"RocketReports","MINT0910",1,1,1.0000,0,0.0000,0,0,0,0,0,0,0
"RocketReports","MINT0912",9,9,1.0000,0,0.0000,0,0,0,0,0,0,0
"RocketReports","MINT0913",30,20,0.6666,10,0.3333,6,0,2,0,0,0,2
"RocketReports","MINT0914",1,1,1.0000,0,0.0000,0,0,0,0,0,0,0
"RocketReports","MINT0915",1,1,1.0000,0,0.0000,0,0,0,0,0,0,0
"RocketReports","MINT0916",1,1,1.0000,0,0.0000,0,0,0,0,0,0,0
"RocketReports","MINT0917",1,1,1.0000,0,0.0000,0,0,0,0,0,0,0
"RocketReports","MINT0919",23,22,0.9565,1,0.0434,1,0,0,0,0,0,0
"RocketReports","MINT0922",4,4,1.0000,0,0.0000,0,0,0,0,0,0,0
"RocketReports","MINT0925",4,4,1.0000,0,0.0000,0,0,0,0,0,0,0
"RocketReports","MINT1012",1,1,1.0000,0,0.0000,0,0,0,0,0,0,0
"RocketReports","MINT1016",16,16,1.0000,0,0.0000,0,0,0,0,0,0,0
"RocketReports","MINT1017",3,3,1.0000,0,0.0000,0,0,0,0,0,0,0
"RocketReports","MINT1041",4,4,1.0000,0,0.0000,0,0,0,0,0,0,0
"RocketReports","MINT1050",4,4,1.0000,0,0.0000,0,0,0,0,0,0,0
"RocketReports","MINT1061",6,6,1.0000,0,0.0000,0,0,0,0,0,0,0
"RocketReports","MINT1062",1,1,1.0000,0,0.0000,0,0,0,0,0,0,0
"RocketReports","MINT1063",41,39,0.9512,2,0.0487,2,0,0,0,0,0,0
"RocketReports","MINT1069",4,4,1.0000,0,0.0000,0,0,0,0,0,0,0
"RocketReports","MINT1071",4,2,0.5000,2,0.5000,0,0,0,0,0,0,2
"RocketReports","MINT1072",2,2,1.0000,0,0.0000,0,0,0,0,0,0,0
"RocketReports","MINT1074",4,3,0.7500,1,0.2500,1,0,0,0,0,0,0
"RocketReports","MINT1075",11,11,1.0000,0,0.0000,0,0,0,0,0,0,0
"RocketReports","MINT1076",29,27,0.9310,2,0.0689,2,0,0,0,0,0,0
"RocketReports","MINT1077",6,6,1.0000,0,0.0000,0,0,0,0,0,0,0
"RocketReports","MINT1078",1,1,1.0000,0,0.0000,0,0,0,0,0,0,0
"RocketReports","MINT1079",1,1,1.0000,0,0.0000,0,0,0,0,0,0,0
"RocketReports","MINT1080",9,9,1.0000,0,0.0000,0,0,0,0,0,0,0
"RocketReports","MINT1083",1,1,1.0000,0,0.0000,0,0,0,0,0,0,0
"RocketReports","MINT1091",1,1,1.0000,0,0.0000,0,0,0,0,0,0,0
"RocketReports","MINT2000",1,1,1.0000,0,0.0000,0,0,0,0,0,0,0
"RocketReports","MINT3000",18,17,0.9444,1,0.0555,1,0,0,0,0,0,0
"RocketReports","MINT3001",5,5,1.0000,0,0.0000,0,0,0,0,0,0,0
"RocketReports","MINT4000",7,7,1.0000,0,0.0000,0,0,0,0,0,0,0
"RocketReports","MINT4001",10,10,1.0000,0,0.0000,0,0,0,0,0,0,0
"RocketReports","MINT4003",22,20,0.9090,2,0.0909,2,0,0,0,0,0,0
"RocketReports","MINT4005",21,18,0.8571,3,0.1428,0,0,0,0,0,0,3
"RocketReports","MINT4009",29,22,0.7586,7,0.2413,6,0,0,0,0,0,1
"RocketReports","MINT4010",34,32,0.9411,2,0.0588,2,0,0,0,0,0,0
"RocketReports","MINT4014",7,6,0.8571,1,0.1428,0,0,0,0,0,0,1
"RocketReports","MINT4015",22,21,0.9545,1,0.0454,1,0,0,0,0,0,0
"RocketReports","MINT4016",2,2,1.0000,0,0.0000,0,0,0,0,0,0,0
"RocketReports","MINT4020",6,4,0.6666,2,0.3333,1,0,0,0,0,1,0
"RocketReports","MINT4021",2,2,1.0000,0,0.0000,0,0,0,0,0,0,0
"RocketReports","MINT4022",40,39,0.9750,1,0.0250,1,0,0,0,0,0,0
"RocketReports","MINT4023",9,9,1.0000,0,0.0000,0,0,0,0,0,0,0
"RocketReports","MINT4024",21,21,1.0000,0,0.0000,0,0,0,0,0,0,0
"RocketReports","MINT4025",56,52,0.9285,4,0.0714,1,2,1,0,0,0,0
"RocketReports","MINT4026",1,1,1.0000,0,0.0000,0,0,0,0,0,0,0
"RocketReports","MINT4030",1,1,1.0000,0,0.0000,0,0,0,0,0,0,0
"RocketReports","MINT4031",15,12,0.8000,3,0.2000,2,0,1,0,0,0,0
"RocketReports","MINT4033",20,19,0.9500,1,0.0500,1,0,0,0,0,0,0
"RocketReports","MINT4035",3,3,1.0000,0,0.0000,0,0,0,0,0,0,0
"RocketReports","MINT4036",7,5,0.7142,2,0.2857,0,0,0,0,0,0,2
"RocketReports","MINT5001",14,14,1.0000,0,0.0000,0,0,0,0,0,0,0
"RocketReports","MINT5002",4,4,1.0000,0,0.0000,0,0,0,0,0,0,0
"RocketReports","MINT5004",2,2,1.0000,0,0.0000,0,0,0,0,0,0,0
"RocketReports","MINT5007",3,3,1.0000,0,0.0000,0,0,0,0,0,0,0
"RocketReports","MINTHI11",1,1,1.0000,0,0.0000,0,0,0,0,0,0,0
"RocketReports","MINTHI21",7,7,1.0000,0,0.0000,0,0,0,0,0,0,0
"RocketReports","MINTHI31",23,19,0.8260,4,0.1739,2,1,0,0,0,0,1
"RocketReports","MINTHI41",8,7,0.8750,1,0.1250,1,0,0,0,0,0,0
"RocketReports","MINTHI51",14,12,0.8571,2,0.1428,0,0,2,0,0,0,0
"RocketReports","MINTHI61",3,3,1.0000,0,0.0000,0,0,0,0,0,0,0
"RocketReports","MINTHI62",24,20,0.8333,4,0.1666,3,0,0,0,0,0,1
"RocketReports","MINTHI71",14,7,0.5000,7,0.5000,1,2,2,0,0,0,2
"RocketReports","MINTPLB1",4,4,1.0000,0,0.0000,0,0,0,0,0,0,0
"RocketReports","MINTPLB2",5,4,0.8000,1,0.2000,0,0,0,0,0,0,1
"RocketReports","MINTPLB3",9,7,0.7777,2,0.2222,0,1,0,0,0,0,1
"RocketReports","MINTPLB4",10,9,0.9000,1,0.1000,0,1,0,0,0,0,0
"RocketReports","MINTPLB5",3,2,0.6666,1,0.3333,1,0,0,0,0,0,0
"RocketReports","MINTPMH1",2,2,1.0000,0,0.0000,0,0,0,0,0,0,0
"RocketReports","MINTPMH2",4,4,1.0000,0,0.0000,0,0,0,0,0,0,0
"RocketReports","MINTPMH3",1,1,1.0000,0,0.0000,0,0,0,0,0,0,0
"RocketReports","TNS5GBZ3",7,4,0.5714,3,0.4285,0,0,3,0,0,0,0
"RocketReports","TNS5GBZ4",6,5,0.8333,1,0.1666,1,0,0,0,0,0,0
