"RocketReports","MINT0007",20.0000,746,0,746,0,0.0000,0,0,0,0,0.0000,0,0,0,0,0.0000,0,0,0,0,0.0000,0,0,0,0,"2021-08-10 21:00:00"
"RocketReports","MINT0009",20.0000,1398,0,1141,257,0.0000,0,0,0,0,0.0000,0,0,0,0,0.0000,0,0,0,0,0.0000,0,0,0,0,"2021-08-10 21:00:00"
"RocketReports","MINT0010",20.0000,770,0,767,3,0.0000,0,0,0,0,0.0000,0,0,0,0,0.0000,0,0,0,0,0.0000,0,0,0,0,"2021-08-10 21:00:00"
"RocketReports","MINT0012",20.0000,6921,0,6886,35,0.0000,0,0,0,0,0.0000,0,0,0,0,0.0000,0,0,0,0,0.0000,0,0,0,0,"2021-08-10 21:00:00"
"RocketReports","MINT0014",20.0000,238,0,5,233,0.0000,0,0,0,0,0.0000,0,0,0,0,0.0000,0,0,0,0,0.0000,0,0,0,0,"2021-08-10 21:00:00"
"RocketReports","MINT0025",20.0000,843,0,730,113,0.0000,0,0,0,0,0.0000,0,0,0,0,0.0000,0,0,0,0,0.0000,0,0,0,0,"2021-08-10 21:00:00"
"RocketReports","MINT0026",20.0000,817,0,699,118,0.0000,0,0,0,0,0.0000,0,0,0,0,0.0000,0,0,0,0,0.0000,0,0,0,0,"2021-08-10 21:00:00"
"RocketReports","MINT0027",20.0000,1890,0,1792,98,0.0000,0,0,0,0,0.0000,0,0,0,0,0.0000,0,0,0,0,0.0000,0,0,0,0,"2021-08-10 21:00:00"
"RocketReports","MINT0028",20.0000,4433,0,4293,140,0.0000,0,0,0,0,0.0000,0,0,0,0,0.0000,0,0,0,0,0.0000,0,0,0,0,"2021-08-10 21:00:00"
"RocketReports","MINT0030",20.0000,234,0,166,68,0.0000,0,0,0,0,0.0000,0,0,0,0,0.0000,0,0,0,0,0.0000,0,0,0,0,"2021-08-10 21:00:00"
"RocketReports","MINT0031",20.0000,481,0,412,69,0.0000,0,0,0,0,0.0000,0,0,0,0,0.0000,0,0,0,0,0.0000,0,0,0,0,"2021-08-10 21:00:00"
"RocketReports","MINT0032",20.0000,447,0,429,18,0.0000,0,0,0,0,0.0000,0,0,0,0,0.0000,0,0,0,0,0.0000,0,0,0,0,"2021-08-10 21:00:00"
"RocketReports","MINT0034",20.0000,3111,0,3095,16,0.0000,0,0,0,0,0.0000,0,0,0,0,0.0000,0,0,0,0,0.0000,0,0,0,0,"2021-08-10 21:00:00"
"RocketReports","MINT0037",20.0000,100,0,53,47,0.0000,0,0,0,0,0.0000,0,0,0,0,0.0000,0,0,0,0,0.0000,0,0,0,0,"2021-08-10 21:00:00"
"RocketReports","MINT0040",20.0000,1040,0,884,156,0.0000,0,0,0,0,0.0000,0,0,0,0,0.0000,0,0,0,0,0.0000,0,0,0,0,"2021-08-10 21:00:00"
"RocketReports","MINT0041",20.0000,667,0,652,15,0.0000,0,0,0,0,0.0000,0,0,0,0,0.0000,0,0,0,0,0.0000,0,0,0,0,"2021-08-10 21:00:00"
"RocketReports","MINT0042",20.0000,752,0,591,161,0.0000,0,0,0,0,0.0000,0,0,0,0,0.0000,0,0,0,0,0.0000,0,0,0,0,"2021-08-10 21:00:00"
"RocketReports","MINT0043",20.0000,3798,0,3616,182,0.0000,0,0,0,0,0.0000,0,0,0,0,0.0000,0,0,0,0,0.0000,0,0,0,0,"2021-08-10 21:00:00"
"RocketReports","MINT0044",20.0000,1438,0,1209,229,0.0000,0,0,0,0,0.0000,0,0,0,0,0.0000,0,0,0,0,0.0000,0,0,0,0,"2021-08-10 21:00:00"
"RocketReports","MINT0046",20.0000,2363,0,2042,321,0.0000,0,0,0,0,0.0000,0,0,0,0,0.0000,0,0,0,0,0.0000,0,0,0,0,"2021-08-10 21:00:00"
"RocketReports","MINT0047",20.0000,610,0,382,228,0.0000,0,0,0,0,0.0000,0,0,0,0,0.0000,0,0,0,0,0.0000,0,0,0,0,"2021-08-10 21:00:00"
"RocketReports","MINT0048",20.0000,198,0,97,101,0.0000,0,0,0,0,0.0000,0,0,0,0,0.0000,0,0,0,0,0.0000,0,0,0,0,"2021-08-10 21:00:00"
"RocketReports","MINT0049",20.0000,1049,0,777,272,0.0000,0,0,0,0,0.0000,0,0,0,0,0.0000,0,0,0,0,0.0000,0,0,0,0,"2021-08-10 21:00:00"
"RocketReports","MINT0050",20.0000,822,0,566,256,0.0000,0,0,0,0,0.0000,0,0,0,0,0.0000,0,0,0,0,0.0000,0,0,0,0,"2021-08-10 21:00:00"
"RocketReports","MINT0051",20.0000,472,0,471,1,0.0000,0,0,0,0,0.0000,0,0,0,0,0.0000,0,0,0,0,0.0000,0,0,0,0,"2021-08-10 21:00:00"
"RocketReports","MINT0052",20.0000,807,0,596,211,0.0000,0,0,0,0,0.0000,0,0,0,0,0.0000,0,0,0,0,0.0000,0,0,0,0,"2021-08-10 21:00:00"
"RocketReports","MINT0053",20.0000,4346,0,4238,108,0.0000,0,0,0,0,0.0000,0,0,0,0,0.0000,0,0,0,0,0.0000,0,0,0,0,"2021-08-10 21:00:00"
"RocketReports","MINT0054",20.0000,1251,0,1012,239,0.0000,0,0,0,0,0.0000,0,0,0,0,0.0000,0,0,0,0,0.0000,0,0,0,0,"2021-08-10 21:00:00"
"RocketReports","MINT0055",20.0000,308,0,159,149,0.0000,0,0,0,0,0.0000,0,0,0,0,0.0000,0,0,0,0,0.0000,0,0,0,0,"2021-08-10 21:00:00"
"RocketReports","MINT0056",20.0000,602,0,312,290,0.0000,0,0,0,0,0.0000,0,0,0,0,0.0000,0,0,0,0,0.0000,0,0,0,0,"2021-08-10 21:00:00"
"RocketReports","MINT0057",20.0000,1924,0,1890,34,0.0000,0,0,0,0,0.0000,0,0,0,0,0.0000,0,0,0,0,0.0000,0,0,0,0,"2021-08-10 21:00:00"
"RocketReports","MINT0058",20.0000,6339,0,6315,24,0.0000,0,0,0,0,0.0000,0,0,0,0,0.0000,0,0,0,0,0.0000,0,0,0,0,"2021-08-10 21:00:00"
"RocketReports","MINT0059",20.0000,3032,0,2705,327,0.0000,0,0,0,0,0.0000,0,0,0,0,0.0000,0,0,0,0,0.0000,0,0,0,0,"2021-08-10 21:00:00"
"RocketReports","MINT0062",20.0000,544,0,299,245,0.0000,0,0,0,0,0.0000,0,0,0,0,0.0000,0,0,0,0,0.0000,0,0,0,0,"2021-08-10 21:00:00"
"RocketReports","MINT0063",20.0000,4078,0,3969,109,0.0000,0,0,0,0,0.0000,0,0,0,0,0.0000,0,0,0,0,0.0000,0,0,0,0,"2021-08-10 21:00:00"
"RocketReports","MINT0064",20.0000,285,0,182,103,0.0000,0,0,0,0,0.0000,0,0,0,0,0.0000,0,0,0,0,0.0000,0,0,0,0,"2021-08-10 21:00:00"
"RocketReports","MINT0065",20.0000,177,0,0,177,0.0000,0,0,0,0,0.0000,0,0,0,0,0.0000,0,0,0,0,0.0000,0,0,0,0,"2021-08-10 21:00:00"
"RocketReports","MINT0066",20.0000,3643,0,3525,118,0.0000,0,0,0,0,0.0000,0,0,0,0,0.0000,0,0,0,0,0.0000,0,0,0,0,"2021-08-10 21:00:00"
"RocketReports","MINT0067",20.0000,173,0,32,141,0.0000,0,0,0,0,0.0000,0,0,0,0,0.0000,0,0,0,0,0.0000,0,0,0,0,"2021-08-10 21:00:00"
"RocketReports","MINT0067",0.0000,0,0,0,0,50.0000,210,0,145,65,0.0000,0,0,0,0,0.0000,0,0,0,0,0.0000,0,0,0,0,"2021-08-10 21:00:00"
"RocketReports","MINT0068",20.0000,741,0,532,209,0.0000,0,0,0,0,0.0000,0,0,0,0,0.0000,0,0,0,0,0.0000,0,0,0,0,"2021-08-10 21:00:00"
"RocketReports","MINT0069",20.0000,698,0,612,86,0.0000,0,0,0,0,0.0000,0,0,0,0,0.0000,0,0,0,0,0.0000,0,0,0,0,"2021-08-10 21:00:00"
"RocketReports","MINT0069",0.0000,0,0,0,0,50.0000,397,0,261,136,0.0000,0,0,0,0,0.0000,0,0,0,0,0.0000,0,0,0,0,"2021-08-10 21:00:00"
"RocketReports","MINT0070",20.0000,14,0,1,13,0.0000,0,0,0,0,0.0000,0,0,0,0,0.0000,0,0,0,0,0.0000,0,0,0,0,"2021-08-10 21:00:00"
"RocketReports","MINT0100",20.0000,250,0,92,158,0.0000,0,0,0,0,0.0000,0,0,0,0,0.0000,0,0,0,0,0.0000,0,0,0,0,"2021-08-10 21:00:00"
"RocketReports","MINT0101",10.0000,453,0,17,436,0.0000,0,0,0,0,0.0000,0,0,0,0,0.0000,0,0,0,0,0.0000,0,0,0,0,"2021-08-10 21:00:00"
"RocketReports","MINT0102",20.0000,45,0,10,35,0.0000,0,0,0,0,0.0000,0,0,0,0,0.0000,0,0,0,0,0.0000,0,0,0,0,"2021-08-10 21:00:00"
"RocketReports","MINT0103",20.0000,76,0,35,41,0.0000,0,0,0,0,0.0000,0,0,0,0,0.0000,0,0,0,0,0.0000,0,0,0,0,"2021-08-10 21:00:00"
"RocketReports","MINT0104",20.0000,134,0,29,105,0.0000,0,0,0,0,0.0000,0,0,0,0,0.0000,0,0,0,0,0.0000,0,0,0,0,"2021-08-10 21:00:00"
"RocketReports","MINT0105",20.0000,1,0,0,1,0.0000,0,0,0,0,0.0000,0,0,0,0,0.0000,0,0,0,0,0.0000,0,0,0,0,"2021-08-10 21:00:00"
"RocketReports","MINT0106",20.0000,139,0,9,130,0.0000,0,0,0,0,0.0000,0,0,0,0,0.0000,0,0,0,0,0.0000,0,0,0,0,"2021-08-10 21:00:00"
"RocketReports","MINT0107",20.0000,3700,0,3625,75,0.0000,0,0,0,0,0.0000,0,0,0,0,0.0000,0,0,0,0,0.0000,0,0,0,0,"2021-08-10 21:00:00"
"RocketReports","MINT0108",20.0000,261,0,123,138,0.0000,0,0,0,0,0.0000,0,0,0,0,0.0000,0,0,0,0,0.0000,0,0,0,0,"2021-08-10 21:00:00"
"RocketReports","MINT0109",20.0000,329,0,93,236,0.0000,0,0,0,0,0.0000,0,0,0,0,0.0000,0,0,0,0,0.0000,0,0,0,0,"2021-08-10 21:00:00"
"RocketReports","MINT0110",20.0000,100,0,24,76,0.0000,0,0,0,0,0.0000,0,0,0,0,0.0000,0,0,0,0,0.0000,0,0,0,0,"2021-08-10 21:00:00"
"RocketReports","MINT0111",20.0000,319,0,287,32,0.0000,0,0,0,0,0.0000,0,0,0,0,0.0000,0,0,0,0,0.0000,0,0,0,0,"2021-08-10 21:00:00"
"RocketReports","MINT0112",20.0000,8478,0,8456,22,0.0000,0,0,0,0,0.0000,0,0,0,0,0.0000,0,0,0,0,0.0000,0,0,0,0,"2021-08-10 21:00:00"
"RocketReports","MINT0113",20.0000,187,0,59,128,0.0000,0,0,0,0,0.0000,0,0,0,0,0.0000,0,0,0,0,0.0000,0,0,0,0,"2021-08-10 21:00:00"
"RocketReports","MINT0115",20.0000,104,0,22,82,0.0000,0,0,0,0,0.0000,0,0,0,0,0.0000,0,0,0,0,0.0000,0,0,0,0,"2021-08-10 21:00:00"
"RocketReports","MINT0116",20.0000,250,0,126,124,0.0000,0,0,0,0,0.0000,0,0,0,0,0.0000,0,0,0,0,0.0000,0,0,0,0,"2021-08-10 21:00:00"
"RocketReports","MINT0117",20.0000,642,0,455,187,0.0000,0,0,0,0,0.0000,0,0,0,0,0.0000,0,0,0,0,0.0000,0,0,0,0,"2021-08-10 21:00:00"
"RocketReports","MINT0118",20.0000,213,0,42,171,0.0000,0,0,0,0,0.0000,0,0,0,0,0.0000,0,0,0,0,0.0000,0,0,0,0,"2021-08-10 21:00:00"
"RocketReports","MINT0119",20.0000,150,0,47,103,0.0000,0,0,0,0,0.0000,0,0,0,0,0.0000,0,0,0,0,0.0000,0,0,0,0,"2021-08-10 21:00:00"
"RocketReports","MINT0120",20.0000,150,0,0,150,0.0000,0,0,0,0,0.0000,0,0,0,0,0.0000,0,0,0,0,0.0000,0,0,0,0,"2021-08-10 21:00:00"
"RocketReports","MINT0121",20.0000,500,0,222,278,0.0000,0,0,0,0,0.0000,0,0,0,0,0.0000,0,0,0,0,0.0000,0,0,0,0,"2021-08-10 21:00:00"
"RocketReports","MINT0122",20.0000,250,0,125,125,0.0000,0,0,0,0,0.0000,0,0,0,0,0.0000,0,0,0,0,0.0000,0,0,0,0,"2021-08-10 21:00:00"
"RocketReports","MINT0123",20.0000,150,0,0,150,0.0000,0,0,0,0,0.0000,0,0,0,0,0.0000,0,0,0,0,0.0000,0,0,0,0,"2021-08-10 21:00:00"
"RocketReports","MINT0124",20.0000,123,0,98,25,0.0000,0,0,0,0,0.0000,0,0,0,0,0.0000,0,0,0,0,0.0000,0,0,0,0,"2021-08-10 21:00:00"
"RocketReports","MINT0125",20.0000,603,0,47,556,0.0000,0,0,0,0,0.0000,0,0,0,0,0.0000,0,0,0,0,0.0000,0,0,0,0,"2021-08-10 21:00:00"
"RocketReports","MINT0126",20.0000,150,0,37,113,0.0000,0,0,0,0,0.0000,0,0,0,0,0.0000,0,0,0,0,0.0000,0,0,0,0,"2021-08-10 21:00:00"
"RocketReports","MINT0127",20.0000,385,0,140,245,0.0000,0,0,0,0,0.0000,0,0,0,0,0.0000,0,0,0,0,0.0000,0,0,0,0,"2021-08-10 21:00:00"
"RocketReports","MINT0128",20.0000,100,0,29,71,0.0000,0,0,0,0,0.0000,0,0,0,0,0.0000,0,0,0,0,0.0000,0,0,0,0,"2021-08-10 21:00:00"
"RocketReports","MINT0129",20.0000,216,0,93,123,0.0000,0,0,0,0,0.0000,0,0,0,0,0.0000,0,0,0,0,0.0000,0,0,0,0,"2021-08-10 21:00:00"
"RocketReports","MINT0130",20.0000,100,0,100,0,0.0000,0,0,0,0,0.0000,0,0,0,0,0.0000,0,0,0,0,0.0000,0,0,0,0,"2021-08-10 21:00:00"
"RocketReports","MINT0131",20.0000,100,0,11,89,0.0000,0,0,0,0,0.0000,0,0,0,0,0.0000,0,0,0,0,0.0000,0,0,0,0,"2021-08-10 21:00:00"
"RocketReports","MINT0132",20.0000,100,0,1,99,0.0000,0,0,0,0,0.0000,0,0,0,0,0.0000,0,0,0,0,0.0000,0,0,0,0,"2021-08-10 21:00:00"
"RocketReports","MINT0133",20.0000,150,0,0,150,0.0000,0,0,0,0,0.0000,0,0,0,0,0.0000,0,0,0,0,0.0000,0,0,0,0,"2021-08-10 21:00:00"
"RocketReports","MINT0134",20.0000,200,0,0,200,0.0000,0,0,0,0,0.0000,0,0,0,0,0.0000,0,0,0,0,0.0000,0,0,0,0,"2021-08-10 21:00:00"
"RocketReports","MINT0135",20.0000,250,0,15,235,0.0000,0,0,0,0,0.0000,0,0,0,0,0.0000,0,0,0,0,0.0000,0,0,0,0,"2021-08-10 21:00:00"
"RocketReports","MINT0136",20.0000,200,0,21,179,0.0000,0,0,0,0,0.0000,0,0,0,0,0.0000,0,0,0,0,0.0000,0,0,0,0,"2021-08-10 21:00:00"
"RocketReports","MINT0137",20.0000,463,0,259,204,0.0000,0,0,0,0,0.0000,0,0,0,0,0.0000,0,0,0,0,0.0000,0,0,0,0,"2021-08-10 21:00:00"
"RocketReports","MINT0138",20.0000,138,0,78,60,0.0000,0,0,0,0,0.0000,0,0,0,0,0.0000,0,0,0,0,0.0000,0,0,0,0,"2021-08-10 21:00:00"
"RocketReports","MINT0139",20.0000,0,0,0,0,0.0000,0,0,0,0,0.0000,0,0,0,0,0.0000,0,0,0,0,0.0000,0,0,0,0,"2021-08-10 21:00:00"
"RocketReports","MINT0141",20.0000,250,0,110,140,0.0000,0,0,0,0,0.0000,0,0,0,0,0.0000,0,0,0,0,0.0000,0,0,0,0,"2021-08-10 21:00:00"
"RocketReports","MINT0142",20.0000,162,0,124,38,0.0000,0,0,0,0,0.0000,0,0,0,0,0.0000,0,0,0,0,0.0000,0,0,0,0,"2021-08-10 21:00:00"
"RocketReports","MINT0143",20.0000,353,0,286,67,0.0000,0,0,0,0,0.0000,0,0,0,0,0.0000,0,0,0,0,0.0000,0,0,0,0,"2021-08-10 21:00:00"
"RocketReports","MINT0144",20.0000,150,0,3,147,0.0000,0,0,0,0,0.0000,0,0,0,0,0.0000,0,0,0,0,0.0000,0,0,0,0,"2021-08-10 21:00:00"
"RocketReports","MINT0145",20.0000,101,0,46,55,0.0000,0,0,0,0,0.0000,0,0,0,0,0.0000,0,0,0,0,0.0000,0,0,0,0,"2021-08-10 21:00:00"
"RocketReports","MINT0146",20.0000,264,0,7,257,0.0000,0,0,0,0,0.0000,0,0,0,0,0.0000,0,0,0,0,0.0000,0,0,0,0,"2021-08-10 21:00:00"
"RocketReports","MINT0147",20.0000,100,0,37,63,0.0000,0,0,0,0,0.0000,0,0,0,0,0.0000,0,0,0,0,0.0000,0,0,0,0,"2021-08-10 21:00:00"
"RocketReports","MINT0148",20.0000,150,0,20,130,0.0000,0,0,0,0,0.0000,0,0,0,0,0.0000,0,0,0,0,0.0000,0,0,0,0,"2021-08-10 21:00:00"
"RocketReports","MINT0149",20.0000,157,0,33,124,0.0000,0,0,0,0,0.0000,0,0,0,0,0.0000,0,0,0,0,0.0000,0,0,0,0,"2021-08-10 21:00:00"
"RocketReports","MINT0150",20.0000,239,0,55,184,0.0000,0,0,0,0,0.0000,0,0,0,0,0.0000,0,0,0,0,0.0000,0,0,0,0,"2021-08-10 21:00:00"
"RocketReports","MINT0151",20.0000,34,0,26,8,0.0000,0,0,0,0,0.0000,0,0,0,0,0.0000,0,0,0,0,0.0000,0,0,0,0,"2021-08-10 21:00:00"
"RocketReports","MINT0152",20.0000,150,0,0,150,0.0000,0,0,0,0,0.0000,0,0,0,0,0.0000,0,0,0,0,0.0000,0,0,0,0,"2021-08-10 21:00:00"
"RocketReports","MINT0153",20.0000,125,0,26,99,0.0000,0,0,0,0,0.0000,0,0,0,0,0.0000,0,0,0,0,0.0000,0,0,0,0,"2021-08-10 21:00:00"
"RocketReports","MINT0154",20.0000,1000,0,251,749,0.0000,0,0,0,0,0.0000,0,0,0,0,0.0000,0,0,0,0,0.0000,0,0,0,0,"2021-08-10 21:00:00"
"RocketReports","MINT0155",20.0000,201,0,89,112,0.0000,0,0,0,0,0.0000,0,0,0,0,0.0000,0,0,0,0,0.0000,0,0,0,0,"2021-08-10 21:00:00"
"RocketReports","MINT0155",0.0000,0,0,0,0,5.0000,36,0,6,30,0.0000,0,0,0,0,0.0000,0,0,0,0,0.0000,0,0,0,0,"2021-08-10 21:00:00"
"RocketReports","MINT0156",20.0000,121,0,42,79,0.0000,0,0,0,0,0.0000,0,0,0,0,0.0000,0,0,0,0,0.0000,0,0,0,0,"2021-08-10 21:00:00"
"RocketReports","MINT0157",20.0000,2250,0,2218,32,0.0000,0,0,0,0,0.0000,0,0,0,0,0.0000,0,0,0,0,0.0000,0,0,0,0,"2021-08-10 21:00:00"
"RocketReports","MINT0160",20.0000,100,0,0,100,0.0000,0,0,0,0,0.0000,0,0,0,0,0.0000,0,0,0,0,0.0000,0,0,0,0,"2021-08-10 21:00:00"
"RocketReports","MINT0161",20.0000,100,0,0,100,0.0000,0,0,0,0,0.0000,0,0,0,0,0.0000,0,0,0,0,0.0000,0,0,0,0,"2021-08-10 21:00:00"
"RocketReports","MINT0162",20.0000,1,0,0,1,0.0000,0,0,0,0,0.0000,0,0,0,0,0.0000,0,0,0,0,0.0000,0,0,0,0,"2021-08-10 21:00:00"
"RocketReports","MINT0163",10.0000,1,0,0,1,0.0000,0,0,0,0,0.0000,0,0,0,0,0.0000,0,0,0,0,0.0000,0,0,0,0,"2021-08-10 21:00:00"
"RocketReports","MINT0163",0.0000,0,0,0,0,20.0000,0,0,0,0,0.0000,0,0,0,0,0.0000,0,0,0,0,0.0000,0,0,0,0,"2021-08-10 21:00:00"
"RocketReports","MINT0201",20.0000,79,0,3,76,0.0000,0,0,0,0,0.0000,0,0,0,0,0.0000,0,0,0,0,0.0000,0,0,0,0,"2021-08-10 21:00:00"
"RocketReports","MINT0203",20.0000,50,0,8,42,0.0000,0,0,0,0,0.0000,0,0,0,0,0.0000,0,0,0,0,0.0000,0,0,0,0,"2021-08-10 21:00:00"
"RocketReports","MINT0204",20.0000,109,0,44,65,0.0000,0,0,0,0,0.0000,0,0,0,0,0.0000,0,0,0,0,0.0000,0,0,0,0,"2021-08-10 21:00:00"
"RocketReports","MINT0205",20.0000,150,0,52,98,0.0000,0,0,0,0,0.0000,0,0,0,0,0.0000,0,0,0,0,0.0000,0,0,0,0,"2021-08-10 21:00:00"
"RocketReports","MINT0206",20.0000,300,0,50,250,0.0000,0,0,0,0,0.0000,0,0,0,0,0.0000,0,0,0,0,0.0000,0,0,0,0,"2021-08-10 21:00:00"
"RocketReports","MINT0207",20.0000,343,0,114,229,0.0000,0,0,0,0,0.0000,0,0,0,0,0.0000,0,0,0,0,0.0000,0,0,0,0,"2021-08-10 21:00:00"
"RocketReports","MINT0208",20.0000,400,0,303,97,0.0000,0,0,0,0,0.0000,0,0,0,0,0.0000,0,0,0,0,0.0000,0,0,0,0,"2021-08-10 21:00:00"
"RocketReports","MINT0209",20.0000,500,0,330,170,0.0000,0,0,0,0,0.0000,0,0,0,0,0.0000,0,0,0,0,0.0000,0,0,0,0,"2021-08-10 21:00:00"
"RocketReports","MINT0304",20.0000,200,0,70,130,0.0000,0,0,0,0,0.0000,0,0,0,0,0.0000,0,0,0,0,0.0000,0,0,0,0,"2021-08-10 21:00:00"
"RocketReports","MINT0305",20.0000,502,0,23,479,0.0000,0,0,0,0,0.0000,0,0,0,0,0.0000,0,0,0,0,0.0000,0,0,0,0,"2021-08-10 21:00:00"
"RocketReports","MINT0306",20.0000,278,0,87,191,0.0000,0,0,0,0,0.0000,0,0,0,0,0.0000,0,0,0,0,0.0000,0,0,0,0,"2021-08-10 21:00:00"
"RocketReports","MINT0308",20.0000,540,0,459,81,0.0000,0,0,0,0,0.0000,0,0,0,0,0.0000,0,0,0,0,0.0000,0,0,0,0,"2021-08-10 21:00:00"
"RocketReports","MINT0350",20.0000,1394,0,1291,103,0.0000,0,0,0,0,0.0000,0,0,0,0,0.0000,0,0,0,0,0.0000,0,0,0,0,"2021-08-10 21:00:00"
"RocketReports","MINT0351",20.0000,699,0,503,196,0.0000,0,0,0,0,0.0000,0,0,0,0,0.0000,0,0,0,0,0.0000,0,0,0,0,"2021-08-10 21:00:00"
"RocketReports","MINT0352",20.0000,375,0,265,110,0.0000,0,0,0,0,0.0000,0,0,0,0,0.0000,0,0,0,0,0.0000,0,0,0,0,"2021-08-10 21:00:00"
"RocketReports","MINT0353",20.0000,1046,0,341,705,0.0000,0,0,0,0,0.0000,0,0,0,0,0.0000,0,0,0,0,0.0000,0,0,0,0,"2021-08-10 21:00:00"
"RocketReports","MINT0355",20.0000,714,0,216,498,0.0000,0,0,0,0,0.0000,0,0,0,0,0.0000,0,0,0,0,0.0000,0,0,0,0,"2021-08-10 21:00:00"
"RocketReports","MINT0356",20.0000,280,0,259,21,0.0000,0,0,0,0,0.0000,0,0,0,0,0.0000,0,0,0,0,0.0000,0,0,0,0,"2021-08-10 21:00:00"
"RocketReports","MINT0357",20.0000,300,0,193,107,0.0000,0,0,0,0,0.0000,0,0,0,0,0.0000,0,0,0,0,0.0000,0,0,0,0,"2021-08-10 21:00:00"
"RocketReports","MINT0358",20.0000,0,0,0,0,0.0000,0,0,0,0,0.0000,0,0,0,0,0.0000,0,0,0,0,0.0000,0,0,0,0,"2021-08-10 21:00:00"
"RocketReports","MINT0359",20.0000,7836,0,7647,189,0.0000,0,0,0,0,0.0000,0,0,0,0,0.0000,0,0,0,0,0.0000,0,0,0,0,"2021-08-10 21:00:00"
"RocketReports","MINT0360",20.0000,596,0,360,236,0.0000,0,0,0,0,0.0000,0,0,0,0,0.0000,0,0,0,0,0.0000,0,0,0,0,"2021-08-10 21:00:00"
"RocketReports","MINT0400",20.0000,37,0,27,10,0.0000,0,0,0,0,0.0000,0,0,0,0,0.0000,0,0,0,0,0.0000,0,0,0,0,"2021-08-10 21:00:00"
"RocketReports","MINT0401",20.0000,56,0,0,56,0.0000,0,0,0,0,0.0000,0,0,0,0,0.0000,0,0,0,0,0.0000,0,0,0,0,"2021-08-10 21:00:00"
"RocketReports","MINT0402",20.0000,96,0,11,85,0.0000,0,0,0,0,0.0000,0,0,0,0,0.0000,0,0,0,0,0.0000,0,0,0,0,"2021-08-10 21:00:00"
"RocketReports","MINT0403",20.0000,130,0,56,74,0.0000,0,0,0,0,0.0000,0,0,0,0,0.0000,0,0,0,0,0.0000,0,0,0,0,"2021-08-10 21:00:00"
"RocketReports","MINT0404",20.0000,39,0,15,24,0.0000,0,0,0,0,0.0000,0,0,0,0,0.0000,0,0,0,0,0.0000,0,0,0,0,"2021-08-10 21:00:00"
"RocketReports","MINT0405",20.0000,246,0,175,71,0.0000,0,0,0,0,0.0000,0,0,0,0,0.0000,0,0,0,0,0.0000,0,0,0,0,"2021-08-10 21:00:00"
"RocketReports","MINT0406",20.0000,35,0,0,35,0.0000,0,0,0,0,0.0000,0,0,0,0,0.0000,0,0,0,0,0.0000,0,0,0,0,"2021-08-10 21:00:00"
"RocketReports","MINT0407",20.0000,45,0,31,14,0.0000,0,0,0,0,0.0000,0,0,0,0,0.0000,0,0,0,0,0.0000,0,0,0,0,"2021-08-10 21:00:00"
"RocketReports","MINT0408",20.0000,23,0,0,23,0.0000,0,0,0,0,0.0000,0,0,0,0,0.0000,0,0,0,0,0.0000,0,0,0,0,"2021-08-10 21:00:00"
"RocketReports","MINT0409",20.0000,51,0,0,51,0.0000,0,0,0,0,0.0000,0,0,0,0,0.0000,0,0,0,0,0.0000,0,0,0,0,"2021-08-10 21:00:00"
"RocketReports","MINT0410",20.0000,48,0,47,1,0.0000,0,0,0,0,0.0000,0,0,0,0,0.0000,0,0,0,0,0.0000,0,0,0,0,"2021-08-10 21:00:00"
"RocketReports","MINT0411",20.0000,598,0,517,81,0.0000,0,0,0,0,0.0000,0,0,0,0,0.0000,0,0,0,0,0.0000,0,0,0,0,"2021-08-10 21:00:00"
"RocketReports","MINT0412",20.0000,63,0,0,63,0.0000,0,0,0,0,0.0000,0,0,0,0,0.0000,0,0,0,0,0.0000,0,0,0,0,"2021-08-10 21:00:00"
"RocketReports","MINT0413",20.0000,92,0,63,29,0.0000,0,0,0,0,0.0000,0,0,0,0,0.0000,0,0,0,0,0.0000,0,0,0,0,"2021-08-10 21:00:00"
"RocketReports","MINT0414",20.0000,100,0,66,34,0.0000,0,0,0,0,0.0000,0,0,0,0,0.0000,0,0,0,0,0.0000,0,0,0,0,"2021-08-10 21:00:00"
"RocketReports","MINT0415",20.0000,13,0,2,11,0.0000,0,0,0,0,0.0000,0,0,0,0,0.0000,0,0,0,0,0.0000,0,0,0,0,"2021-08-10 21:00:00"
"RocketReports","MINT0416",20.0000,66,0,17,49,0.0000,0,0,0,0,0.0000,0,0,0,0,0.0000,0,0,0,0,0.0000,0,0,0,0,"2021-08-10 21:00:00"
"RocketReports","MINT0417",20.0000,40,0,19,21,0.0000,0,0,0,0,0.0000,0,0,0,0,0.0000,0,0,0,0,0.0000,0,0,0,0,"2021-08-10 21:00:00"
"RocketReports","MINT0418",20.0000,83,0,18,65,0.0000,0,0,0,0,0.0000,0,0,0,0,0.0000,0,0,0,0,0.0000,0,0,0,0,"2021-08-10 21:00:00"
"RocketReports","MINT0419",20.0000,153,0,28,125,0.0000,0,0,0,0,0.0000,0,0,0,0,0.0000,0,0,0,0,0.0000,0,0,0,0,"2021-08-10 21:00:00"
"RocketReports","MINT0494",20.0000,3937,0,3627,310,0.0000,0,0,0,0,0.0000,0,0,0,0,0.0000,0,0,0,0,0.0000,0,0,0,0,"2021-08-10 21:00:00"
"RocketReports","MINT0495",20.0000,224,0,224,0,0.0000,0,0,0,0,0.0000,0,0,0,0,0.0000,0,0,0,0,0.0000,0,0,0,0,"2021-08-10 21:00:00"
"RocketReports","MINT0496",20.0000,200,0,23,177,0.0000,0,0,0,0,0.0000,0,0,0,0,0.0000,0,0,0,0,0.0000,0,0,0,0,"2021-08-10 21:00:00"
"RocketReports","MINT0497",20.0000,6987,0,6672,315,0.0000,0,0,0,0,0.0000,0,0,0,0,0.0000,0,0,0,0,0.0000,0,0,0,0,"2021-08-10 21:00:00"
"RocketReports","MINT0498",20.0000,1629,0,1587,42,0.0000,0,0,0,0,0.0000,0,0,0,0,0.0000,0,0,0,0,0.0000,0,0,0,0,"2021-08-10 21:00:00"
"RocketReports","MINT0499",20.0000,1252,0,1004,248,0.0000,0,0,0,0,0.0000,0,0,0,0,0.0000,0,0,0,0,0.0000,0,0,0,0,"2021-08-10 21:00:00"
"RocketReports","MINT0501",20.0000,3261,0,3243,18,0.0000,0,0,0,0,0.0000,0,0,0,0,0.0000,0,0,0,0,0.0000,0,0,0,0,"2021-08-10 21:00:00"
"RocketReports","MINT0503",20.0000,4264,0,3544,720,0.0000,0,0,0,0,0.0000,0,0,0,0,0.0000,0,0,0,0,0.0000,0,0,0,0,"2021-08-10 21:00:00"
"RocketReports","MINT0504",20.0000,507,0,441,66,0.0000,0,0,0,0,0.0000,0,0,0,0,0.0000,0,0,0,0,0.0000,0,0,0,0,"2021-08-10 21:00:00"
"RocketReports","MINT0508",20.0000,2915,0,1923,992,0.0000,0,0,0,0,0.0000,0,0,0,0,0.0000,0,0,0,0,0.0000,0,0,0,0,"2021-08-10 21:00:00"
"RocketReports","MINT0509",20.0000,775,0,745,30,0.0000,0,0,0,0,0.0000,0,0,0,0,0.0000,0,0,0,0,0.0000,0,0,0,0,"2021-08-10 21:00:00"
"RocketReports","MINT0509",0.0000,0,0,0,0,10.0000,0,0,0,0,0.0000,0,0,0,0,0.0000,0,0,0,0,0.0000,0,0,0,0,"2021-08-10 21:00:00"
"RocketReports","MINT0519",20.0000,65,0,0,65,0.0000,0,0,0,0,0.0000,0,0,0,0,0.0000,0,0,0,0,0.0000,0,0,0,0,"2021-08-10 21:00:00"
"RocketReports","MINT0520",20.0000,600,0,9,591,0.0000,0,0,0,0,0.0000,0,0,0,0,0.0000,0,0,0,0,0.0000,0,0,0,0,"2021-08-10 21:00:00"
"RocketReports","MINT0527",20.0000,75,0,0,75,0.0000,0,0,0,0,0.0000,0,0,0,0,0.0000,0,0,0,0,0.0000,0,0,0,0,"2021-08-10 21:00:00"
"RocketReports","MINT0529",20.0000,241,0,206,35,0.0000,0,0,0,0,0.0000,0,0,0,0,0.0000,0,0,0,0,0.0000,0,0,0,0,"2021-08-10 21:00:00"
"RocketReports","MINT0531",20.0000,2301,0,2240,61,0.0000,0,0,0,0,0.0000,0,0,0,0,0.0000,0,0,0,0,0.0000,0,0,0,0,"2021-08-10 21:00:00"
"RocketReports","MINT0532",20.0000,5965,0,5755,210,0.0000,0,0,0,0,0.0000,0,0,0,0,0.0000,0,0,0,0,0.0000,0,0,0,0,"2021-08-10 21:00:00"
"RocketReports","MINT0533",10.0000,0,0,0,0,0.0000,0,0,0,0,0.0000,0,0,0,0,0.0000,0,0,0,0,0.0000,0,0,0,0,"2021-08-10 21:00:00"
"RocketReports","MINT0533",0.0000,0,0,0,0,20.0000,2416,0,2204,212,0.0000,0,0,0,0,0.0000,0,0,0,0,0.0000,0,0,0,0,"2021-08-10 21:00:00"
"RocketReports","MINT0534",20.0000,300,0,295,5,0.0000,0,0,0,0,0.0000,0,0,0,0,0.0000,0,0,0,0,0.0000,0,0,0,0,"2021-08-10 21:00:00"
"RocketReports","MINT0535",20.0000,66,0,10,56,0.0000,0,0,0,0,0.0000,0,0,0,0,0.0000,0,0,0,0,0.0000,0,0,0,0,"2021-08-10 21:00:00"
"RocketReports","MINT0536",20.0000,300,0,211,89,0.0000,0,0,0,0,0.0000,0,0,0,0,0.0000,0,0,0,0,0.0000,0,0,0,0,"2021-08-10 21:00:00"
"RocketReports","MINT0537",20.0000,107,0,107,0,0.0000,0,0,0,0,0.0000,0,0,0,0,0.0000,0,0,0,0,0.0000,0,0,0,0,"2021-08-10 21:00:00"
"RocketReports","MINT0538",20.0000,831,0,772,59,0.0000,0,0,0,0,0.0000,0,0,0,0,0.0000,0,0,0,0,0.0000,0,0,0,0,"2021-08-10 21:00:00"
"RocketReports","MINT0539",20.0000,1357,0,1257,100,0.0000,0,0,0,0,0.0000,0,0,0,0,0.0000,0,0,0,0,0.0000,0,0,0,0,"2021-08-10 21:00:00"
"RocketReports","MINT0540",20.0000,23,0,22,1,0.0000,0,0,0,0,0.0000,0,0,0,0,0.0000,0,0,0,0,0.0000,0,0,0,0,"2021-08-10 21:00:00"
"RocketReports","MINT0542",20.0000,161,0,106,55,0.0000,0,0,0,0,0.0000,0,0,0,0,0.0000,0,0,0,0,0.0000,0,0,0,0,"2021-08-10 21:00:00"
"RocketReports","MINT0543",20.0000,149,0,54,95,0.0000,0,0,0,0,0.0000,0,0,0,0,0.0000,0,0,0,0,0.0000,0,0,0,0,"2021-08-10 21:00:00"
"RocketReports","MINT0544",20.0000,10,0,0,10,0.0000,0,0,0,0,0.0000,0,0,0,0,0.0000,0,0,0,0,0.0000,0,0,0,0,"2021-08-10 21:00:00"
"RocketReports","MINT0545",20.0000,238,0,238,0,0.0000,0,0,0,0,0.0000,0,0,0,0,0.0000,0,0,0,0,0.0000,0,0,0,0,"2021-08-10 21:00:00"
"RocketReports","MINT0546",20.0000,69,0,62,7,0.0000,0,0,0,0,0.0000,0,0,0,0,0.0000,0,0,0,0,0.0000,0,0,0,0,"2021-08-10 21:00:00"
"RocketReports","MINT0547",20.0000,596,0,393,203,0.0000,0,0,0,0,0.0000,0,0,0,0,0.0000,0,0,0,0,0.0000,0,0,0,0,"2021-08-10 21:00:00"
"RocketReports","MINT0548",20.0000,1100,0,989,111,0.0000,0,0,0,0,0.0000,0,0,0,0,0.0000,0,0,0,0,0.0000,0,0,0,0,"2021-08-10 21:00:00"
"RocketReports","MINT0549",20.0000,1498,0,1490,8,0.0000,0,0,0,0,0.0000,0,0,0,0,0.0000,0,0,0,0,0.0000,0,0,0,0,"2021-08-10 21:00:00"
"RocketReports","MINT0550",20.0000,100,0,5,95,0.0000,0,0,0,0,0.0000,0,0,0,0,0.0000,0,0,0,0,0.0000,0,0,0,0,"2021-08-10 21:00:00"
"RocketReports","MINT0551",20.0000,410,0,310,100,0.0000,0,0,0,0,0.0000,0,0,0,0,0.0000,0,0,0,0,0.0000,0,0,0,0,"2021-08-10 21:00:00"
"RocketReports","MINT0552",20.0000,148,0,0,148,0.0000,0,0,0,0,0.0000,0,0,0,0,0.0000,0,0,0,0,0.0000,0,0,0,0,"2021-08-10 21:00:00"
"RocketReports","MINT0553",20.0000,1098,0,1091,7,0.0000,0,0,0,0,0.0000,0,0,0,0,0.0000,0,0,0,0,0.0000,0,0,0,0,"2021-08-10 21:00:00"
"RocketReports","MINT0554",20.0000,1602,0,1402,200,0.0000,0,0,0,0,0.0000,0,0,0,0,0.0000,0,0,0,0,0.0000,0,0,0,0,"2021-08-10 21:00:00"
"RocketReports","MINT0555",20.0000,156,0,108,48,0.0000,0,0,0,0,0.0000,0,0,0,0,0.0000,0,0,0,0,0.0000,0,0,0,0,"2021-08-10 21:00:00"
"RocketReports","MINT0556",20.0000,2799,0,2759,40,0.0000,0,0,0,0,0.0000,0,0,0,0,0.0000,0,0,0,0,0.0000,0,0,0,0,"2021-08-10 21:00:00"
"RocketReports","MINT0557",20.0000,60,0,21,39,0.0000,0,0,0,0,0.0000,0,0,0,0,0.0000,0,0,0,0,0.0000,0,0,0,0,"2021-08-10 21:00:00"
"RocketReports","MINT0558",20.0000,751,0,680,71,0.0000,0,0,0,0,0.0000,0,0,0,0,0.0000,0,0,0,0,0.0000,0,0,0,0,"2021-08-10 21:00:00"
"RocketReports","MINT0559",20.0000,42,0,8,34,0.0000,0,0,0,0,0.0000,0,0,0,0,0.0000,0,0,0,0,0.0000,0,0,0,0,"2021-08-10 21:00:00"
"RocketReports","MINT0560",20.0000,840,0,737,103,0.0000,0,0,0,0,0.0000,0,0,0,0,0.0000,0,0,0,0,0.0000,0,0,0,0,"2021-08-10 21:00:00"
"RocketReports","MINT0561",20.0000,75,0,40,35,0.0000,0,0,0,0,0.0000,0,0,0,0,0.0000,0,0,0,0,0.0000,0,0,0,0,"2021-08-10 21:00:00"
"RocketReports","MINT0562",20.0000,6100,0,5850,250,0.0000,0,0,0,0,0.0000,0,0,0,0,0.0000,0,0,0,0,0.0000,0,0,0,0,"2021-08-10 21:00:00"
"RocketReports","MINT0563",20.0000,1583,0,1495,88,0.0000,0,0,0,0,0.0000,0,0,0,0,0.0000,0,0,0,0,0.0000,0,0,0,0,"2021-08-10 21:00:00"
"RocketReports","MINT0564",20.0000,3337,0,3250,87,0.0000,0,0,0,0,0.0000,0,0,0,0,0.0000,0,0,0,0,0.0000,0,0,0,0,"2021-08-10 21:00:00"
"RocketReports","MINT0565",20.0000,241,0,240,1,0.0000,0,0,0,0,0.0000,0,0,0,0,0.0000,0,0,0,0,0.0000,0,0,0,0,"2021-08-10 21:00:00"
"RocketReports","MINT0566",20.0000,610,0,501,109,0.0000,0,0,0,0,0.0000,0,0,0,0,0.0000,0,0,0,0,0.0000,0,0,0,0,"2021-08-10 21:00:00"
"RocketReports","MINT0567",20.0000,3989,0,3581,408,0.0000,0,0,0,0,0.0000,0,0,0,0,0.0000,0,0,0,0,0.0000,0,0,0,0,"2021-08-10 21:00:00"
"RocketReports","MINT0568",20.0000,350,0,289,61,0.0000,0,0,0,0,0.0000,0,0,0,0,0.0000,0,0,0,0,0.0000,0,0,0,0,"2021-08-10 21:00:00"
"RocketReports","MINT0569",20.0000,395,0,94,301,0.0000,0,0,0,0,0.0000,0,0,0,0,0.0000,0,0,0,0,0.0000,0,0,0,0,"2021-08-10 21:00:00"
"RocketReports","MINT0570",20.0000,6496,0,6259,237,0.0000,0,0,0,0,0.0000,0,0,0,0,0.0000,0,0,0,0,0.0000,0,0,0,0,"2021-08-10 21:00:00"
"RocketReports","MINT0571",20.0000,3218,0,3116,102,0.0000,0,0,0,0,0.0000,0,0,0,0,0.0000,0,0,0,0,0.0000,0,0,0,0,"2021-08-10 21:00:00"
"RocketReports","MINT0572",20.0000,5441,0,5427,14,0.0000,0,0,0,0,0.0000,0,0,0,0,0.0000,0,0,0,0,0.0000,0,0,0,0,"2021-08-10 21:00:00"
"RocketReports","MINT0573",20.0000,1200,0,990,210,0.0000,0,0,0,0,0.0000,0,0,0,0,0.0000,0,0,0,0,0.0000,0,0,0,0,"2021-08-10 21:00:00"
"RocketReports","MINT0574",20.0000,6796,0,6581,215,0.0000,0,0,0,0,0.0000,0,0,0,0,0.0000,0,0,0,0,0.0000,0,0,0,0,"2021-08-10 21:00:00"
"RocketReports","MINT0575",20.0000,25,0,0,25,0.0000,0,0,0,0,0.0000,0,0,0,0,0.0000,0,0,0,0,0.0000,0,0,0,0,"2021-08-10 21:00:00"
"RocketReports","MINT0576",20.0000,466,0,435,31,0.0000,0,0,0,0,0.0000,0,0,0,0,0.0000,0,0,0,0,0.0000,0,0,0,0,"2021-08-10 21:00:00"
"RocketReports","MINT0577",20.0000,515,0,472,43,0.0000,0,0,0,0,0.0000,0,0,0,0,0.0000,0,0,0,0,0.0000,0,0,0,0,"2021-08-10 21:00:00"
"RocketReports","MINT0578",20.0000,73,0,0,73,0.0000,0,0,0,0,0.0000,0,0,0,0,0.0000,0,0,0,0,0.0000,0,0,0,0,"2021-08-10 21:00:00"
"RocketReports","MINT0579",20.0000,20,0,20,0,0.0000,0,0,0,0,0.0000,0,0,0,0,0.0000,0,0,0,0,0.0000,0,0,0,0,"2021-08-10 21:00:00"
"RocketReports","MINT0580",20.0000,200,0,5,195,0.0000,0,0,0,0,0.0000,0,0,0,0,0.0000,0,0,0,0,0.0000,0,0,0,0,"2021-08-10 21:00:00"
"RocketReports","MINT0581",20.0000,218,0,143,75,0.0000,0,0,0,0,0.0000,0,0,0,0,0.0000,0,0,0,0,0.0000,0,0,0,0,"2021-08-10 21:00:00"
"RocketReports","MINT0582",20.0000,196,0,161,35,0.0000,0,0,0,0,0.0000,0,0,0,0,0.0000,0,0,0,0,0.0000,0,0,0,0,"2021-08-10 21:00:00"
"RocketReports","MINT0583",20.0000,43,0,8,35,0.0000,0,0,0,0,0.0000,0,0,0,0,0.0000,0,0,0,0,0.0000,0,0,0,0,"2021-08-10 21:00:00"
"RocketReports","MINT0584",20.0000,158,0,84,74,0.0000,0,0,0,0,0.0000,0,0,0,0,0.0000,0,0,0,0,0.0000,0,0,0,0,"2021-08-10 21:00:00"
"RocketReports","MINT0585",20.0000,5575,0,5437,138,0.0000,0,0,0,0,0.0000,0,0,0,0,0.0000,0,0,0,0,0.0000,0,0,0,0,"2021-08-10 21:00:00"
"RocketReports","MINT0586",20.0000,1046,0,1006,40,0.0000,0,0,0,0,0.0000,0,0,0,0,0.0000,0,0,0,0,0.0000,0,0,0,0,"2021-08-10 21:00:00"
"RocketReports","MINT0587",20.0000,25,0,0,25,0.0000,0,0,0,0,0.0000,0,0,0,0,0.0000,0,0,0,0,0.0000,0,0,0,0,"2021-08-10 21:00:00"
"RocketReports","MINT0588",20.0000,115,0,115,0,0.0000,0,0,0,0,0.0000,0,0,0,0,0.0000,0,0,0,0,0.0000,0,0,0,0,"2021-08-10 21:00:00"
"RocketReports","MINT0589",20.0000,150,0,139,11,0.0000,0,0,0,0,0.0000,0,0,0,0,0.0000,0,0,0,0,0.0000,0,0,0,0,"2021-08-10 21:00:00"
"RocketReports","MINT0590",20.0000,705,0,643,62,0.0000,0,0,0,0,0.0000,0,0,0,0,0.0000,0,0,0,0,0.0000,0,0,0,0,"2021-08-10 21:00:00"
"RocketReports","MINT0591",20.0000,350,0,285,65,0.0000,0,0,0,0,0.0000,0,0,0,0,0.0000,0,0,0,0,0.0000,0,0,0,0,"2021-08-10 21:00:00"
"RocketReports","MINT0592",20.0000,75,0,48,27,0.0000,0,0,0,0,0.0000,0,0,0,0,0.0000,0,0,0,0,0.0000,0,0,0,0,"2021-08-10 21:00:00"
"RocketReports","MINT0593",20.0000,73,0,4,69,0.0000,0,0,0,0,0.0000,0,0,0,0,0.0000,0,0,0,0,0.0000,0,0,0,0,"2021-08-10 21:00:00"
"RocketReports","MINT0594",20.0000,60,0,11,49,0.0000,0,0,0,0,0.0000,0,0,0,0,0.0000,0,0,0,0,0.0000,0,0,0,0,"2021-08-10 21:00:00"
"RocketReports","MINT0595",20.0000,60,0,12,48,0.0000,0,0,0,0,0.0000,0,0,0,0,0.0000,0,0,0,0,0.0000,0,0,0,0,"2021-08-10 21:00:00"
"RocketReports","MINT0596",20.0000,4401,0,4219,182,0.0000,0,0,0,0,0.0000,0,0,0,0,0.0000,0,0,0,0,0.0000,0,0,0,0,"2021-08-10 21:00:00"
"RocketReports","MINT0597",20.0000,54,0,19,35,0.0000,0,0,0,0,0.0000,0,0,0,0,0.0000,0,0,0,0,0.0000,0,0,0,0,"2021-08-10 21:00:00"
"RocketReports","MINT0598",20.0000,34,0,33,1,0.0000,0,0,0,0,0.0000,0,0,0,0,0.0000,0,0,0,0,0.0000,0,0,0,0,"2021-08-10 21:00:00"
"RocketReports","MINT0599",20.0000,1600,0,634,966,0.0000,0,0,0,0,0.0000,0,0,0,0,0.0000,0,0,0,0,0.0000,0,0,0,0,"2021-08-10 21:00:00"
"RocketReports","MINT0600",20.0000,296,0,239,57,0.0000,0,0,0,0,0.0000,0,0,0,0,0.0000,0,0,0,0,0.0000,0,0,0,0,"2021-08-10 21:00:00"
"RocketReports","MINT0601",20.0000,578,0,533,45,0.0000,0,0,0,0,0.0000,0,0,0,0,0.0000,0,0,0,0,0.0000,0,0,0,0,"2021-08-10 21:00:00"
"RocketReports","MINT0602",20.0000,1246,0,1095,151,0.0000,0,0,0,0,0.0000,0,0,0,0,0.0000,0,0,0,0,0.0000,0,0,0,0,"2021-08-10 21:00:00"
"RocketReports","MINT0603",20.0000,34,0,0,34,0.0000,0,0,0,0,0.0000,0,0,0,0,0.0000,0,0,0,0,0.0000,0,0,0,0,"2021-08-10 21:00:00"
"RocketReports","MINT0604",20.0000,780,0,615,165,0.0000,0,0,0,0,0.0000,0,0,0,0,0.0000,0,0,0,0,0.0000,0,0,0,0,"2021-08-10 21:00:00"
"RocketReports","MINT0606",20.0000,153,0,56,97,0.0000,0,0,0,0,0.0000,0,0,0,0,0.0000,0,0,0,0,0.0000,0,0,0,0,"2021-08-10 21:00:00"
"RocketReports","MINT0608",20.0000,548,0,497,51,0.0000,0,0,0,0,0.0000,0,0,0,0,0.0000,0,0,0,0,0.0000,0,0,0,0,"2021-08-10 21:00:00"
"RocketReports","MINT0609",20.0000,250,0,183,67,0.0000,0,0,0,0,0.0000,0,0,0,0,0.0000,0,0,0,0,0.0000,0,0,0,0,"2021-08-10 21:00:00"
"RocketReports","MINT0610",20.0000,250,0,117,133,0.0000,0,0,0,0,0.0000,0,0,0,0,0.0000,0,0,0,0,0.0000,0,0,0,0,"2021-08-10 21:00:00"
"RocketReports","MINT0611",20.0000,1412,0,1387,25,0.0000,0,0,0,0,0.0000,0,0,0,0,0.0000,0,0,0,0,0.0000,0,0,0,0,"2021-08-10 21:00:00"
"RocketReports","MINT0614",20.0000,605,0,365,240,0.0000,0,0,0,0,0.0000,0,0,0,0,0.0000,0,0,0,0,0.0000,0,0,0,0,"2021-08-10 21:00:00"
"RocketReports","MINT0615",20.0000,100,0,55,45,0.0000,0,0,0,0,0.0000,0,0,0,0,0.0000,0,0,0,0,0.0000,0,0,0,0,"2021-08-10 21:00:00"
"RocketReports","MINT0707",20.0000,505,0,482,23,0.0000,0,0,0,0,0.0000,0,0,0,0,0.0000,0,0,0,0,0.0000,0,0,0,0,"2021-08-10 21:00:00"
"RocketReports","MINT0820",20.0000,100,0,100,0,0.0000,0,0,0,0,0.0000,0,0,0,0,0.0000,0,0,0,0,0.0000,0,0,0,0,"2021-08-10 21:00:00"
"RocketReports","MINT0900",20.0000,103,0,0,103,0.0000,0,0,0,0,0.0000,0,0,0,0,0.0000,0,0,0,0,0.0000,0,0,0,0,"2021-08-10 21:00:00"
"RocketReports","MINT0901",20.0000,100,0,89,11,0.0000,0,0,0,0,0.0000,0,0,0,0,0.0000,0,0,0,0,0.0000,0,0,0,0,"2021-08-10 21:00:00"
"RocketReports","MINT0902",20.0000,87,0,87,0,0.0000,0,0,0,0,0.0000,0,0,0,0,0.0000,0,0,0,0,0.0000,0,0,0,0,"2021-08-10 21:00:00"
"RocketReports","MINT0903",20.0000,94,0,42,52,0.0000,0,0,0,0,0.0000,0,0,0,0,0.0000,0,0,0,0,0.0000,0,0,0,0,"2021-08-10 21:00:00"
"RocketReports","MINT0904",20.0000,1,0,0,1,0.0000,0,0,0,0,0.0000,0,0,0,0,0.0000,0,0,0,0,0.0000,0,0,0,0,"2021-08-10 21:00:00"
"RocketReports","MINT0905",20.0000,83,0,69,14,0.0000,0,0,0,0,0.0000,0,0,0,0,0.0000,0,0,0,0,0.0000,0,0,0,0,"2021-08-10 21:00:00"
"RocketReports","MINT0906",20.0000,100,0,74,26,0.0000,0,0,0,0,0.0000,0,0,0,0,0.0000,0,0,0,0,0.0000,0,0,0,0,"2021-08-10 21:00:00"
"RocketReports","MINT0907",20.0000,128,0,20,108,0.0000,0,0,0,0,0.0000,0,0,0,0,0.0000,0,0,0,0,0.0000,0,0,0,0,"2021-08-10 21:00:00"
"RocketReports","MINT0908",20.0000,144,0,8,136,0.0000,0,0,0,0,0.0000,0,0,0,0,0.0000,0,0,0,0,0.0000,0,0,0,0,"2021-08-10 21:00:00"
"RocketReports","MINT0909",20.0000,148,0,6,142,0.0000,0,0,0,0,0.0000,0,0,0,0,0.0000,0,0,0,0,0.0000,0,0,0,0,"2021-08-10 21:00:00"
"RocketReports","MINT0910",20.0000,111,0,0,111,0.0000,0,0,0,0,0.0000,0,0,0,0,0.0000,0,0,0,0,0.0000,0,0,0,0,"2021-08-10 21:00:00"
"RocketReports","MINT0912",20.0000,253,0,194,59,0.0000,0,0,0,0,0.0000,0,0,0,0,0.0000,0,0,0,0,0.0000,0,0,0,0,"2021-08-10 21:00:00"
"RocketReports","MINT0913",20.0000,355,0,156,199,0.0000,0,0,0,0,0.0000,0,0,0,0,0.0000,0,0,0,0,0.0000,0,0,0,0,"2021-08-10 21:00:00"
"RocketReports","MINT0914",20.0000,82,0,2,80,0.0000,0,0,0,0,0.0000,0,0,0,0,0.0000,0,0,0,0,0.0000,0,0,0,0,"2021-08-10 21:00:00"
"RocketReports","MINT0915",20.0000,136,0,92,44,0.0000,0,0,0,0,0.0000,0,0,0,0,0.0000,0,0,0,0,0.0000,0,0,0,0,"2021-08-10 21:00:00"
"RocketReports","MINT0916",20.0000,184,0,13,171,0.0000,0,0,0,0,0.0000,0,0,0,0,0.0000,0,0,0,0,0.0000,0,0,0,0,"2021-08-10 21:00:00"
"RocketReports","MINT0917",20.0000,83,0,0,83,0.0000,0,0,0,0,0.0000,0,0,0,0,0.0000,0,0,0,0,0.0000,0,0,0,0,"2021-08-10 21:00:00"
"RocketReports","MINT0918",20.0000,63,0,22,41,0.0000,0,0,0,0,0.0000,0,0,0,0,0.0000,0,0,0,0,0.0000,0,0,0,0,"2021-08-10 21:00:00"
"RocketReports","MINT0919",20.0000,337,0,195,142,0.0000,0,0,0,0,0.0000,0,0,0,0,0.0000,0,0,0,0,0.0000,0,0,0,0,"2021-08-10 21:00:00"
"RocketReports","MINT0920",20.0000,173,0,18,155,0.0000,0,0,0,0,0.0000,0,0,0,0,0.0000,0,0,0,0,0.0000,0,0,0,0,"2021-08-10 21:00:00"
"RocketReports","MINT0921",20.0000,120,0,0,120,0.0000,0,0,0,0,0.0000,0,0,0,0,0.0000,0,0,0,0,0.0000,0,0,0,0,"2021-08-10 21:00:00"
"RocketReports","MINT0922",20.0000,6777,0,6709,68,0.0000,0,0,0,0,0.0000,0,0,0,0,0.0000,0,0,0,0,0.0000,0,0,0,0,"2021-08-10 21:00:00"
"RocketReports","MINT0923",20.0000,125,0,24,101,0.0000,0,0,0,0,0.0000,0,0,0,0,0.0000,0,0,0,0,0.0000,0,0,0,0,"2021-08-10 21:00:00"
"RocketReports","MINT0924",20.0000,950,0,410,540,0.0000,0,0,0,0,0.0000,0,0,0,0,0.0000,0,0,0,0,0.0000,0,0,0,0,"2021-08-10 21:00:00"
"RocketReports","MINT0925",20.0000,124,0,2,122,0.0000,0,0,0,0,0.0000,0,0,0,0,0.0000,0,0,0,0,0.0000,0,0,0,0,"2021-08-10 21:00:00"
"RocketReports","MINT0926",20.0000,109,0,32,77,0.0000,0,0,0,0,0.0000,0,0,0,0,0.0000,0,0,0,0,0.0000,0,0,0,0,"2021-08-10 21:00:00"
"RocketReports","MINT1000",20.0000,1599,0,1380,219,0.0000,0,0,0,0,0.0000,0,0,0,0,0.0000,0,0,0,0,0.0000,0,0,0,0,"2021-08-10 21:00:00"
"RocketReports","MINT1001",20.0000,1843,0,1819,24,0.0000,0,0,0,0,0.0000,0,0,0,0,0.0000,0,0,0,0,0.0000,0,0,0,0,"2021-08-10 21:00:00"
"RocketReports","MINT1002",20.0000,150,0,0,150,0.0000,0,0,0,0,0.0000,0,0,0,0,0.0000,0,0,0,0,0.0000,0,0,0,0,"2021-08-10 21:00:00"
"RocketReports","MINT1003",20.0000,778,0,678,100,0.0000,0,0,0,0,0.0000,0,0,0,0,0.0000,0,0,0,0,0.0000,0,0,0,0,"2021-08-10 21:00:00"
"RocketReports","MINT1004",20.0000,1831,0,1550,281,0.0000,0,0,0,0,0.0000,0,0,0,0,0.0000,0,0,0,0,0.0000,0,0,0,0,"2021-08-10 21:00:00"
"RocketReports","MINT1006",20.0000,1698,0,1478,220,0.0000,0,0,0,0,0.0000,0,0,0,0,0.0000,0,0,0,0,0.0000,0,0,0,0,"2021-08-10 21:00:00"
"RocketReports","MINT1007",20.0000,10,0,0,10,0.0000,0,0,0,0,0.0000,0,0,0,0,0.0000,0,0,0,0,0.0000,0,0,0,0,"2021-08-10 21:00:00"
"RocketReports","MINT1009",20.0000,2,0,0,2,0.0000,0,0,0,0,0.0000,0,0,0,0,0.0000,0,0,0,0,0.0000,0,0,0,0,"2021-08-10 21:00:00"
"RocketReports","MINT1010",20.0000,218,0,10,208,0.0000,0,0,0,0,0.0000,0,0,0,0,0.0000,0,0,0,0,0.0000,0,0,0,0,"2021-08-10 21:00:00"
"RocketReports","MINT1011",20.0000,205,0,31,174,0.0000,0,0,0,0,0.0000,0,0,0,0,0.0000,0,0,0,0,0.0000,0,0,0,0,"2021-08-10 21:00:00"
"RocketReports","MINT1012",20.0000,6775,0,6677,98,0.0000,0,0,0,0,0.0000,0,0,0,0,0.0000,0,0,0,0,0.0000,0,0,0,0,"2021-08-10 21:00:00"
"RocketReports","MINT1014",20.0000,2898,0,2873,25,0.0000,0,0,0,0,0.0000,0,0,0,0,0.0000,0,0,0,0,0.0000,0,0,0,0,"2021-08-10 21:00:00"
"RocketReports","MINT1015",20.0000,200,0,35,165,0.0000,0,0,0,0,0.0000,0,0,0,0,0.0000,0,0,0,0,0.0000,0,0,0,0,"2021-08-10 21:00:00"
"RocketReports","MINT1016",20.0000,414,0,268,146,0.0000,0,0,0,0,0.0000,0,0,0,0,0.0000,0,0,0,0,0.0000,0,0,0,0,"2021-08-10 21:00:00"
"RocketReports","MINT1017",20.0000,153,0,17,136,0.0000,0,0,0,0,0.0000,0,0,0,0,0.0000,0,0,0,0,0.0000,0,0,0,0,"2021-08-10 21:00:00"
"RocketReports","MINT1018",20.0000,150,0,79,71,0.0000,0,0,0,0,0.0000,0,0,0,0,0.0000,0,0,0,0,0.0000,0,0,0,0,"2021-08-10 21:00:00"
"RocketReports","MINT1019",20.0000,96,0,50,46,0.0000,0,0,0,0,0.0000,0,0,0,0,0.0000,0,0,0,0,0.0000,0,0,0,0,"2021-08-10 21:00:00"
"RocketReports","MINT1030",20.0000,22,0,15,7,0.0000,0,0,0,0,0.0000,0,0,0,0,0.0000,0,0,0,0,0.0000,0,0,0,0,"2021-08-10 21:00:00"
"RocketReports","MINT1041",20.0000,250,0,87,163,0.0000,0,0,0,0,0.0000,0,0,0,0,0.0000,0,0,0,0,0.0000,0,0,0,0,"2021-08-10 21:00:00"
"RocketReports","MINT1050",20.0000,146,0,80,66,0.0000,0,0,0,0,0.0000,0,0,0,0,0.0000,0,0,0,0,0.0000,0,0,0,0,"2021-08-10 21:00:00"
"RocketReports","MINT1061",20.0000,138,0,50,88,0.0000,0,0,0,0,0.0000,0,0,0,0,0.0000,0,0,0,0,0.0000,0,0,0,0,"2021-08-10 21:00:00"
"RocketReports","MINT1062",20.0000,139,0,46,93,0.0000,0,0,0,0,0.0000,0,0,0,0,0.0000,0,0,0,0,0.0000,0,0,0,0,"2021-08-10 21:00:00"
"RocketReports","MINT1063",20.0000,228,0,4,224,0.0000,0,0,0,0,0.0000,0,0,0,0,0.0000,0,0,0,0,0.0000,0,0,0,0,"2021-08-10 21:00:00"
"RocketReports","MINT1066",20.0000,187,0,0,187,0.0000,0,0,0,0,0.0000,0,0,0,0,0.0000,0,0,0,0,0.0000,0,0,0,0,"2021-08-10 21:00:00"
"RocketReports","MINT1067",20.0000,100,0,8,92,0.0000,0,0,0,0,0.0000,0,0,0,0,0.0000,0,0,0,0,0.0000,0,0,0,0,"2021-08-10 21:00:00"
"RocketReports","MINT1068",20.0000,341,0,146,195,0.0000,0,0,0,0,0.0000,0,0,0,0,0.0000,0,0,0,0,0.0000,0,0,0,0,"2021-08-10 21:00:00"
"RocketReports","MINT1069",20.0000,150,0,117,33,0.0000,0,0,0,0,0.0000,0,0,0,0,0.0000,0,0,0,0,0.0000,0,0,0,0,"2021-08-10 21:00:00"
"RocketReports","MINT1070",20.0000,50,0,50,0,0.0000,0,0,0,0,0.0000,0,0,0,0,0.0000,0,0,0,0,0.0000,0,0,0,0,"2021-08-10 21:00:00"
"RocketReports","MINT1071",20.0000,93,0,33,60,0.0000,0,0,0,0,0.0000,0,0,0,0,0.0000,0,0,0,0,0.0000,0,0,0,0,"2021-08-10 21:00:00"
"RocketReports","MINT1072",20.0000,40,0,40,0,0.0000,0,0,0,0,0.0000,0,0,0,0,0.0000,0,0,0,0,0.0000,0,0,0,0,"2021-08-10 21:00:00"
"RocketReports","MINT1073",20.0000,146,0,42,104,0.0000,0,0,0,0,0.0000,0,0,0,0,0.0000,0,0,0,0,0.0000,0,0,0,0,"2021-08-10 21:00:00"
"RocketReports","MINT1074",20.0000,7034,0,7033,1,0.0000,0,0,0,0,0.0000,0,0,0,0,0.0000,0,0,0,0,0.0000,0,0,0,0,"2021-08-10 21:00:00"
"RocketReports","MINT1075",20.0000,400,0,167,233,0.0000,0,0,0,0,0.0000,0,0,0,0,0.0000,0,0,0,0,0.0000,0,0,0,0,"2021-08-10 21:00:00"
"RocketReports","MINT1076",20.0000,289,0,53,236,0.0000,0,0,0,0,0.0000,0,0,0,0,0.0000,0,0,0,0,0.0000,0,0,0,0,"2021-08-10 21:00:00"
"RocketReports","MINT1077",20.0000,999,0,587,412,0.0000,0,0,0,0,0.0000,0,0,0,0,0.0000,0,0,0,0,0.0000,0,0,0,0,"2021-08-10 21:00:00"
"RocketReports","MINT1078",20.0000,1054,0,995,59,0.0000,0,0,0,0,0.0000,0,0,0,0,0.0000,0,0,0,0,0.0000,0,0,0,0,"2021-08-10 21:00:00"
"RocketReports","MINT1079",20.0000,5,0,0,5,0.0000,0,0,0,0,0.0000,0,0,0,0,0.0000,0,0,0,0,0.0000,0,0,0,0,"2021-08-10 21:00:00"
"RocketReports","MINT1080",20.0000,2812,0,2811,1,0.0000,0,0,0,0,0.0000,0,0,0,0,0.0000,0,0,0,0,0.0000,0,0,0,0,"2021-08-10 21:00:00"
"RocketReports","MINT1081",20.0000,52,0,42,10,0.0000,0,0,0,0,0.0000,0,0,0,0,0.0000,0,0,0,0,0.0000,0,0,0,0,"2021-08-10 21:00:00"
"RocketReports","MINT1082",20.0000,50,0,0,50,0.0000,0,0,0,0,0.0000,0,0,0,0,0.0000,0,0,0,0,0.0000,0,0,0,0,"2021-08-10 21:00:00"
"RocketReports","MINT1083",20.0000,245,0,178,67,0.0000,0,0,0,0,0.0000,0,0,0,0,0.0000,0,0,0,0,0.0000,0,0,0,0,"2021-08-10 21:00:00"
"RocketReports","MINT1084",20.0000,111,0,62,49,0.0000,0,0,0,0,0.0000,0,0,0,0,0.0000,0,0,0,0,0.0000,0,0,0,0,"2021-08-10 21:00:00"
"RocketReports","MINT1085",20.0000,1006,0,853,153,0.0000,0,0,0,0,0.0000,0,0,0,0,0.0000,0,0,0,0,0.0000,0,0,0,0,"2021-08-10 21:00:00"
"RocketReports","MINT1086",20.0000,829,0,762,67,0.0000,0,0,0,0,0.0000,0,0,0,0,0.0000,0,0,0,0,0.0000,0,0,0,0,"2021-08-10 21:00:00"
"RocketReports","MINT1087",20.0000,767,0,654,113,0.0000,0,0,0,0,0.0000,0,0,0,0,0.0000,0,0,0,0,0.0000,0,0,0,0,"2021-08-10 21:00:00"
"RocketReports","MINT1090",20.0000,562,0,91,471,0.0000,0,0,0,0,0.0000,0,0,0,0,0.0000,0,0,0,0,0.0000,0,0,0,0,"2021-08-10 21:00:00"
"RocketReports","MINT1091",20.0000,309,0,90,219,0.0000,0,0,0,0,0.0000,0,0,0,0,0.0000,0,0,0,0,0.0000,0,0,0,0,"2021-08-10 21:00:00"
"RocketReports","MINT1092",20.0000,81,0,39,42,0.0000,0,0,0,0,0.0000,0,0,0,0,0.0000,0,0,0,0,0.0000,0,0,0,0,"2021-08-10 21:00:00"
"RocketReports","MINT1093",20.0000,500,0,224,276,0.0000,0,0,0,0,0.0000,0,0,0,0,0.0000,0,0,0,0,0.0000,0,0,0,0,"2021-08-10 21:00:00"
"RocketReports","MINT1094",20.0000,100,0,47,53,0.0000,0,0,0,0,0.0000,0,0,0,0,0.0000,0,0,0,0,0.0000,0,0,0,0,"2021-08-10 21:00:00"
"RocketReports","MINT1095",20.0000,200,0,1,199,0.0000,0,0,0,0,0.0000,0,0,0,0,0.0000,0,0,0,0,0.0000,0,0,0,0,"2021-08-10 21:00:00"
"RocketReports","MINT1096",20.0000,117,0,1,116,0.0000,0,0,0,0,0.0000,0,0,0,0,0.0000,0,0,0,0,0.0000,0,0,0,0,"2021-08-10 21:00:00"
"RocketReports","MINT1500",20.0000,200,0,57,143,0.0000,0,0,0,0,0.0000,0,0,0,0,0.0000,0,0,0,0,0.0000,0,0,0,0,"2021-08-10 21:00:00"
"RocketReports","MINT2000",20.0000,15,0,7,8,0.0000,0,0,0,0,0.0000,0,0,0,0,0.0000,0,0,0,0,0.0000,0,0,0,0,"2021-08-10 21:00:00"
"RocketReports","MINT3000",20.0000,181,0,3,178,0.0000,0,0,0,0,0.0000,0,0,0,0,0.0000,0,0,0,0,0.0000,0,0,0,0,"2021-08-10 21:00:00"
"RocketReports","MINT3001",20.0000,179,0,21,158,0.0000,0,0,0,0,0.0000,0,0,0,0,0.0000,0,0,0,0,0.0000,0,0,0,0,"2021-08-10 21:00:00"
"RocketReports","MINT3002",20.0000,150,0,125,25,0.0000,0,0,0,0,0.0000,0,0,0,0,0.0000,0,0,0,0,0.0000,0,0,0,0,"2021-08-10 21:00:00"
"RocketReports","MINT3003",20.0000,110,0,107,3,0.0000,0,0,0,0,0.0000,0,0,0,0,0.0000,0,0,0,0,0.0000,0,0,0,0,"2021-08-10 21:00:00"
"RocketReports","MINT3005",20.0000,309,0,137,172,0.0000,0,0,0,0,0.0000,0,0,0,0,0.0000,0,0,0,0,0.0000,0,0,0,0,"2021-08-10 21:00:00"
"RocketReports","MINT4000",20.0000,9516,0,9342,174,0.0000,0,0,0,0,0.0000,0,0,0,0,0.0000,0,0,0,0,0.0000,0,0,0,0,"2021-08-10 21:00:00"
"RocketReports","MINT4001",20.0000,539,0,0,539,0.0000,0,0,0,0,0.0000,0,0,0,0,0.0000,0,0,0,0,0.0000,0,0,0,0,"2021-08-10 21:00:00"
"RocketReports","MINT4002",20.0000,107,0,12,95,0.0000,0,0,0,0,0.0000,0,0,0,0,0.0000,0,0,0,0,0.0000,0,0,0,0,"2021-08-10 21:00:00"
"RocketReports","MINT4003",20.0000,548,0,236,312,0.0000,0,0,0,0,0.0000,0,0,0,0,0.0000,0,0,0,0,0.0000,0,0,0,0,"2021-08-10 21:00:00"
"RocketReports","MINT4004",20.0000,239,0,0,239,0.0000,0,0,0,0,0.0000,0,0,0,0,0.0000,0,0,0,0,0.0000,0,0,0,0,"2021-08-10 21:00:00"
"RocketReports","MINT4005",20.0000,3672,0,3332,340,0.0000,0,0,0,0,0.0000,0,0,0,0,0.0000,0,0,0,0,0.0000,0,0,0,0,"2021-08-10 21:00:00"
"RocketReports","MINT4006",20.0000,240,0,23,217,0.0000,0,0,0,0,0.0000,0,0,0,0,0.0000,0,0,0,0,0.0000,0,0,0,0,"2021-08-10 21:00:00"
"RocketReports","MINT4007",20.0000,1,0,0,1,0.0000,0,0,0,0,0.0000,0,0,0,0,0.0000,0,0,0,0,0.0000,0,0,0,0,"2021-08-10 21:00:00"
"RocketReports","MINT4008",20.0000,50,0,0,50,0.0000,0,0,0,0,0.0000,0,0,0,0,0.0000,0,0,0,0,0.0000,0,0,0,0,"2021-08-10 21:00:00"
"RocketReports","MINT4009",20.0000,1397,0,543,854,0.0000,0,0,0,0,0.0000,0,0,0,0,0.0000,0,0,0,0,0.0000,0,0,0,0,"2021-08-10 21:00:00"
"RocketReports","MINT4010",20.0000,776,0,211,565,0.0000,0,0,0,0,0.0000,0,0,0,0,0.0000,0,0,0,0,0.0000,0,0,0,0,"2021-08-10 21:00:00"
"RocketReports","MINT4011",20.0000,528,0,61,467,0.0000,0,0,0,0,0.0000,0,0,0,0,0.0000,0,0,0,0,0.0000,0,0,0,0,"2021-08-10 21:00:00"
"RocketReports","MINT4012",20.0000,194,0,73,121,0.0000,0,0,0,0,0.0000,0,0,0,0,0.0000,0,0,0,0,0.0000,0,0,0,0,"2021-08-10 21:00:00"
"RocketReports","MINT4013",20.0000,50,0,4,46,0.0000,0,0,0,0,0.0000,0,0,0,0,0.0000,0,0,0,0,0.0000,0,0,0,0,"2021-08-10 21:00:00"
"RocketReports","MINT4014",20.0000,399,0,230,169,0.0000,0,0,0,0,0.0000,0,0,0,0,0.0000,0,0,0,0,0.0000,0,0,0,0,"2021-08-10 21:00:00"
"RocketReports","MINT4015",20.0000,400,0,209,191,0.0000,0,0,0,0,0.0000,0,0,0,0,0.0000,0,0,0,0,0.0000,0,0,0,0,"2021-08-10 21:00:00"
"RocketReports","MINT4016",20.0000,100,0,23,77,0.0000,0,0,0,0,0.0000,0,0,0,0,0.0000,0,0,0,0,0.0000,0,0,0,0,"2021-08-10 21:00:00"
"RocketReports","MINT4017",20.0000,86,0,55,31,0.0000,0,0,0,0,0.0000,0,0,0,0,0.0000,0,0,0,0,0.0000,0,0,0,0,"2021-08-10 21:00:00"
"RocketReports","MINT4018",20.0000,113,0,38,75,0.0000,0,0,0,0,0.0000,0,0,0,0,0.0000,0,0,0,0,0.0000,0,0,0,0,"2021-08-10 21:00:00"
"RocketReports","MINT4019",20.0000,245,0,45,200,0.0000,0,0,0,0,0.0000,0,0,0,0,0.0000,0,0,0,0,0.0000,0,0,0,0,"2021-08-10 21:00:00"
"RocketReports","MINT4020",20.0000,310,0,309,1,0.0000,0,0,0,0,0.0000,0,0,0,0,0.0000,0,0,0,0,0.0000,0,0,0,0,"2021-08-10 21:00:00"
"RocketReports","MINT4021",20.0000,608,0,568,40,0.0000,0,0,0,0,0.0000,0,0,0,0,0.0000,0,0,0,0,0.0000,0,0,0,0,"2021-08-10 21:00:00"
"RocketReports","MINT4022",20.0000,943,0,105,838,0.0000,0,0,0,0,0.0000,0,0,0,0,0.0000,0,0,0,0,0.0000,0,0,0,0,"2021-08-10 21:00:00"
"RocketReports","MINT4023",20.0000,212,0,163,49,0.0000,0,0,0,0,0.0000,0,0,0,0,0.0000,0,0,0,0,0.0000,0,0,0,0,"2021-08-10 21:00:00"
"RocketReports","MINT4024",20.0000,764,0,398,366,0.0000,0,0,0,0,0.0000,0,0,0,0,0.0000,0,0,0,0,0.0000,0,0,0,0,"2021-08-10 21:00:00"
"RocketReports","MINT4025",20.0000,4297,0,4037,260,0.0000,0,0,0,0,0.0000,0,0,0,0,0.0000,0,0,0,0,0.0000,0,0,0,0,"2021-08-10 21:00:00"
"RocketReports","MINT4026",20.0000,172,0,113,59,0.0000,0,0,0,0,0.0000,0,0,0,0,0.0000,0,0,0,0,0.0000,0,0,0,0,"2021-08-10 21:00:00"
"RocketReports","MINT4027",20.0000,247,0,105,142,0.0000,0,0,0,0,0.0000,0,0,0,0,0.0000,0,0,0,0,0.0000,0,0,0,0,"2021-08-10 21:00:00"
"RocketReports","MINT4028",20.0000,88,0,26,62,0.0000,0,0,0,0,0.0000,0,0,0,0,0.0000,0,0,0,0,0.0000,0,0,0,0,"2021-08-10 21:00:00"
"RocketReports","MINT4029",20.0000,291,0,64,227,0.0000,0,0,0,0,0.0000,0,0,0,0,0.0000,0,0,0,0,0.0000,0,0,0,0,"2021-08-10 21:00:00"
"RocketReports","MINT4030",20.0000,397,0,219,178,0.0000,0,0,0,0,0.0000,0,0,0,0,0.0000,0,0,0,0,0.0000,0,0,0,0,"2021-08-10 21:00:00"
"RocketReports","MINT4031",20.0000,7609,0,7609,0,0.0000,0,0,0,0,0.0000,0,0,0,0,0.0000,0,0,0,0,0.0000,0,0,0,0,"2021-08-10 21:00:00"
"RocketReports","MINT4032",20.0000,99,0,28,71,0.0000,0,0,0,0,0.0000,0,0,0,0,0.0000,0,0,0,0,0.0000,0,0,0,0,"2021-08-10 21:00:00"
"RocketReports","MINT4033",20.0000,481,0,118,363,0.0000,0,0,0,0,0.0000,0,0,0,0,0.0000,0,0,0,0,0.0000,0,0,0,0,"2021-08-10 21:00:00"
"RocketReports","MINT4034",20.0000,25,0,25,0,0.0000,0,0,0,0,0.0000,0,0,0,0,0.0000,0,0,0,0,0.0000,0,0,0,0,"2021-08-10 21:00:00"
"RocketReports","MINT4035",20.0000,193,0,137,56,0.0000,0,0,0,0,0.0000,0,0,0,0,0.0000,0,0,0,0,0.0000,0,0,0,0,"2021-08-10 21:00:00"
"RocketReports","MINT4036",20.0000,1972,0,1896,76,0.0000,0,0,0,0,0.0000,0,0,0,0,0.0000,0,0,0,0,0.0000,0,0,0,0,"2021-08-10 21:00:00"
"RocketReports","MINT4037",20.0000,279,0,260,19,0.0000,0,0,0,0,0.0000,0,0,0,0,0.0000,0,0,0,0,0.0000,0,0,0,0,"2021-08-10 21:00:00"
"RocketReports","MINT4038",20.0000,196,0,84,112,0.0000,0,0,0,0,0.0000,0,0,0,0,0.0000,0,0,0,0,0.0000,0,0,0,0,"2021-08-10 21:00:00"
"RocketReports","MINT4040",20.0000,727,0,299,428,0.0000,0,0,0,0,0.0000,0,0,0,0,0.0000,0,0,0,0,0.0000,0,0,0,0,"2021-08-10 21:00:00"
"RocketReports","MINT5000",20.0000,398,0,287,111,0.0000,0,0,0,0,0.0000,0,0,0,0,0.0000,0,0,0,0,0.0000,0,0,0,0,"2021-08-10 21:00:00"
"RocketReports","MINT5001",20.0000,210,0,46,164,0.0000,0,0,0,0,0.0000,0,0,0,0,0.0000,0,0,0,0,0.0000,0,0,0,0,"2021-08-10 21:00:00"
"RocketReports","MINT5002",20.0000,540,0,136,404,0.0000,0,0,0,0,0.0000,0,0,0,0,0.0000,0,0,0,0,0.0000,0,0,0,0,"2021-08-10 21:00:00"
"RocketReports","MINT5003",20.0000,64,0,44,20,0.0000,0,0,0,0,0.0000,0,0,0,0,0.0000,0,0,0,0,0.0000,0,0,0,0,"2021-08-10 21:00:00"
"RocketReports","MINT5004",20.0000,100,0,60,40,0.0000,0,0,0,0,0.0000,0,0,0,0,0.0000,0,0,0,0,0.0000,0,0,0,0,"2021-08-10 21:00:00"
"RocketReports","MINT5005",20.0000,160,0,115,45,0.0000,0,0,0,0,0.0000,0,0,0,0,0.0000,0,0,0,0,0.0000,0,0,0,0,"2021-08-10 21:00:00"
"RocketReports","MINT5006",20.0000,58,0,16,42,0.0000,0,0,0,0,0.0000,0,0,0,0,0.0000,0,0,0,0,0.0000,0,0,0,0,"2021-08-10 21:00:00"
"RocketReports","MINT5007",20.0000,50,0,9,41,0.0000,0,0,0,0,0.0000,0,0,0,0,0.0000,0,0,0,0,0.0000,0,0,0,0,"2021-08-10 21:00:00"
"RocketReports","MINT9997",20.0000,50,0,0,50,0.0000,0,0,0,0,0.0000,0,0,0,0,0.0000,0,0,0,0,0.0000,0,0,0,0,"2021-08-10 21:00:00"
"RocketReports","MINT9998",20.0000,50,0,0,50,0.0000,0,0,0,0,0.0000,0,0,0,0,0.0000,0,0,0,0,0.0000,0,0,0,0,"2021-08-10 21:00:00"
"RocketReports","MINT9999",20.0000,0,0,0,0,0.0000,0,0,0,0,0.0000,0,0,0,0,0.0000,0,0,0,0,0.0000,0,0,0,0,"2021-08-10 21:00:00"
"RocketReports","MINT9999",0.0000,0,0,0,0,20.0000,100,0,0,100,0.0000,0,0,0,0,0.0000,0,0,0,0,0.0000,0,0,0,0,"2021-08-10 21:00:00"
"RocketReports","MINTHI11",20.0000,499,0,368,131,0.0000,0,0,0,0,0.0000,0,0,0,0,0.0000,0,0,0,0,0.0000,0,0,0,0,"2021-08-10 21:00:00"
"RocketReports","MINTHI21",20.0000,691,0,106,585,0.0000,0,0,0,0,0.0000,0,0,0,0,0.0000,0,0,0,0,0.0000,0,0,0,0,"2021-08-10 21:00:00"
"RocketReports","MINTHI21",0.0000,0,0,0,0,20.0000,691,0,94,597,0.0000,0,0,0,0,0.0000,0,0,0,0,0.0000,0,0,0,0,"2021-08-10 21:00:00"
"RocketReports","MINTHI31",20.0000,450,0,228,222,0.0000,0,0,0,0,0.0000,0,0,0,0,0.0000,0,0,0,0,0.0000,0,0,0,0,"2021-08-10 21:00:00"
"RocketReports","MINTHI31",0.0000,0,0,0,0,20.0000,450,0,223,227,0.0000,0,0,0,0,0.0000,0,0,0,0,0.0000,0,0,0,0,"2021-08-10 21:00:00"
"RocketReports","MINTHI32",20.0000,391,0,92,299,0.0000,0,0,0,0,0.0000,0,0,0,0,0.0000,0,0,0,0,0.0000,0,0,0,0,"2021-08-10 21:00:00"
"RocketReports","MINTHI41",20.0000,498,0,438,60,0.0000,0,0,0,0,0.0000,0,0,0,0,0.0000,0,0,0,0,0.0000,0,0,0,0,"2021-08-10 21:00:00"
"RocketReports","MINTHI42",20.0000,119,0,64,55,0.0000,0,0,0,0,0.0000,0,0,0,0,0.0000,0,0,0,0,0.0000,0,0,0,0,"2021-08-10 21:00:00"
"RocketReports","MINTHI51",20.0000,500,0,72,428,0.0000,0,0,0,0,0.0000,0,0,0,0,0.0000,0,0,0,0,0.0000,0,0,0,0,"2021-08-10 21:00:00"
"RocketReports","MINTHI51",0.0000,0,0,0,0,20.0000,501,0,75,426,0.0000,0,0,0,0,0.0000,0,0,0,0,0.0000,0,0,0,0,"2021-08-10 21:00:00"
"RocketReports","MINTHI52",20.0000,128,0,0,128,0.0000,0,0,0,0,0.0000,0,0,0,0,0.0000,0,0,0,0,0.0000,0,0,0,0,"2021-08-10 21:00:00"
"RocketReports","MINTHI61",20.0000,239,0,19,220,0.0000,0,0,0,0,0.0000,0,0,0,0,0.0000,0,0,0,0,0.0000,0,0,0,0,"2021-08-10 21:00:00"
"RocketReports","MINTHI61",0.0000,0,0,0,0,20.0000,239,0,19,220,0.0000,0,0,0,0,0.0000,0,0,0,0,0.0000,0,0,0,0,"2021-08-10 21:00:00"
"RocketReports","MINTHI62",20.0000,700,0,311,389,0.0000,0,0,0,0,0.0000,0,0,0,0,0.0000,0,0,0,0,0.0000,0,0,0,0,"2021-08-10 21:00:00"
"RocketReports","MINTHI71",20.0000,4478,0,4354,124,0.0000,0,0,0,0,0.0000,0,0,0,0,0.0000,0,0,0,0,0.0000,0,0,0,0,"2021-08-10 21:00:00"
"RocketReports","MINTHI71",0.0000,0,0,0,0,20.0000,0,0,0,0,0.0000,0,0,0,0,0.0000,0,0,0,0,0.0000,0,0,0,0,"2021-08-10 21:00:00"
"RocketReports","MINTPLB1",20.0000,250,0,107,143,0.0000,0,0,0,0,0.0000,0,0,0,0,0.0000,0,0,0,0,0.0000,0,0,0,0,"2021-08-10 21:00:00"
"RocketReports","MINTPLB2",20.0000,250,0,1,249,0.0000,0,0,0,0,0.0000,0,0,0,0,0.0000,0,0,0,0,0.0000,0,0,0,0,"2021-08-10 21:00:00"
"RocketReports","MINTPLB3",20.0000,325,0,20,305,0.0000,0,0,0,0,0.0000,0,0,0,0,0.0000,0,0,0,0,0.0000,0,0,0,0,"2021-08-10 21:00:00"
"RocketReports","MINTPLB4",20.0000,275,0,10,265,0.0000,0,0,0,0,0.0000,0,0,0,0,0.0000,0,0,0,0,0.0000,0,0,0,0,"2021-08-10 21:00:00"
"RocketReports","MINTPLB5",20.0000,325,0,22,303,0.0000,0,0,0,0,0.0000,0,0,0,0,0.0000,0,0,0,0,0.0000,0,0,0,0,"2021-08-10 21:00:00"
"RocketReports","MINTPMH1",20.0000,500,0,267,233,0.0000,0,0,0,0,0.0000,0,0,0,0,0.0000,0,0,0,0,0.0000,0,0,0,0,"2021-08-10 21:00:00"
"RocketReports","MINTPMH2",20.0000,599,0,549,50,0.0000,0,0,0,0,0.0000,0,0,0,0,0.0000,0,0,0,0,0.0000,0,0,0,0,"2021-08-10 21:00:00"
"RocketReports","MINTPMH3",20.0000,176,0,61,115,0.0000,0,0,0,0,0.0000,0,0,0,0,0.0000,0,0,0,0,0.0000,0,0,0,0,"2021-08-10 21:00:00"
"RocketReports","TNS5GBZ3",20.0000,608,0,222,386,0.0000,0,0,0,0,0.0000,0,0,0,0,0.0000,0,0,0,0,0.0000,0,0,0,0,"2021-08-10 21:00:00"
"RocketReports","TNS5GBZ4",20.0000,107,0,78,29,0.0000,0,0,0,0,0.0000,0,0,0,0,0.0000,0,0,0,0,0.0000,0,0,0,0,"2021-08-10 21:00:00"
