"MintATM","MINT0009",72,60,0.8333,12,0.1666,5,2,3,0,0,0,2
"MintATM","MINT0010",95,90,0.9473,5,0.0526,3,0,0,0,0,0,2
"MintATM","MINT0027",1,1,1.0000,0,0.0000,0,0,0,0,0,0,0
"MintATM","MINT0032",16,15,0.9375,1,0.0625,0,0,0,0,0,0,1
"MintATM","MINT0034",22,21,0.9545,1,0.0454,0,1,0,0,0,0,0
"MintATM","MINT0041",13,13,1.0000,0,0.0000,0,0,0,0,0,0,0
"MintATM","MINT0042",11,10,0.9090,1,0.0909,1,0,0,0,0,0,0
"MintATM","MINT0049",2,2,1.0000,0,0.0000,0,0,0,0,0,0,0
"MintATM","MINT0054",2,2,1.0000,0,0.0000,0,0,0,0,0,0,0
"MintATM","MINT0056",3,3,1.0000,0,0.0000,0,0,0,0,0,0,0
"MintATM","MINT0058",1,1,1.0000,0,0.0000,0,0,0,0,0,0,0
"MintATM","MINT0059",2,2,1.0000,0,0.0000,0,0,0,0,0,0,0
"MintATM","MINT0102",2,2,1.0000,0,0.0000,0,0,0,0,0,0,0
"MintATM","MINT0106",5,3,0.6000,2,0.4000,2,0,0,0,0,0,0
"MintATM","MINT0107",6,6,1.0000,0,0.0000,0,0,0,0,0,0,0
"MintATM","MINT0109",11,11,1.0000,0,0.0000,0,0,0,0,0,0,0
"MintATM","MINT0110",1,1,1.0000,0,0.0000,0,0,0,0,0,0,0
"MintATM","MINT0116",8,5,0.6250,3,0.3750,2,0,0,0,0,0,1
"MintATM","MINT0118",6,5,0.8333,1,0.1666,0,1,0,0,0,0,0
"MintATM","MINT0121",9,8,0.8888,1,0.1111,0,0,1,0,0,0,0
"MintATM","MINT0126",3,1,0.3333,2,0.6666,0,0,2,0,0,0,0
"MintATM","MINT0127",7,7,1.0000,0,0.0000,0,0,0,0,0,0,0
"MintATM","MINT0128",11,10,0.9090,1,0.0909,1,0,0,0,0,0,0
"MintATM","MINT0130",21,19,0.9047,2,0.0952,2,0,0,0,0,0,0
"MintATM","MINT0131",1,1,1.0000,0,0.0000,0,0,0,0,0,0,0
"MintATM","MINT0133",4,4,1.0000,0,0.0000,0,0,0,0,0,0,0
"MintATM","MINT0134",1,1,1.0000,0,0.0000,0,0,0,0,0,0,0
"MintATM","MINT0135",4,3,0.7500,1,0.2500,1,0,0,0,0,0,0
"MintATM","MINT0137",8,7,0.8750,1,0.1250,0,0,0,0,0,1,0
"MintATM","MINT0141",5,4,0.8000,1,0.2000,0,0,1,0,0,0,0
"MintATM","MINT0145",2,2,1.0000,0,0.0000,0,0,0,0,0,0,0
"MintATM","MINT0152",5,5,1.0000,0,0.0000,0,0,0,0,0,0,0
"MintATM","MINT0153",1,1,1.0000,0,0.0000,0,0,0,0,0,0,0
"MintATM","MINT0154",3,3,1.0000,0,0.0000,0,0,0,0,0,0,0
"MintATM","MINT0155",4,4,1.0000,0,0.0000,0,0,0,0,0,0,0
"MintATM","MINT0355",3,1,0.3333,2,0.6666,2,0,0,0,0,0,0
"MintATM","MINT0356",8,3,0.3750,5,0.6250,0,0,0,0,0,0,5
"MintATM","MINT0357",2,2,1.0000,0,0.0000,0,0,0,0,0,0,0
"MintATM","MINT0358",6,6,1.0000,0,0.0000,0,0,0,0,0,0,0
"MintATM","MINT0402",3,3,1.0000,0,0.0000,0,0,0,0,0,0,0
"MintATM","MINT0403",31,27,0.8709,4,0.1290,2,2,0,0,0,0,0
"MintATM","MINT0406",1,1,1.0000,0,0.0000,0,0,0,0,0,0,0
"MintATM","MINT0407",4,3,0.7500,1,0.2500,0,0,1,0,0,0,0
"MintATM","MINT0411",2,2,1.0000,0,0.0000,0,0,0,0,0,0,0
"MintATM","MINT0498",1,1,1.0000,0,0.0000,0,0,0,0,0,0,0
"MintATM","MINT0499",1,1,1.0000,0,0.0000,0,0,0,0,0,0,0
"MintATM","MINT0509",3,3,1.0000,0,0.0000,0,0,0,0,0,0,0
"MintATM","MINT0532",30,30,1.0000,0,0.0000,0,0,0,0,0,0,0
"MintATM","MINT0534",3,3,1.0000,0,0.0000,0,0,0,0,0,0,0
"MintATM","MINT0539",2,2,1.0000,0,0.0000,0,0,0,0,0,0,0
"MintATM","MINT0540",1,1,1.0000,0,0.0000,0,0,0,0,0,0,0
"MintATM","MINT0544",1,1,1.0000,0,0.0000,0,0,0,0,0,0,0
"MintATM","MINT0545",1,1,1.0000,0,0.0000,0,0,0,0,0,0,0
"MintATM","MINT0548",1,1,1.0000,0,0.0000,0,0,0,0,0,0,0
"MintATM","MINT0550",85,83,0.9764,2,0.0235,0,1,0,0,0,0,1
"MintATM","MINT0558",1,1,1.0000,0,0.0000,0,0,0,0,0,0,0
"MintATM","MINT0563",2,2,1.0000,0,0.0000,0,0,0,0,0,0,0
"MintATM","MINT0566",1,0,0.0000,1,1.0000,0,0,0,0,0,1,0
"MintATM","MINT0567",11,10,0.9090,1,0.0909,1,0,0,0,0,0,0
"MintATM","MINT0568",1,1,1.0000,0,0.0000,0,0,0,0,0,0,0
"MintATM","MINT0569",7,6,0.8571,1,0.1428,0,1,0,0,0,0,0
"MintATM","MINT0570",3,3,1.0000,0,0.0000,0,0,0,0,0,0,0
"MintATM","MINT0574",4,4,1.0000,0,0.0000,0,0,0,0,0,0,0
"MintATM","MINT0577",8,8,1.0000,0,0.0000,0,0,0,0,0,0,0
"MintATM","MINT0578",15,15,1.0000,0,0.0000,0,0,0,0,0,0,0
"MintATM","MINT0581",6,0,0.0000,6,1.0000,0,0,0,0,0,0,6
"MintATM","MINT0582",1,1,1.0000,0,0.0000,0,0,0,0,0,0,0
"MintATM","MINT0585",3,3,1.0000,0,0.0000,0,0,0,0,0,0,0
"MintATM","MINT0586",32,29,0.9062,3,0.0937,0,0,0,0,0,0,3
"MintATM","MINT0591",28,27,0.9642,1,0.0357,0,1,0,0,0,0,0
"MintATM","MINT0597",4,4,1.0000,0,0.0000,0,0,0,0,0,0,0
"MintATM","MINT0598",18,18,1.0000,0,0.0000,0,0,0,0,0,0,0
"MintATM","MINT0711",4,2,0.5000,2,0.5000,2,0,0,0,0,0,0
"MintATM","MINT0712",4,4,1.0000,0,0.0000,0,0,0,0,0,0,0
"MintATM","MINT0901",4,4,1.0000,0,0.0000,0,0,0,0,0,0,0
"MintATM","MINT0906",2,2,1.0000,0,0.0000,0,0,0,0,0,0,0
"MintATM","MINT0907",4,4,1.0000,0,0.0000,0,0,0,0,0,0,0
"MintATM","MINT0910",1,1,1.0000,0,0.0000,0,0,0,0,0,0,0
"MintATM","MINT0912",1,1,1.0000,0,0.0000,0,0,0,0,0,0,0
"MintATM","MINT0913",12,10,0.8333,2,0.1666,0,1,0,0,0,0,1
"MintATM","MINT0916",7,7,1.0000,0,0.0000,0,0,0,0,0,0,0
"MintATM","MINT0918",2,2,1.0000,0,0.0000,0,0,0,0,0,0,0
"MintATM","MINT1012",11,4,0.3636,7,0.6363,3,0,0,0,0,0,4
"MintATM","MINT1015",9,9,1.0000,0,0.0000,0,0,0,0,0,0,0
"MintATM","MINT1016",18,17,0.9444,1,0.0555,0,1,0,0,0,0,0
"MintATM","MINT1050",3,3,1.0000,0,0.0000,0,0,0,0,0,0,0
"MintATM","MINT1072",1,1,1.0000,0,0.0000,0,0,0,0,0,0,0
"MintATM","TNS5GBZ3",17,14,0.8235,3,0.1764,0,1,0,0,0,0,2
"MintATM","TNS5GBZ4",2,2,1.0000,0,0.0000,0,0,0,0,0,0,0
