"RocketReports","MINT0009",50,27,0.5400,23,0.4600,12,5,0,0,0,0,6
"RocketReports","MINT0014",2,2,1.0000,0,0.0000,0,0,0,0,0,0,0
"RocketReports","MINT0025",1,1,1.0000,0,0.0000,0,0,0,0,0,0,0
"RocketReports","MINT0026",4,2,0.5000,2,0.5000,0,0,0,0,0,0,2
"RocketReports","MINT0027",2,2,1.0000,0,0.0000,0,0,0,0,0,0,0
"RocketReports","MINT0028",4,0,0.0000,4,1.0000,2,0,0,0,0,0,2
"RocketReports","MINT0032",5,5,1.0000,0,0.0000,0,0,0,0,0,0,0
"RocketReports","MINT0034",8,7,0.8750,1,0.1250,1,0,0,0,0,0,0
"RocketReports","MINT0041",4,4,1.0000,0,0.0000,0,0,0,0,0,0,0
"RocketReports","MINT0042",12,8,0.6666,4,0.3333,2,0,0,0,0,0,2
"RocketReports","MINT0049",2,2,1.0000,0,0.0000,0,0,0,0,0,0,0
"RocketReports","MINT0050",2,2,1.0000,0,0.0000,0,0,0,0,0,0,0
"RocketReports","MINT0056",5,5,1.0000,0,0.0000,0,0,0,0,0,0,0
"RocketReports","MINT0059",3,3,1.0000,0,0.0000,0,0,0,0,0,0,0
"RocketReports","MINT0062",13,12,0.9230,1,0.0769,0,0,0,0,0,0,1
"RocketReports","MINT0063",1,1,1.0000,0,0.0000,0,0,0,0,0,0,0
"RocketReports","MINT0065",2,1,0.5000,1,0.5000,1,0,0,0,0,0,0
"RocketReports","MINT0067",8,8,1.0000,0,0.0000,0,0,0,0,0,0,0
"RocketReports","MINT0068",1,1,1.0000,0,0.0000,0,0,0,0,0,0,0
"RocketReports","MINT0069",46,45,0.9782,1,0.0217,0,0,1,0,0,0,0
"RocketReports","MINT0101",3,3,1.0000,0,0.0000,0,0,0,0,0,0,0
"RocketReports","MINT0106",4,4,1.0000,0,0.0000,0,0,0,0,0,0,0
"RocketReports","MINT0107",1,1,1.0000,0,0.0000,0,0,0,0,0,0,0
"RocketReports","MINT0108",11,9,0.8181,2,0.1818,2,0,0,0,0,0,0
"RocketReports","MINT0109",1,1,1.0000,0,0.0000,0,0,0,0,0,0,0
"RocketReports","MINT0115",4,4,1.0000,0,0.0000,0,0,0,0,0,0,0
"RocketReports","MINT0118",1,1,1.0000,0,0.0000,0,0,0,0,0,0,0
"RocketReports","MINT0120",3,3,1.0000,0,0.0000,0,0,0,0,0,0,0
"RocketReports","MINT0121",9,5,0.5555,4,0.4444,1,2,0,0,0,0,1
"RocketReports","MINT0123",1,1,1.0000,0,0.0000,0,0,0,0,0,0,0
"RocketReports","MINT0125",9,9,1.0000,0,0.0000,0,0,0,0,0,0,0
"RocketReports","MINT0126",1,0,0.0000,1,1.0000,1,0,0,0,0,0,0
"RocketReports","MINT0127",5,5,1.0000,0,0.0000,0,0,0,0,0,0,0
"RocketReports","MINT0130",1,1,1.0000,0,0.0000,0,0,0,0,0,0,0
"RocketReports","MINT0135",7,5,0.7142,2,0.2857,2,0,0,0,0,0,0
"RocketReports","MINT0136",3,3,1.0000,0,0.0000,0,0,0,0,0,0,0
"RocketReports","MINT0137",4,4,1.0000,0,0.0000,0,0,0,0,0,0,0
"RocketReports","MINT0138",1,1,1.0000,0,0.0000,0,0,0,0,0,0,0
"RocketReports","MINT0139",1,0,0.0000,1,1.0000,0,0,0,0,0,0,1
"RocketReports","MINT0141",2,2,1.0000,0,0.0000,0,0,0,0,0,0,0
"RocketReports","MINT0143",2,2,1.0000,0,0.0000,0,0,0,0,0,0,0
"RocketReports","MINT0144",4,3,0.7500,1,0.2500,1,0,0,0,0,0,0
"RocketReports","MINT0145",3,3,1.0000,0,0.0000,0,0,0,0,0,0,0
"RocketReports","MINT0152",2,2,1.0000,0,0.0000,0,0,0,0,0,0,0
"RocketReports","MINT0153",3,3,1.0000,0,0.0000,0,0,0,0,0,0,0
"RocketReports","MINT0154",12,12,1.0000,0,0.0000,0,0,0,0,0,0,0
"RocketReports","MINT0155",9,8,0.8888,1,0.1111,1,0,0,0,0,0,0
"RocketReports","MINT0156",2,2,1.0000,0,0.0000,0,0,0,0,0,0,0
"RocketReports","MINT0157",2,1,0.5000,1,0.5000,1,0,0,0,0,0,0
"RocketReports","MINT0201",2,2,1.0000,0,0.0000,0,0,0,0,0,0,0
"RocketReports","MINT0208",5,5,1.0000,0,0.0000,0,0,0,0,0,0,0
"RocketReports","MINT0209",4,3,0.7500,1,0.2500,1,0,0,0,0,0,0
"RocketReports","MINT0350",1,1,1.0000,0,0.0000,0,0,0,0,0,0,0
"RocketReports","MINT0352",2,2,1.0000,0,0.0000,0,0,0,0,0,0,0
"RocketReports","MINT0353",10,10,1.0000,0,0.0000,0,0,0,0,0,0,0
"RocketReports","MINT0355",2,2,1.0000,0,0.0000,0,0,0,0,0,0,0
"RocketReports","MINT0356",5,3,0.6000,2,0.4000,2,0,0,0,0,0,0
"RocketReports","MINT0357",4,4,1.0000,0,0.0000,0,0,0,0,0,0,0
"RocketReports","MINT0360",7,6,0.8571,1,0.1428,0,1,0,0,0,0,0
"RocketReports","MINT0401",2,2,1.0000,0,0.0000,0,0,0,0,0,0,0
"RocketReports","MINT0402",1,1,1.0000,0,0.0000,0,0,0,0,0,0,0
"RocketReports","MINT0403",8,6,0.7500,2,0.2500,1,0,0,0,0,0,1
"RocketReports","MINT0404",1,1,1.0000,0,0.0000,0,0,0,0,0,0,0
"RocketReports","MINT0407",1,1,1.0000,0,0.0000,0,0,0,0,0,0,0
"RocketReports","MINT0411",1,1,1.0000,0,0.0000,0,0,0,0,0,0,0
"RocketReports","MINT0412",1,1,1.0000,0,0.0000,0,0,0,0,0,0,0
"RocketReports","MINT0413",1,1,1.0000,0,0.0000,0,0,0,0,0,0,0
"RocketReports","MINT0414",4,4,1.0000,0,0.0000,0,0,0,0,0,0,0
"RocketReports","MINT0418",1,1,1.0000,0,0.0000,0,0,0,0,0,0,0
"RocketReports","MINT0494",4,3,0.7500,1,0.2500,1,0,0,0,0,0,0
"RocketReports","MINT0495",2,2,1.0000,0,0.0000,0,0,0,0,0,0,0
"RocketReports","MINT0497",5,5,1.0000,0,0.0000,0,0,0,0,0,0,0
"RocketReports","MINT0498",1,1,1.0000,0,0.0000,0,0,0,0,0,0,0
"RocketReports","MINT0504",1,1,1.0000,0,0.0000,0,0,0,0,0,0,0
"RocketReports","MINT0508",46,45,0.9782,1,0.0217,0,0,0,0,0,0,1
"RocketReports","MINT0519",2,2,1.0000,0,0.0000,0,0,0,0,0,0,0
"RocketReports","MINT0527",1,1,1.0000,0,0.0000,0,0,0,0,0,0,0
"RocketReports","MINT0531",4,4,1.0000,0,0.0000,0,0,0,0,0,0,0
"RocketReports","MINT0532",5,5,1.0000,0,0.0000,0,0,0,0,0,0,0
"RocketReports","MINT0533",3,2,0.6666,1,0.3333,0,0,0,0,0,0,1
"RocketReports","MINT0534",3,3,1.0000,0,0.0000,0,0,0,0,0,0,0
"RocketReports","MINT0535",1,1,1.0000,0,0.0000,0,0,0,0,0,0,0
"RocketReports","MINT0537",1,1,1.0000,0,0.0000,0,0,0,0,0,0,0
"RocketReports","MINT0543",1,1,1.0000,0,0.0000,0,0,0,0,0,0,0
"RocketReports","MINT0545",4,3,0.7500,1,0.2500,0,1,0,0,0,0,0
"RocketReports","MINT0546",1,1,1.0000,0,0.0000,0,0,0,0,0,0,0
"RocketReports","MINT0547",3,3,1.0000,0,0.0000,0,0,0,0,0,0,0
"RocketReports","MINT0550",9,9,1.0000,0,0.0000,0,0,0,0,0,0,0
"RocketReports","MINT0554",3,3,1.0000,0,0.0000,0,0,0,0,0,0,0
"RocketReports","MINT0555",3,3,1.0000,0,0.0000,0,0,0,0,0,0,0
"RocketReports","MINT0556",1,1,1.0000,0,0.0000,0,0,0,0,0,0,0
"RocketReports","MINT0557",5,5,1.0000,0,0.0000,0,0,0,0,0,0,0
"RocketReports","MINT0558",1,1,1.0000,0,0.0000,0,0,0,0,0,0,0
"RocketReports","MINT0559",2,2,1.0000,0,0.0000,0,0,0,0,0,0,0
"RocketReports","MINT0560",1,1,1.0000,0,0.0000,0,0,0,0,0,0,0
"RocketReports","MINT0561",1,1,1.0000,0,0.0000,0,0,0,0,0,0,0
"RocketReports","MINT0562",11,11,1.0000,0,0.0000,0,0,0,0,0,0,0
"RocketReports","MINT0563",1,0,0.0000,1,1.0000,0,0,0,0,0,0,1
"RocketReports","MINT0564",3,2,0.6666,1,0.3333,0,0,0,0,0,0,1
"RocketReports","MINT0567",10,9,0.9000,1,0.1000,0,0,0,0,0,0,1
"RocketReports","MINT0569",6,6,1.0000,0,0.0000,0,0,0,0,0,0,0
"RocketReports","MINT0570",5,4,0.8000,1,0.2000,1,0,0,0,0,0,0
"RocketReports","MINT0571",2,2,1.0000,0,0.0000,0,0,0,0,0,0,0
"RocketReports","MINT0572",14,11,0.7857,3,0.2142,1,0,0,0,0,0,2
"RocketReports","MINT0574",4,4,1.0000,0,0.0000,0,0,0,0,0,0,0
"RocketReports","MINT0581",3,3,1.0000,0,0.0000,0,0,0,0,0,0,0
"RocketReports","MINT0582",2,2,1.0000,0,0.0000,0,0,0,0,0,0,0
"RocketReports","MINT0584",9,9,1.0000,0,0.0000,0,0,0,0,0,0,0
"RocketReports","MINT0585",2,0,0.0000,2,1.0000,2,0,0,0,0,0,0
"RocketReports","MINT0592",1,1,1.0000,0,0.0000,0,0,0,0,0,0,0
"RocketReports","MINT0593",3,3,1.0000,0,0.0000,0,0,0,0,0,0,0
"RocketReports","MINT0594",8,6,0.7500,2,0.2500,2,0,0,0,0,0,0
"RocketReports","MINT0595",4,4,1.0000,0,0.0000,0,0,0,0,0,0,0
"RocketReports","MINT0596",13,10,0.7692,3,0.2307,0,0,2,0,0,0,1
"RocketReports","MINT0598",1,1,1.0000,0,0.0000,0,0,0,0,0,0,0
"RocketReports","MINT0599",27,27,1.0000,0,0.0000,0,0,0,0,0,0,0
"RocketReports","MINT0602",3,3,1.0000,0,0.0000,0,0,0,0,0,0,0
"RocketReports","MINT0707",3,3,1.0000,0,0.0000,0,0,0,0,0,0,0
"RocketReports","MINT0901",2,2,1.0000,0,0.0000,0,0,0,0,0,0,0
"RocketReports","MINT0903",1,1,1.0000,0,0.0000,0,0,0,0,0,0,0
"RocketReports","MINT0905",2,2,1.0000,0,0.0000,0,0,0,0,0,0,0
"RocketReports","MINT0906",2,2,1.0000,0,0.0000,0,0,0,0,0,0,0
"RocketReports","MINT0912",5,5,1.0000,0,0.0000,0,0,0,0,0,0,0
"RocketReports","MINT0913",13,10,0.7692,3,0.2307,3,0,0,0,0,0,0
"RocketReports","MINT0915",5,4,0.8000,1,0.2000,0,0,0,0,0,0,1
"RocketReports","MINT0916",5,5,1.0000,0,0.0000,0,0,0,0,0,0,0
"RocketReports","MINT0918",1,1,1.0000,0,0.0000,0,0,0,0,0,0,0
"RocketReports","MINT0919",21,19,0.9047,2,0.0952,1,1,0,0,0,0,0
"RocketReports","MINT0921",2,2,1.0000,0,0.0000,0,0,0,0,0,0,0
"RocketReports","MINT0922",7,6,0.8571,1,0.1428,0,1,0,0,0,0,0
"RocketReports","MINT0923",2,2,1.0000,0,0.0000,0,0,0,0,0,0,0
"RocketReports","MINT0926",2,2,1.0000,0,0.0000,0,0,0,0,0,0,0
"RocketReports","MINT1007",1,0,0.0000,1,1.0000,0,0,0,0,0,0,1
"RocketReports","MINT1012",3,3,1.0000,0,0.0000,0,0,0,0,0,0,0
"RocketReports","MINT1016",17,15,0.8823,2,0.1176,0,0,1,0,0,0,1
"RocketReports","MINT1017",1,1,1.0000,0,0.0000,0,0,0,0,0,0,0
"RocketReports","MINT1019",6,6,1.0000,0,0.0000,0,0,0,0,0,0,0
"RocketReports","MINT1041",3,3,1.0000,0,0.0000,0,0,0,0,0,0,0
"RocketReports","MINT1050",4,3,0.7500,1,0.2500,0,0,0,0,0,0,1
"RocketReports","MINT1062",3,3,1.0000,0,0.0000,0,0,0,0,0,0,0
"RocketReports","MINT1063",39,33,0.8461,6,0.1538,3,1,0,0,0,0,2
"RocketReports","MINT1066",4,4,1.0000,0,0.0000,0,0,0,0,0,0,0
"RocketReports","MINT1069",3,3,1.0000,0,0.0000,0,0,0,0,0,0,0
"RocketReports","MINT1070",1,1,1.0000,0,0.0000,0,0,0,0,0,0,0
"RocketReports","MINT1071",1,1,1.0000,0,0.0000,0,0,0,0,0,0,0
"RocketReports","MINT1073",1,1,1.0000,0,0.0000,0,0,0,0,0,0,0
"RocketReports","MINT1074",2,2,1.0000,0,0.0000,0,0,0,0,0,0,0
"RocketReports","MINT1075",12,10,0.8333,2,0.1666,0,1,0,0,0,0,1
"RocketReports","MINT1076",5,5,1.0000,0,0.0000,0,0,0,0,0,0,0
"RocketReports","MINT1077",4,3,0.7500,1,0.2500,1,0,0,0,0,0,0
"RocketReports","MINT1078",1,1,1.0000,0,0.0000,0,0,0,0,0,0,0
"RocketReports","MINT1080",13,11,0.8461,2,0.1538,2,0,0,0,0,0,0
"RocketReports","MINT1083",1,1,1.0000,0,0.0000,0,0,0,0,0,0,0
"RocketReports","MINT1094",1,1,1.0000,0,0.0000,0,0,0,0,0,0,0
"RocketReports","MINT2000",1,1,1.0000,0,0.0000,0,0,0,0,0,0,0
"RocketReports","MINT3000",24,21,0.8750,3,0.1250,1,1,0,0,0,0,1
"RocketReports","MINT3001",5,4,0.8000,1,0.2000,1,0,0,0,0,0,0
"RocketReports","MINT3002",2,0,0.0000,2,1.0000,0,1,0,0,0,1,0
"RocketReports","MINT4000",13,12,0.9230,1,0.0769,0,1,0,0,0,0,0
"RocketReports","MINT4001",3,3,1.0000,0,0.0000,0,0,0,0,0,0,0
"RocketReports","MINT4003",16,13,0.8125,3,0.1875,2,0,0,0,0,1,0
"RocketReports","MINT4005",35,29,0.8285,6,0.1714,1,0,2,0,0,0,3
"RocketReports","MINT4009",18,13,0.7222,5,0.2777,3,2,0,0,0,0,0
"RocketReports","MINT4010",19,19,1.0000,0,0.0000,0,0,0,0,0,0,0
"RocketReports","MINT4014",11,10,0.9090,1,0.0909,1,0,0,0,0,0,0
"RocketReports","MINT4015",13,12,0.9230,1,0.0769,0,0,1,0,0,0,0
"RocketReports","MINT4020",17,13,0.7647,4,0.2352,2,1,0,0,0,0,1
"RocketReports","MINT4022",33,25,0.7575,8,0.2424,2,0,0,0,0,0,6
"RocketReports","MINT4023",3,3,1.0000,0,0.0000,0,0,0,0,0,0,0
"RocketReports","MINT4024",23,21,0.9130,2,0.0869,0,0,2,0,0,0,0
"RocketReports","MINT4025",30,26,0.8666,4,0.1333,2,0,0,0,0,0,2
"RocketReports","MINT4031",8,8,1.0000,0,0.0000,0,0,0,0,0,0,0
"RocketReports","MINT4033",3,3,1.0000,0,0.0000,0,0,0,0,0,0,0
"RocketReports","MINT4035",7,7,1.0000,0,0.0000,0,0,0,0,0,0,0
"RocketReports","MINT4036",5,5,1.0000,0,0.0000,0,0,0,0,0,0,0
"RocketReports","MINT4037",6,5,0.8333,1,0.1666,0,0,0,0,0,0,1
"RocketReports","MINT5001",15,14,0.9333,1,0.0666,0,0,0,0,0,0,1
"RocketReports","MINT5002",6,6,1.0000,0,0.0000,0,0,0,0,0,0,0
"RocketReports","MINT5005",3,2,0.6666,1,0.3333,0,0,0,0,0,1,0
"RocketReports","MINT5006",1,1,1.0000,0,0.0000,0,0,0,0,0,0,0
"RocketReports","MINTHI11",1,1,1.0000,0,0.0000,0,0,0,0,0,0,0
"RocketReports","MINTHI21",3,3,1.0000,0,0.0000,0,0,0,0,0,0,0
"RocketReports","MINTHI31",5,5,1.0000,0,0.0000,0,0,0,0,0,0,0
"RocketReports","MINTHI41",16,15,0.9375,1,0.0625,0,0,0,0,0,0,1
"RocketReports","MINTHI51",27,27,1.0000,0,0.0000,0,0,0,0,0,0,0
"RocketReports","MINTHI52",3,3,1.0000,0,0.0000,0,0,0,0,0,0,0
"RocketReports","MINTHI61",3,2,0.6666,1,0.3333,0,1,0,0,0,0,0
"RocketReports","MINTHI62",12,11,0.9166,1,0.0833,0,1,0,0,0,0,0
"RocketReports","MINTHI71",15,13,0.8666,2,0.1333,2,0,0,0,0,0,0
"RocketReports","MINTPLB1",5,5,1.0000,0,0.0000,0,0,0,0,0,0,0
"RocketReports","MINTPLB3",4,4,1.0000,0,0.0000,0,0,0,0,0,0,0
"RocketReports","MINTPLB4",5,3,0.6000,2,0.4000,1,0,0,0,0,0,1
"RocketReports","MINTPLB5",5,4,0.8000,1,0.2000,0,0,0,0,0,0,1
"RocketReports","MINTPMH1",1,1,1.0000,0,0.0000,0,0,0,0,0,0,0
"RocketReports","MINTPMH2",5,5,1.0000,0,0.0000,0,0,0,0,0,0,0
"RocketReports","MINTPMH3",1,0,0.0000,1,1.0000,0,0,0,0,0,0,1
"RocketReports","TNS5GBZ3",13,13,1.0000,0,0.0000,0,0,0,0,0,0,0
"RocketReports","TNS5GBZ4",3,1,0.3333,2,0.6666,0,0,0,0,0,0,2
