"MintATM","MINT0009",58,36,0.6206,22,0.3793,7,2,3,0,0,0,10
"MintATM","MINT0010",69,66,0.9565,3,0.0434,3,0,0,0,0,0,0
"MintATM","MINT0014",1,1,1.0000,0,0.0000,0,0,0,0,0,0,0
"MintATM","MINT0026",2,2,1.0000,0,0.0000,0,0,0,0,0,0,0
"MintATM","MINT0027",1,1,1.0000,0,0.0000,0,0,0,0,0,0,0
"MintATM","MINT0028",7,4,0.5714,3,0.4285,1,1,0,0,0,0,1
"MintATM","MINT0032",14,13,0.9285,1,0.0714,0,0,0,0,0,0,1
"MintATM","MINT0034",13,10,0.7692,3,0.2307,3,0,0,0,0,0,0
"MintATM","MINT0041",11,11,1.0000,0,0.0000,0,0,0,0,0,0,0
"MintATM","MINT0042",6,5,0.8333,1,0.1666,0,1,0,0,0,0,0
"MintATM","MINT0044",1,1,1.0000,0,0.0000,0,0,0,0,0,0,0
"MintATM","MINT0049",4,4,1.0000,0,0.0000,0,0,0,0,0,0,0
"MintATM","MINT0050",5,5,1.0000,0,0.0000,0,0,0,0,0,0,0
"MintATM","MINT0051",1,0,0.0000,1,1.0000,0,0,0,0,0,0,1
"MintATM","MINT0052",1,1,1.0000,0,0.0000,0,0,0,0,0,0,0
"MintATM","MINT0054",2,1,0.5000,1,0.5000,1,0,0,0,0,0,0
"MintATM","MINT0056",3,3,1.0000,0,0.0000,0,0,0,0,0,0,0
"MintATM","MINT0058",1,1,1.0000,0,0.0000,0,0,0,0,0,0,0
"MintATM","MINT0059",5,5,1.0000,0,0.0000,0,0,0,0,0,0,0
"MintATM","MINT0062",7,6,0.8571,1,0.1428,1,0,0,0,0,0,0
"MintATM","MINT0063",2,2,1.0000,0,0.0000,0,0,0,0,0,0,0
"MintATM","MINT0066",1,1,1.0000,0,0.0000,0,0,0,0,0,0,0
"MintATM","MINT0067",6,6,1.0000,0,0.0000,0,0,0,0,0,0,0
"MintATM","MINT0068",2,2,1.0000,0,0.0000,0,0,0,0,0,0,0
"MintATM","MINT0102",2,2,1.0000,0,0.0000,0,0,0,0,0,0,0
"MintATM","MINT0103",2,1,0.5000,1,0.5000,0,0,0,0,0,0,1
"MintATM","MINT0106",2,1,0.5000,1,0.5000,1,0,0,0,0,0,0
"MintATM","MINT0107",1,1,1.0000,0,0.0000,0,0,0,0,0,0,0
"MintATM","MINT0109",2,2,1.0000,0,0.0000,0,0,0,0,0,0,0
"MintATM","MINT0110",3,3,1.0000,0,0.0000,0,0,0,0,0,0,0
"MintATM","MINT0112",2,2,1.0000,0,0.0000,0,0,0,0,0,0,0
"MintATM","MINT0115",1,1,1.0000,0,0.0000,0,0,0,0,0,0,0
"MintATM","MINT0116",4,4,1.0000,0,0.0000,0,0,0,0,0,0,0
"MintATM","MINT0121",7,6,0.8571,1,0.1428,1,0,0,0,0,0,0
"MintATM","MINT0125",6,6,1.0000,0,0.0000,0,0,0,0,0,0,0
"MintATM","MINT0126",3,3,1.0000,0,0.0000,0,0,0,0,0,0,0
"MintATM","MINT0127",5,5,1.0000,0,0.0000,0,0,0,0,0,0,0
"MintATM","MINT0132",1,1,1.0000,0,0.0000,0,0,0,0,0,0,0
"MintATM","MINT0133",4,2,0.5000,2,0.5000,2,0,0,0,0,0,0
"MintATM","MINT0134",1,1,1.0000,0,0.0000,0,0,0,0,0,0,0
"MintATM","MINT0135",3,3,1.0000,0,0.0000,0,0,0,0,0,0,0
"MintATM","MINT0138",4,4,1.0000,0,0.0000,0,0,0,0,0,0,0
"MintATM","MINT0141",1,1,1.0000,0,0.0000,0,0,0,0,0,0,0
"MintATM","MINT0142",1,1,1.0000,0,0.0000,0,0,0,0,0,0,0
"MintATM","MINT0143",7,6,0.8571,1,0.1428,0,1,0,0,0,0,0
"MintATM","MINT0144",1,1,1.0000,0,0.0000,0,0,0,0,0,0,0
"MintATM","MINT0145",1,1,1.0000,0,0.0000,0,0,0,0,0,0,0
"MintATM","MINT0149",1,1,1.0000,0,0.0000,0,0,0,0,0,0,0
"MintATM","MINT0152",3,3,1.0000,0,0.0000,0,0,0,0,0,0,0
"MintATM","MINT0153",1,1,1.0000,0,0.0000,0,0,0,0,0,0,0
"MintATM","MINT0154",12,11,0.9166,1,0.0833,0,1,0,0,0,0,0
"MintATM","MINT0155",18,18,1.0000,0,0.0000,0,0,0,0,0,0,0
"MintATM","MINT0305",1,1,1.0000,0,0.0000,0,0,0,0,0,0,0
"MintATM","MINT0308",1,1,1.0000,0,0.0000,0,0,0,0,0,0,0
"MintATM","MINT0351",5,5,1.0000,0,0.0000,0,0,0,0,0,0,0
"MintATM","MINT0352",2,2,1.0000,0,0.0000,0,0,0,0,0,0,0
"MintATM","MINT0353",12,12,1.0000,0,0.0000,0,0,0,0,0,0,0
"MintATM","MINT0355",3,2,0.6666,1,0.3333,1,0,0,0,0,0,0
"MintATM","MINT0356",2,2,1.0000,0,0.0000,0,0,0,0,0,0,0
"MintATM","MINT0357",3,2,0.6666,1,0.3333,1,0,0,0,0,0,0
"MintATM","MINT0358",5,4,0.8000,1,0.2000,1,0,0,0,0,0,0
"MintATM","MINT0360",9,9,1.0000,0,0.0000,0,0,0,0,0,0,0
"MintATM","MINT0402",3,1,0.3333,2,0.6666,0,0,1,0,0,0,1
"MintATM","MINT0403",1,1,1.0000,0,0.0000,0,0,0,0,0,0,0
"MintATM","MINT0404",3,0,0.0000,3,1.0000,2,0,0,0,0,0,1
"MintATM","MINT0405",2,2,1.0000,0,0.0000,0,0,0,0,0,0,0
"MintATM","MINT0406",1,1,1.0000,0,0.0000,0,0,0,0,0,0,0
"MintATM","MINT0410",2,2,1.0000,0,0.0000,0,0,0,0,0,0,0
"MintATM","MINT0411",2,2,1.0000,0,0.0000,0,0,0,0,0,0,0
"MintATM","MINT0412",1,1,1.0000,0,0.0000,0,0,0,0,0,0,0
"MintATM","MINT0414",10,10,1.0000,0,0.0000,0,0,0,0,0,0,0
"MintATM","MINT0415",1,1,1.0000,0,0.0000,0,0,0,0,0,0,0
"MintATM","MINT0418",2,2,1.0000,0,0.0000,0,0,0,0,0,0,0
"MintATM","MINT0498",2,2,1.0000,0,0.0000,0,0,0,0,0,0,0
"MintATM","MINT0499",1,1,1.0000,0,0.0000,0,0,0,0,0,0,0
"MintATM","MINT0501",1,1,1.0000,0,0.0000,0,0,0,0,0,0,0
"MintATM","MINT0504",2,2,1.0000,0,0.0000,0,0,0,0,0,0,0
"MintATM","MINT0508",55,53,0.9636,2,0.0363,1,0,1,0,0,0,0
"MintATM","MINT0522",7,7,1.0000,0,0.0000,0,0,0,0,0,0,0
"MintATM","MINT0527",3,3,1.0000,0,0.0000,0,0,0,0,0,0,0
"MintATM","MINT0529",3,3,1.0000,0,0.0000,0,0,0,0,0,0,0
"MintATM","MINT0531",8,8,1.0000,0,0.0000,0,0,0,0,0,0,0
"MintATM","MINT0532",19,18,0.9473,1,0.0526,0,1,0,0,0,0,0
"MintATM","MINT0533",28,28,1.0000,0,0.0000,0,0,0,0,0,0,0
"MintATM","MINT0534",2,2,1.0000,0,0.0000,0,0,0,0,0,0,0
"MintATM","MINT0539",1,1,1.0000,0,0.0000,0,0,0,0,0,0,0
"MintATM","MINT0540",1,1,1.0000,0,0.0000,0,0,0,0,0,0,0
"MintATM","MINT0542",2,2,1.0000,0,0.0000,0,0,0,0,0,0,0
"MintATM","MINT0546",3,2,0.6666,1,0.3333,0,0,0,0,0,0,1
"MintATM","MINT0548",1,1,1.0000,0,0.0000,0,0,0,0,0,0,0
"MintATM","MINT0550",38,38,1.0000,0,0.0000,0,0,0,0,0,0,0
"MintATM","MINT0556",1,1,1.0000,0,0.0000,0,0,0,0,0,0,0
"MintATM","MINT0557",7,6,0.8571,1,0.1428,0,0,0,0,0,0,1
"MintATM","MINT0559",3,3,1.0000,0,0.0000,0,0,0,0,0,0,0
"MintATM","MINT0561",4,4,1.0000,0,0.0000,0,0,0,0,0,0,0
"MintATM","MINT0562",14,14,1.0000,0,0.0000,0,0,0,0,0,0,0
"MintATM","MINT0563",6,5,0.8333,1,0.1666,1,0,0,0,0,0,0
"MintATM","MINT0564",2,2,1.0000,0,0.0000,0,0,0,0,0,0,0
"MintATM","MINT0567",15,14,0.9333,1,0.0666,1,0,0,0,0,0,0
"MintATM","MINT0568",1,1,1.0000,0,0.0000,0,0,0,0,0,0,0
"MintATM","MINT0569",7,6,0.8571,1,0.1428,0,0,0,0,0,0,1
"MintATM","MINT0570",3,2,0.6666,1,0.3333,0,0,0,0,0,0,1
"MintATM","MINT0572",4,4,1.0000,0,0.0000,0,0,0,0,0,0,0
"MintATM","MINT0574",3,3,1.0000,0,0.0000,0,0,0,0,0,0,0
"MintATM","MINT0577",4,4,1.0000,0,0.0000,0,0,0,0,0,0,0
"MintATM","MINT0579",3,3,1.0000,0,0.0000,0,0,0,0,0,0,0
"MintATM","MINT0581",2,2,1.0000,0,0.0000,0,0,0,0,0,0,0
"MintATM","MINT0582",2,2,1.0000,0,0.0000,0,0,0,0,0,0,0
"MintATM","MINT0585",3,3,1.0000,0,0.0000,0,0,0,0,0,0,0
"MintATM","MINT0586",7,7,1.0000,0,0.0000,0,0,0,0,0,0,0
"MintATM","MINT0588",1,0,0.0000,1,1.0000,0,0,0,0,0,1,0
"MintATM","MINT0589",5,5,1.0000,0,0.0000,0,0,0,0,0,0,0
"MintATM","MINT0590",3,1,0.3333,2,0.6666,0,0,0,0,0,0,2
"MintATM","MINT0591",77,67,0.8701,10,0.1298,6,1,1,0,0,0,2
"MintATM","MINT0592",4,4,1.0000,0,0.0000,0,0,0,0,0,0,0
"MintATM","MINT0593",1,1,1.0000,0,0.0000,0,0,0,0,0,0,0
"MintATM","MINT0594",6,6,1.0000,0,0.0000,0,0,0,0,0,0,0
"MintATM","MINT0595",4,4,1.0000,0,0.0000,0,0,0,0,0,0,0
"MintATM","MINT0596",29,24,0.8275,5,0.1724,2,0,0,0,0,0,3
"MintATM","MINT0597",11,11,1.0000,0,0.0000,0,0,0,0,0,0,0
"MintATM","MINT0598",27,27,1.0000,0,0.0000,0,0,0,0,0,0,0
"MintATM","MINT0599",13,11,0.8461,2,0.1538,2,0,0,0,0,0,0
"MintATM","MINT0606",2,2,1.0000,0,0.0000,0,0,0,0,0,0,0
"MintATM","MINT0610",1,1,1.0000,0,0.0000,0,0,0,0,0,0,0
"MintATM","MINT0705",1,1,1.0000,0,0.0000,0,0,0,0,0,0,0
"MintATM","MINT0711",2,2,1.0000,0,0.0000,0,0,0,0,0,0,0
"MintATM","MINT0728",1,1,1.0000,0,0.0000,0,0,0,0,0,0,0
"MintATM","MINT0729",1,1,1.0000,0,0.0000,0,0,0,0,0,0,0
"MintATM","MINT0901",1,1,1.0000,0,0.0000,0,0,0,0,0,0,0
"MintATM","MINT0902",1,1,1.0000,0,0.0000,0,0,0,0,0,0,0
"MintATM","MINT0903",1,1,1.0000,0,0.0000,0,0,0,0,0,0,0
"MintATM","MINT0906",3,1,0.3333,2,0.6666,0,0,2,0,0,0,0
"MintATM","MINT0908",3,3,1.0000,0,0.0000,0,0,0,0,0,0,0
"MintATM","MINT0909",1,1,1.0000,0,0.0000,0,0,0,0,0,0,0
"MintATM","MINT0912",9,9,1.0000,0,0.0000,0,0,0,0,0,0,0
"MintATM","MINT0913",18,15,0.8333,3,0.1666,2,0,0,0,0,0,1
"MintATM","MINT0916",6,6,1.0000,0,0.0000,0,0,0,0,0,0,0
"MintATM","MINT0919",12,11,0.9166,1,0.0833,0,1,0,0,0,0,0
"MintATM","MINT0921",4,4,1.0000,0,0.0000,0,0,0,0,0,0,0
"MintATM","MINT0925",3,3,1.0000,0,0.0000,0,0,0,0,0,0,0
"MintATM","MINT1012",9,9,1.0000,0,0.0000,0,0,0,0,0,0,0
"MintATM","MINT1015",58,54,0.9310,4,0.0689,1,0,0,0,0,0,3
"MintATM","MINT1016",23,18,0.7826,5,0.2173,2,1,0,0,0,0,2
"MintATM","MINT1050",8,5,0.6250,3,0.3750,0,0,0,0,0,0,3
"MintATM","MINT1063",32,29,0.9062,3,0.0937,0,1,0,0,0,0,2
"MintATM","MINT1070",3,1,0.3333,2,0.6666,0,0,0,0,0,0,2
"MintATM","MINT1072",1,1,1.0000,0,0.0000,0,0,0,0,0,0,0
"MintATM","MINT1074",6,6,1.0000,0,0.0000,0,0,0,0,0,0,0
"MintATM","MINT1075",18,14,0.7777,4,0.2222,4,0,0,0,0,0,0
"MintATM","MINT1076",9,9,1.0000,0,0.0000,0,0,0,0,0,0,0
"MintATM","MINT1078",2,2,1.0000,0,0.0000,0,0,0,0,0,0,0
"MintATM","MINT3000",1,1,1.0000,0,0.0000,0,0,0,0,0,0,0
"MintATM","MINT3001",4,3,0.7500,1,0.2500,0,0,0,0,0,0,1
"MintATM","MINT4000",25,23,0.9200,2,0.0800,1,0,0,0,0,0,1
"MintATM","MINT4005",26,26,1.0000,0,0.0000,0,0,0,0,0,0,0
"MintATM","MINT4010",41,35,0.8536,6,0.1463,2,0,3,0,0,1,0
"MintATM","MINT4015",8,8,1.0000,0,0.0000,0,0,0,0,0,0,0
"MintATM","MINTHI11",1,1,1.0000,0,0.0000,0,0,0,0,0,0,0
"MintATM","MINTHI21",42,30,0.7142,12,0.2857,0,1,11,0,0,0,0
"MintATM","MINTHI31",9,8,0.8888,1,0.1111,0,0,1,0,0,0,0
"MintATM","MINTHI32",1,1,1.0000,0,0.0000,0,0,0,0,0,0,0
"MintATM","MINTHI41",12,12,1.0000,0,0.0000,0,0,0,0,0,0,0
"MintATM","MINTHI51",28,26,0.9285,2,0.0714,1,0,0,0,0,0,1
"MintATM","MINTHI52",2,2,1.0000,0,0.0000,0,0,0,0,0,0,0
"MintATM","MINTHI61",6,6,1.0000,0,0.0000,0,0,0,0,0,0,0
"MintATM","MINTHI62",12,12,1.0000,0,0.0000,0,0,0,0,0,0,0
"MintATM","MINTHI71",14,11,0.7857,3,0.2142,3,0,0,0,0,0,0
"MintATM","TNS5GBZ3",11,9,0.8181,2,0.1818,0,0,1,0,0,0,1
"MintATM","TNS5GBZ4",1,1,1.0000,0,0.0000,0,0,0,0,0,0,0
