"RocketReports","MINT0009",49,34,0.6938,15,0.3061,5,2,0,0,0,0,8
"RocketReports","MINT0014",2,2,1.0000,0,0.0000,0,0,0,0,0,0,0
"RocketReports","MINT0025",3,3,1.0000,0,0.0000,0,0,0,0,0,0,0
"RocketReports","MINT0026",1,1,1.0000,0,0.0000,0,0,0,0,0,0,0
"RocketReports","MINT0027",3,3,1.0000,0,0.0000,0,0,0,0,0,0,0
"RocketReports","MINT0028",1,1,1.0000,0,0.0000,0,0,0,0,0,0,0
"RocketReports","MINT0032",17,17,1.0000,0,0.0000,0,0,0,0,0,0,0
"RocketReports","MINT0034",7,6,0.8571,1,0.1428,1,0,0,0,0,0,0
"RocketReports","MINT0041",3,2,0.6666,1,0.3333,0,1,0,0,0,0,0
"RocketReports","MINT0042",19,14,0.7368,5,0.2631,3,0,0,0,0,0,2
"RocketReports","MINT0044",3,3,1.0000,0,0.0000,0,0,0,0,0,0,0
"RocketReports","MINT0049",2,1,0.5000,1,0.5000,0,1,0,0,0,0,0
"RocketReports","MINT0056",2,2,1.0000,0,0.0000,0,0,0,0,0,0,0
"RocketReports","MINT0058",3,2,0.6666,1,0.3333,0,0,0,0,0,0,1
"RocketReports","MINT0059",11,8,0.7272,3,0.2727,0,0,0,0,0,0,3
"RocketReports","MINT0062",24,23,0.9583,1,0.0416,0,0,0,0,0,0,1
"RocketReports","MINT0065",1,1,1.0000,0,0.0000,0,0,0,0,0,0,0
"RocketReports","MINT0067",16,10,0.6250,6,0.3750,1,0,0,0,0,0,5
"RocketReports","MINT0069",99,88,0.8888,11,0.1111,1,6,0,0,0,0,4
"RocketReports","MINT0101",10,10,1.0000,0,0.0000,0,0,0,0,0,0,0
"RocketReports","MINT0102",1,1,1.0000,0,0.0000,0,0,0,0,0,0,0
"RocketReports","MINT0104",1,1,1.0000,0,0.0000,0,0,0,0,0,0,0
"RocketReports","MINT0105",1,1,1.0000,0,0.0000,0,0,0,0,0,0,0
"RocketReports","MINT0106",4,4,1.0000,0,0.0000,0,0,0,0,0,0,0
"RocketReports","MINT0107",6,6,1.0000,0,0.0000,0,0,0,0,0,0,0
"RocketReports","MINT0108",5,5,1.0000,0,0.0000,0,0,0,0,0,0,0
"RocketReports","MINT0109",3,3,1.0000,0,0.0000,0,0,0,0,0,0,0
"RocketReports","MINT0110",3,2,0.6666,1,0.3333,0,1,0,0,0,0,0
"RocketReports","MINT0111",1,1,1.0000,0,0.0000,0,0,0,0,0,0,0
"RocketReports","MINT0112",4,4,1.0000,0,0.0000,0,0,0,0,0,0,0
"RocketReports","MINT0115",3,3,1.0000,0,0.0000,0,0,0,0,0,0,0
"RocketReports","MINT0118",4,4,1.0000,0,0.0000,0,0,0,0,0,0,0
"RocketReports","MINT0119",1,1,1.0000,0,0.0000,0,0,0,0,0,0,0
"RocketReports","MINT0121",9,9,1.0000,0,0.0000,0,0,0,0,0,0,0
"RocketReports","MINT0123",1,1,1.0000,0,0.0000,0,0,0,0,0,0,0
"RocketReports","MINT0125",28,27,0.9642,1,0.0357,1,0,0,0,0,0,0
"RocketReports","MINT0127",9,8,0.8888,1,0.1111,1,0,0,0,0,0,0
"RocketReports","MINT0130",1,1,1.0000,0,0.0000,0,0,0,0,0,0,0
"RocketReports","MINT0133",2,2,1.0000,0,0.0000,0,0,0,0,0,0,0
"RocketReports","MINT0135",6,6,1.0000,0,0.0000,0,0,0,0,0,0,0
"RocketReports","MINT0137",10,10,1.0000,0,0.0000,0,0,0,0,0,0,0
"RocketReports","MINT0142",1,1,1.0000,0,0.0000,0,0,0,0,0,0,0
"RocketReports","MINT0145",2,2,1.0000,0,0.0000,0,0,0,0,0,0,0
"RocketReports","MINT0147",1,1,1.0000,0,0.0000,0,0,0,0,0,0,0
"RocketReports","MINT0153",2,2,1.0000,0,0.0000,0,0,0,0,0,0,0
"RocketReports","MINT0154",16,14,0.8750,2,0.1250,0,1,0,0,0,0,1
"RocketReports","MINT0155",19,16,0.8421,3,0.1578,2,0,0,0,0,1,0
"RocketReports","MINT0156",1,1,1.0000,0,0.0000,0,0,0,0,0,0,0
"RocketReports","MINT0157",5,5,1.0000,0,0.0000,0,0,0,0,0,0,0
"RocketReports","MINT0160",5,5,1.0000,0,0.0000,0,0,0,0,0,0,0
"RocketReports","MINT0162",38,36,0.9473,2,0.0526,1,1,0,0,0,0,0
"RocketReports","MINT0163",6,6,1.0000,0,0.0000,0,0,0,0,0,0,0
"RocketReports","MINT0204",1,1,1.0000,0,0.0000,0,0,0,0,0,0,0
"RocketReports","MINT0207",4,4,1.0000,0,0.0000,0,0,0,0,0,0,0
"RocketReports","MINT0208",1,1,1.0000,0,0.0000,0,0,0,0,0,0,0
"RocketReports","MINT0209",6,6,1.0000,0,0.0000,0,0,0,0,0,0,0
"RocketReports","MINT0305",1,1,1.0000,0,0.0000,0,0,0,0,0,0,0
"RocketReports","MINT0350",3,3,1.0000,0,0.0000,0,0,0,0,0,0,0
"RocketReports","MINT0351",8,3,0.3750,5,0.6250,5,0,0,0,0,0,0
"RocketReports","MINT0352",1,1,1.0000,0,0.0000,0,0,0,0,0,0,0
"RocketReports","MINT0353",15,14,0.9333,1,0.0666,1,0,0,0,0,0,0
"RocketReports","MINT0355",11,11,1.0000,0,0.0000,0,0,0,0,0,0,0
"RocketReports","MINT0356",3,3,1.0000,0,0.0000,0,0,0,0,0,0,0
"RocketReports","MINT0359",4,4,1.0000,0,0.0000,0,0,0,0,0,0,0
"RocketReports","MINT0360",7,7,1.0000,0,0.0000,0,0,0,0,0,0,0
"RocketReports","MINT0401",3,3,1.0000,0,0.0000,0,0,0,0,0,0,0
"RocketReports","MINT0402",5,5,1.0000,0,0.0000,0,0,0,0,0,0,0
"RocketReports","MINT0403",16,13,0.8125,3,0.1875,1,2,0,0,0,0,0
"RocketReports","MINT0405",4,4,1.0000,0,0.0000,0,0,0,0,0,0,0
"RocketReports","MINT0409",6,6,1.0000,0,0.0000,0,0,0,0,0,0,0
"RocketReports","MINT0411",4,4,1.0000,0,0.0000,0,0,0,0,0,0,0
"RocketReports","MINT0412",6,3,0.5000,3,0.5000,0,0,0,0,0,0,3
"RocketReports","MINT0413",2,2,1.0000,0,0.0000,0,0,0,0,0,0,0
"RocketReports","MINT0414",19,11,0.5789,8,0.4210,3,0,4,0,0,0,1
"RocketReports","MINT0418",1,1,1.0000,0,0.0000,0,0,0,0,0,0,0
"RocketReports","MINT0494",2,2,1.0000,0,0.0000,0,0,0,0,0,0,0
"RocketReports","MINT0495",6,5,0.8333,1,0.1666,1,0,0,0,0,0,0
"RocketReports","MINT0497",8,8,1.0000,0,0.0000,0,0,0,0,0,0,0
"RocketReports","MINT0498",4,4,1.0000,0,0.0000,0,0,0,0,0,0,0
"RocketReports","MINT0508",62,58,0.9354,4,0.0645,4,0,0,0,0,0,0
"RocketReports","MINT0519",2,2,1.0000,0,0.0000,0,0,0,0,0,0,0
"RocketReports","MINT0527",5,5,1.0000,0,0.0000,0,0,0,0,0,0,0
"RocketReports","MINT0529",3,2,0.6666,1,0.3333,1,0,0,0,0,0,0
"RocketReports","MINT0531",5,5,1.0000,0,0.0000,0,0,0,0,0,0,0
"RocketReports","MINT0532",19,16,0.8421,3,0.1578,0,1,0,0,0,0,2
"RocketReports","MINT0533",5,0,0.0000,5,1.0000,0,3,0,0,0,0,2
"RocketReports","MINT0534",4,4,1.0000,0,0.0000,0,0,0,0,0,0,0
"RocketReports","MINT0535",1,1,1.0000,0,0.0000,0,0,0,0,0,0,0
"RocketReports","MINT0537",1,1,1.0000,0,0.0000,0,0,0,0,0,0,0
"RocketReports","MINT0542",7,5,0.7142,2,0.2857,1,1,0,0,0,0,0
"RocketReports","MINT0543",1,1,1.0000,0,0.0000,0,0,0,0,0,0,0
"RocketReports","MINT0545",9,7,0.7777,2,0.2222,2,0,0,0,0,0,0
"RocketReports","MINT0550",24,24,1.0000,0,0.0000,0,0,0,0,0,0,0
"RocketReports","MINT0554",1,1,1.0000,0,0.0000,0,0,0,0,0,0,0
"RocketReports","MINT0555",2,2,1.0000,0,0.0000,0,0,0,0,0,0,0
"RocketReports","MINT0556",5,5,1.0000,0,0.0000,0,0,0,0,0,0,0
"RocketReports","MINT0557",11,11,1.0000,0,0.0000,0,0,0,0,0,0,0
"RocketReports","MINT0558",3,3,1.0000,0,0.0000,0,0,0,0,0,0,0
"RocketReports","MINT0559",2,2,1.0000,0,0.0000,0,0,0,0,0,0,0
"RocketReports","MINT0560",1,1,1.0000,0,0.0000,0,0,0,0,0,0,0
"RocketReports","MINT0562",8,7,0.8750,1,0.1250,0,1,0,0,0,0,0
"RocketReports","MINT0563",3,2,0.6666,1,0.3333,0,0,1,0,0,0,0
"RocketReports","MINT0567",5,5,1.0000,0,0.0000,0,0,0,0,0,0,0
"RocketReports","MINT0569",5,4,0.8000,1,0.2000,0,0,0,0,0,0,1
"RocketReports","MINT0570",3,3,1.0000,0,0.0000,0,0,0,0,0,0,0
"RocketReports","MINT0571",2,2,1.0000,0,0.0000,0,0,0,0,0,0,0
"RocketReports","MINT0572",9,9,1.0000,0,0.0000,0,0,0,0,0,0,0
"RocketReports","MINT0574",4,2,0.5000,2,0.5000,2,0,0,0,0,0,0
"RocketReports","MINT0576",2,1,0.5000,1,0.5000,0,0,0,0,0,0,1
"RocketReports","MINT0581",5,4,0.8000,1,0.2000,0,1,0,0,0,0,0
"RocketReports","MINT0582",2,2,1.0000,0,0.0000,0,0,0,0,0,0,0
"RocketReports","MINT0584",2,2,1.0000,0,0.0000,0,0,0,0,0,0,0
"RocketReports","MINT0588",2,1,0.5000,1,0.5000,0,0,0,0,0,0,1
"RocketReports","MINT0591",1,1,1.0000,0,0.0000,0,0,0,0,0,0,0
"RocketReports","MINT0596",21,20,0.9523,1,0.0476,0,0,0,0,0,0,1
"RocketReports","MINT0599",31,27,0.8709,4,0.1290,3,1,0,0,0,0,0
"RocketReports","MINT0600",2,2,1.0000,0,0.0000,0,0,0,0,0,0,0
"RocketReports","MINT0602",1,1,1.0000,0,0.0000,0,0,0,0,0,0,0
"RocketReports","MINT0603",1,1,1.0000,0,0.0000,0,0,0,0,0,0,0
"RocketReports","MINT0606",11,9,0.8181,2,0.1818,0,1,0,0,0,0,1
"RocketReports","MINT0707",4,3,0.7500,1,0.2500,0,0,0,0,0,0,1
"RocketReports","MINT0711",1,1,1.0000,0,0.0000,0,0,0,0,0,0,0
"RocketReports","MINT0712",11,8,0.7272,3,0.2727,0,0,2,0,0,0,1
"RocketReports","MINT0901",4,2,0.5000,2,0.5000,0,0,0,0,0,0,2
"RocketReports","MINT0905",1,1,1.0000,0,0.0000,0,0,0,0,0,0,0
"RocketReports","MINT0906",2,2,1.0000,0,0.0000,0,0,0,0,0,0,0
"RocketReports","MINT0908",1,1,1.0000,0,0.0000,0,0,0,0,0,0,0
"RocketReports","MINT0909",2,2,1.0000,0,0.0000,0,0,0,0,0,0,0
"RocketReports","MINT0912",17,16,0.9411,1,0.0588,0,0,0,0,0,0,1
"RocketReports","MINT0913",18,14,0.7777,4,0.2222,4,0,0,0,0,0,0
"RocketReports","MINT0915",3,3,1.0000,0,0.0000,0,0,0,0,0,0,0
"RocketReports","MINT0916",6,3,0.5000,3,0.5000,1,0,1,0,0,0,1
"RocketReports","MINT0919",29,28,0.9655,1,0.0344,0,1,0,0,0,0,0
"RocketReports","MINT0922",7,7,1.0000,0,0.0000,0,0,0,0,0,0,0
"RocketReports","MINT0926",3,2,0.6666,1,0.3333,0,0,0,0,0,1,0
"RocketReports","MINT1016",24,22,0.9166,2,0.0833,2,0,0,0,0,0,0
"RocketReports","MINT1017",1,1,1.0000,0,0.0000,0,0,0,0,0,0,0
"RocketReports","MINT1019",3,3,1.0000,0,0.0000,0,0,0,0,0,0,0
"RocketReports","MINT1041",10,10,1.0000,0,0.0000,0,0,0,0,0,0,0
"RocketReports","MINT1061",6,6,1.0000,0,0.0000,0,0,0,0,0,0,0
"RocketReports","MINT1062",1,1,1.0000,0,0.0000,0,0,0,0,0,0,0
"RocketReports","MINT1063",64,61,0.9531,3,0.0468,0,2,0,0,0,0,1
"RocketReports","MINT1070",3,3,1.0000,0,0.0000,0,0,0,0,0,0,0
"RocketReports","MINT1073",1,1,1.0000,0,0.0000,0,0,0,0,0,0,0
"RocketReports","MINT1074",5,5,1.0000,0,0.0000,0,0,0,0,0,0,0
"RocketReports","MINT1075",8,8,1.0000,0,0.0000,0,0,0,0,0,0,0
"RocketReports","MINT1076",10,8,0.8000,2,0.2000,2,0,0,0,0,0,0
"RocketReports","MINT1079",1,0,0.0000,1,1.0000,0,0,0,0,0,0,1
"RocketReports","MINT1080",13,13,1.0000,0,0.0000,0,0,0,0,0,0,0
"RocketReports","MINT1081",6,6,1.0000,0,0.0000,0,0,0,0,0,0,0
"RocketReports","MINT1083",4,4,1.0000,0,0.0000,0,0,0,0,0,0,0
"RocketReports","MINT1091",3,3,1.0000,0,0.0000,0,0,0,0,0,0,0
"RocketReports","MINT1093",6,5,0.8333,1,0.1666,0,0,0,0,0,0,1
"RocketReports","MINT3000",23,19,0.8260,4,0.1739,2,2,0,0,0,0,0
"RocketReports","MINT3001",1,1,1.0000,0,0.0000,0,0,0,0,0,0,0
"RocketReports","MINT4000",15,13,0.8666,2,0.1333,1,1,0,0,0,0,0
"RocketReports","MINT4001",10,10,1.0000,0,0.0000,0,0,0,0,0,0,0
"RocketReports","MINT4002",2,2,1.0000,0,0.0000,0,0,0,0,0,0,0
"RocketReports","MINT4003",17,16,0.9411,1,0.0588,1,0,0,0,0,0,0
"RocketReports","MINT4005",19,15,0.7894,4,0.2105,4,0,0,0,0,0,0
"RocketReports","MINT4009",47,40,0.8510,7,0.1489,6,0,0,0,0,1,0
"RocketReports","MINT4010",15,15,1.0000,0,0.0000,0,0,0,0,0,0,0
"RocketReports","MINT4014",6,6,1.0000,0,0.0000,0,0,0,0,0,0,0
"RocketReports","MINT4015",31,27,0.8709,4,0.1290,1,0,3,0,0,0,0
"RocketReports","MINT4016",3,3,1.0000,0,0.0000,0,0,0,0,0,0,0
"RocketReports","MINT4020",3,3,1.0000,0,0.0000,0,0,0,0,0,0,0
"RocketReports","MINT4022",64,57,0.8906,7,0.1093,1,0,2,0,0,0,4
"RocketReports","MINT4023",2,2,1.0000,0,0.0000,0,0,0,0,0,0,0
"RocketReports","MINT4024",9,9,1.0000,0,0.0000,0,0,0,0,0,0,0
"RocketReports","MINT4025",26,24,0.9230,2,0.0769,2,0,0,0,0,0,0
"RocketReports","MINT4031",8,8,1.0000,0,0.0000,0,0,0,0,0,0,0
"RocketReports","MINT4033",10,10,1.0000,0,0.0000,0,0,0,0,0,0,0
"RocketReports","MINT4035",3,3,1.0000,0,0.0000,0,0,0,0,0,0,0
"RocketReports","MINT4036",5,5,1.0000,0,0.0000,0,0,0,0,0,0,0
"RocketReports","MINT4037",2,0,0.0000,2,1.0000,0,0,0,0,0,2,0
"RocketReports","MINT5001",17,14,0.8235,3,0.1764,0,1,0,0,0,0,2
"RocketReports","MINT5002",8,8,1.0000,0,0.0000,0,0,0,0,0,0,0
"RocketReports","MINT5003",2,2,1.0000,0,0.0000,0,0,0,0,0,0,0
"RocketReports","MINTHI21",8,7,0.8750,1,0.1250,1,0,0,0,0,0,0
"RocketReports","MINTHI31",5,3,0.6000,2,0.4000,0,0,2,0,0,0,0
"RocketReports","MINTHI41",6,6,1.0000,0,0.0000,0,0,0,0,0,0,0
"RocketReports","MINTHI51",8,7,0.8750,1,0.1250,0,0,0,0,0,0,1
"RocketReports","MINTHI52",1,1,1.0000,0,0.0000,0,0,0,0,0,0,0
"RocketReports","MINTHI62",1,1,1.0000,0,0.0000,0,0,0,0,0,0,0
"RocketReports","MINTHI71",2,2,1.0000,0,0.0000,0,0,0,0,0,0,0
"RocketReports","MINTPLB1",4,4,1.0000,0,0.0000,0,0,0,0,0,0,0
"RocketReports","MINTPLB2",4,4,1.0000,0,0.0000,0,0,0,0,0,0,0
"RocketReports","MINTPLB3",4,4,1.0000,0,0.0000,0,0,0,0,0,0,0
"RocketReports","MINTPLB4",9,8,0.8888,1,0.1111,1,0,0,0,0,0,0
"RocketReports","MINTPLB5",5,5,1.0000,0,0.0000,0,0,0,0,0,0,0
"RocketReports","MINTPMH1",2,2,1.0000,0,0.0000,0,0,0,0,0,0,0
"RocketReports","MINTPMH2",5,5,1.0000,0,0.0000,0,0,0,0,0,0,0
"RocketReports","MINTPMH3",1,0,0.0000,1,1.0000,1,0,0,0,0,0,0
"RocketReports","TNS5GBZ3",23,17,0.7391,6,0.2608,3,2,1,0,0,0,0
"RocketReports","TNS5GBZ4",1,1,1.0000,0,0.0000,0,0,0,0,0,0,0
