"RocketReports","MINT0009",37,31,0.8378,6,0.1621,5,0,0,0,0,0,1
"RocketReports","MINT0010",13,10,0.7692,3,0.2307,0,0,0,0,0,3,0
"RocketReports","MINT0026",8,4,0.5000,4,0.5000,3,1,0,0,0,0,0
"RocketReports","MINT0027",3,2,0.6666,1,0.3333,0,0,1,0,0,0,0
"RocketReports","MINT0028",1,1,1.0000,0,0.0000,0,0,0,0,0,0,0
"RocketReports","MINT0032",11,8,0.7272,3,0.2727,2,0,0,0,0,0,1
"RocketReports","MINT0034",7,6,0.8571,1,0.1428,1,0,0,0,0,0,0
"RocketReports","MINT0041",6,6,1.0000,0,0.0000,0,0,0,0,0,0,0
"RocketReports","MINT0042",18,12,0.6666,6,0.3333,5,0,0,0,0,0,1
"RocketReports","MINT0044",4,4,1.0000,0,0.0000,0,0,0,0,0,0,0
"RocketReports","MINT0049",1,1,1.0000,0,0.0000,0,0,0,0,0,0,0
"RocketReports","MINT0050",1,1,1.0000,0,0.0000,0,0,0,0,0,0,0
"RocketReports","MINT0052",1,1,1.0000,0,0.0000,0,0,0,0,0,0,0
"RocketReports","MINT0054",2,2,1.0000,0,0.0000,0,0,0,0,0,0,0
"RocketReports","MINT0056",3,3,1.0000,0,0.0000,0,0,0,0,0,0,0
"RocketReports","MINT0059",14,14,1.0000,0,0.0000,0,0,0,0,0,0,0
"RocketReports","MINT0062",8,8,1.0000,0,0.0000,0,0,0,0,0,0,0
"RocketReports","MINT0063",2,2,1.0000,0,0.0000,0,0,0,0,0,0,0
"RocketReports","MINT0065",1,1,1.0000,0,0.0000,0,0,0,0,0,0,0
"RocketReports","MINT0067",12,12,1.0000,0,0.0000,0,0,0,0,0,0,0
"RocketReports","MINT0068",1,1,1.0000,0,0.0000,0,0,0,0,0,0,0
"RocketReports","MINT0069",24,23,0.9583,1,0.0416,0,0,0,0,0,0,1
"RocketReports","MINT0106",7,6,0.8571,1,0.1428,0,0,1,0,0,0,0
"RocketReports","MINT0107",2,0,0.0000,2,1.0000,0,0,0,0,0,0,2
"RocketReports","MINT0108",4,4,1.0000,0,0.0000,0,0,0,0,0,0,0
"RocketReports","MINT0109",13,13,1.0000,0,0.0000,0,0,0,0,0,0,0
"RocketReports","MINT0112",4,4,1.0000,0,0.0000,0,0,0,0,0,0,0
"RocketReports","MINT0115",1,1,1.0000,0,0.0000,0,0,0,0,0,0,0
"RocketReports","MINT0116",1,1,1.0000,0,0.0000,0,0,0,0,0,0,0
"RocketReports","MINT0121",12,6,0.5000,6,0.5000,5,0,0,0,0,0,1
"RocketReports","MINT0126",5,5,1.0000,0,0.0000,0,0,0,0,0,0,0
"RocketReports","MINT0127",7,6,0.8571,1,0.1428,1,0,0,0,0,0,0
"RocketReports","MINT0131",12,12,1.0000,0,0.0000,0,0,0,0,0,0,0
"RocketReports","MINT0133",6,6,1.0000,0,0.0000,0,0,0,0,0,0,0
"RocketReports","MINT0134",1,0,0.0000,1,1.0000,0,0,0,0,0,0,1
"RocketReports","MINT0135",17,11,0.6470,6,0.3529,6,0,0,0,0,0,0
"RocketReports","MINT0137",10,8,0.8000,2,0.2000,2,0,0,0,0,0,0
"RocketReports","MINT0138",3,3,1.0000,0,0.0000,0,0,0,0,0,0,0
"RocketReports","MINT0142",2,2,1.0000,0,0.0000,0,0,0,0,0,0,0
"RocketReports","MINT0144",6,5,0.8333,1,0.1666,1,0,0,0,0,0,0
"RocketReports","MINT0145",3,3,1.0000,0,0.0000,0,0,0,0,0,0,0
"RocketReports","MINT0152",5,5,1.0000,0,0.0000,0,0,0,0,0,0,0
"RocketReports","MINT0153",1,1,1.0000,0,0.0000,0,0,0,0,0,0,0
"RocketReports","MINT0154",12,11,0.9166,1,0.0833,0,1,0,0,0,0,0
"RocketReports","MINT0155",1,1,1.0000,0,0.0000,0,0,0,0,0,0,0
"RocketReports","MINT0157",4,3,0.7500,1,0.2500,1,0,0,0,0,0,0
"RocketReports","MINT0160",1,1,1.0000,0,0.0000,0,0,0,0,0,0,0
"RocketReports","MINT0208",5,4,0.8000,1,0.2000,0,0,1,0,0,0,0
"RocketReports","MINT0209",10,8,0.8000,2,0.2000,1,1,0,0,0,0,0
"RocketReports","MINT0305",2,2,1.0000,0,0.0000,0,0,0,0,0,0,0
"RocketReports","MINT0351",2,1,0.5000,1,0.5000,1,0,0,0,0,0,0
"RocketReports","MINT0353",4,4,1.0000,0,0.0000,0,0,0,0,0,0,0
"RocketReports","MINT0355",4,3,0.7500,1,0.2500,1,0,0,0,0,0,0
"RocketReports","MINT0356",4,4,1.0000,0,0.0000,0,0,0,0,0,0,0
"RocketReports","MINT0360",2,2,1.0000,0,0.0000,0,0,0,0,0,0,0
"RocketReports","MINT0402",9,7,0.7777,2,0.2222,0,0,0,0,0,0,2
"RocketReports","MINT0403",3,3,1.0000,0,0.0000,0,0,0,0,0,0,0
"RocketReports","MINT0404",1,1,1.0000,0,0.0000,0,0,0,0,0,0,0
"RocketReports","MINT0411",5,2,0.4000,3,0.6000,2,0,0,0,0,0,1
"RocketReports","MINT0412",1,1,1.0000,0,0.0000,0,0,0,0,0,0,0
"RocketReports","MINT0494",6,6,1.0000,0,0.0000,0,0,0,0,0,0,0
"RocketReports","MINT0496",4,4,1.0000,0,0.0000,0,0,0,0,0,0,0
"RocketReports","MINT0497",8,8,1.0000,0,0.0000,0,0,0,0,0,0,0
"RocketReports","MINT0508",45,39,0.8666,6,0.1333,6,0,0,0,0,0,0
"RocketReports","MINT0519",1,0,0.0000,1,1.0000,0,0,0,0,0,0,1
"RocketReports","MINT0527",2,2,1.0000,0,0.0000,0,0,0,0,0,0,0
"RocketReports","MINT0529",2,2,1.0000,0,0.0000,0,0,0,0,0,0,0
"RocketReports","MINT0531",1,1,1.0000,0,0.0000,0,0,0,0,0,0,0
"RocketReports","MINT0532",8,8,1.0000,0,0.0000,0,0,0,0,0,0,0
"RocketReports","MINT0533",3,3,1.0000,0,0.0000,0,0,0,0,0,0,0
"RocketReports","MINT0535",2,2,1.0000,0,0.0000,0,0,0,0,0,0,0
"RocketReports","MINT0540",2,2,1.0000,0,0.0000,0,0,0,0,0,0,0
"RocketReports","MINT0546",4,4,1.0000,0,0.0000,0,0,0,0,0,0,0
"RocketReports","MINT0550",15,13,0.8666,2,0.1333,0,2,0,0,0,0,0
"RocketReports","MINT0555",3,3,1.0000,0,0.0000,0,0,0,0,0,0,0
"RocketReports","MINT0557",4,3,0.7500,1,0.2500,1,0,0,0,0,0,0
"RocketReports","MINT0559",8,7,0.8750,1,0.1250,1,0,0,0,0,0,0
"RocketReports","MINT0560",1,1,1.0000,0,0.0000,0,0,0,0,0,0,0
"RocketReports","MINT0561",4,4,1.0000,0,0.0000,0,0,0,0,0,0,0
"RocketReports","MINT0562",7,7,1.0000,0,0.0000,0,0,0,0,0,0,0
"RocketReports","MINT0563",5,5,1.0000,0,0.0000,0,0,0,0,0,0,0
"RocketReports","MINT0564",2,2,1.0000,0,0.0000,0,0,0,0,0,0,0
"RocketReports","MINT0567",9,7,0.7777,2,0.2222,1,0,0,0,0,0,1
"RocketReports","MINT0569",11,9,0.8181,2,0.1818,1,0,0,0,0,0,1
"RocketReports","MINT0570",2,2,1.0000,0,0.0000,0,0,0,0,0,0,0
"RocketReports","MINT0571",1,1,1.0000,0,0.0000,0,0,0,0,0,0,0
"RocketReports","MINT0572",2,1,0.5000,1,0.5000,0,0,0,0,0,0,1
"RocketReports","MINT0574",1,1,1.0000,0,0.0000,0,0,0,0,0,0,0
"RocketReports","MINT0576",1,1,1.0000,0,0.0000,0,0,0,0,0,0,0
"RocketReports","MINT0581",2,2,1.0000,0,0.0000,0,0,0,0,0,0,0
"RocketReports","MINT0582",1,1,1.0000,0,0.0000,0,0,0,0,0,0,0
"RocketReports","MINT0584",1,1,1.0000,0,0.0000,0,0,0,0,0,0,0
"RocketReports","MINT0588",2,2,1.0000,0,0.0000,0,0,0,0,0,0,0
"RocketReports","MINT0592",2,2,1.0000,0,0.0000,0,0,0,0,0,0,0
"RocketReports","MINT0593",7,5,0.7142,2,0.2857,0,0,1,0,0,0,1
"RocketReports","MINT0594",6,6,1.0000,0,0.0000,0,0,0,0,0,0,0
"RocketReports","MINT0595",6,6,1.0000,0,0.0000,0,0,0,0,0,0,0
"RocketReports","MINT0596",16,16,1.0000,0,0.0000,0,0,0,0,0,0,0
"RocketReports","MINT0598",1,1,1.0000,0,0.0000,0,0,0,0,0,0,0
"RocketReports","MINT0599",14,13,0.9285,1,0.0714,1,0,0,0,0,0,0
"RocketReports","MINT0711",2,2,1.0000,0,0.0000,0,0,0,0,0,0,0
"RocketReports","MINT0712",1,1,1.0000,0,0.0000,0,0,0,0,0,0,0
"RocketReports","MINT0901",1,1,1.0000,0,0.0000,0,0,0,0,0,0,0
"RocketReports","MINT0903",1,1,1.0000,0,0.0000,0,0,0,0,0,0,0
"RocketReports","MINT0908",2,2,1.0000,0,0.0000,0,0,0,0,0,0,0
"RocketReports","MINT0912",12,12,1.0000,0,0.0000,0,0,0,0,0,0,0
"RocketReports","MINT0913",24,15,0.6250,9,0.3750,8,1,0,0,0,0,0
"RocketReports","MINT0914",2,2,1.0000,0,0.0000,0,0,0,0,0,0,0
"RocketReports","MINT0916",4,3,0.7500,1,0.2500,1,0,0,0,0,0,0
"RocketReports","MINT0919",32,25,0.7812,7,0.2187,1,1,4,0,0,0,1
"RocketReports","MINT0922",1,1,1.0000,0,0.0000,0,0,0,0,0,0,0
"RocketReports","MINT0923",1,1,1.0000,0,0.0000,0,0,0,0,0,0,0
"RocketReports","MINT0926",1,1,1.0000,0,0.0000,0,0,0,0,0,0,0
"RocketReports","MINT1012",7,7,1.0000,0,0.0000,0,0,0,0,0,0,0
"RocketReports","MINT1016",20,20,1.0000,0,0.0000,0,0,0,0,0,0,0
"RocketReports","MINT1041",5,5,1.0000,0,0.0000,0,0,0,0,0,0,0
"RocketReports","MINT1050",1,0,0.0000,1,1.0000,0,0,0,0,0,1,0
"RocketReports","MINT1062",1,1,1.0000,0,0.0000,0,0,0,0,0,0,0
"RocketReports","MINT1063",28,27,0.9642,1,0.0357,0,0,0,0,0,0,1
"RocketReports","MINT1070",5,4,0.8000,1,0.2000,0,0,0,0,0,0,1
"RocketReports","MINT1072",2,2,1.0000,0,0.0000,0,0,0,0,0,0,0
"RocketReports","MINT1074",4,4,1.0000,0,0.0000,0,0,0,0,0,0,0
"RocketReports","MINT1075",12,11,0.9166,1,0.0833,0,0,0,0,0,0,1
"RocketReports","MINT1076",5,5,1.0000,0,0.0000,0,0,0,0,0,0,0
"RocketReports","MINT1080",11,10,0.9090,1,0.0909,1,0,0,0,0,0,0
"RocketReports","MINT1081",1,1,1.0000,0,0.0000,0,0,0,0,0,0,0
"RocketReports","MINT1083",3,3,1.0000,0,0.0000,0,0,0,0,0,0,0
"RocketReports","MINT1087",3,0,0.0000,3,1.0000,0,0,0,0,0,0,3
"RocketReports","MINT1091",3,2,0.6666,1,0.3333,1,0,0,0,0,0,0
"RocketReports","MINT3000",9,7,0.7777,2,0.2222,0,2,0,0,0,0,0
"RocketReports","MINT3001",3,3,1.0000,0,0.0000,0,0,0,0,0,0,0
"RocketReports","MINT4000",26,24,0.9230,2,0.0769,1,0,0,0,0,0,1
"RocketReports","MINT4001",1,1,1.0000,0,0.0000,0,0,0,0,0,0,0
"RocketReports","MINT4003",4,3,0.7500,1,0.2500,1,0,0,0,0,0,0
"RocketReports","MINT4005",25,20,0.8000,5,0.2000,3,0,0,0,0,0,2
"RocketReports","MINT4009",44,31,0.7045,13,0.2954,5,2,0,0,0,0,6
"RocketReports","MINT4010",25,21,0.8400,4,0.1600,3,0,1,0,0,0,0
"RocketReports","MINT4014",8,8,1.0000,0,0.0000,0,0,0,0,0,0,0
"RocketReports","MINT4015",37,37,1.0000,0,0.0000,0,0,0,0,0,0,0
"RocketReports","MINT4020",11,11,1.0000,0,0.0000,0,0,0,0,0,0,0
"RocketReports","MINT4022",73,61,0.8356,12,0.1643,3,3,2,0,0,0,4
"RocketReports","MINT4024",7,6,0.8571,1,0.1428,0,0,0,0,0,0,1
"RocketReports","MINT4026",3,3,1.0000,0,0.0000,0,0,0,0,0,0,0
"RocketReports","MINT4028",3,3,1.0000,0,0.0000,0,0,0,0,0,0,0
"RocketReports","MINT4030",1,1,1.0000,0,0.0000,0,0,0,0,0,0,0
"RocketReports","MINT4031",7,7,1.0000,0,0.0000,0,0,0,0,0,0,0
"RocketReports","MINT4032",2,2,1.0000,0,0.0000,0,0,0,0,0,0,0
"RocketReports","MINT4033",6,6,1.0000,0,0.0000,0,0,0,0,0,0,0
"RocketReports","MINT4035",2,2,1.0000,0,0.0000,0,0,0,0,0,0,0
"RocketReports","MINT5001",13,12,0.9230,1,0.0769,1,0,0,0,0,0,0
"RocketReports","MINT5002",8,5,0.6250,3,0.3750,1,0,0,0,0,0,2
"RocketReports","MINT5004",1,1,1.0000,0,0.0000,0,0,0,0,0,0,0
"RocketReports","MINT5006",2,2,1.0000,0,0.0000,0,0,0,0,0,0,0
"RocketReports","MINT5007",4,4,1.0000,0,0.0000,0,0,0,0,0,0,0
"RocketReports","MINTHI11",1,1,1.0000,0,0.0000,0,0,0,0,0,0,0
"RocketReports","MINTHI31",2,1,0.5000,1,0.5000,1,0,0,0,0,0,0
"RocketReports","MINTHI32",1,1,1.0000,0,0.0000,0,0,0,0,0,0,0
"RocketReports","MINTHI41",1,1,1.0000,0,0.0000,0,0,0,0,0,0,0
"RocketReports","MINTHI51",3,3,1.0000,0,0.0000,0,0,0,0,0,0,0
"RocketReports","MINTHI71",24,21,0.8750,3,0.1250,0,1,0,0,0,0,2
"RocketReports","MINTPLB2",3,3,1.0000,0,0.0000,0,0,0,0,0,0,0
"RocketReports","MINTPLB3",2,2,1.0000,0,0.0000,0,0,0,0,0,0,0
"RocketReports","MINTPLB4",9,9,1.0000,0,0.0000,0,0,0,0,0,0,0
"RocketReports","MINTPLB5",8,7,0.8750,1,0.1250,1,0,0,0,0,0,0
"RocketReports","MINTPMH1",1,1,1.0000,0,0.0000,0,0,0,0,0,0,0
"RocketReports","MINTPMH2",3,3,1.0000,0,0.0000,0,0,0,0,0,0,0
"RocketReports","TNS5GBZ3",14,13,0.9285,1,0.0714,1,0,0,0,0,0,0
"RocketReports","TNS5GBZ4",5,4,0.8000,1,0.2000,0,0,1,0,0,0,0
