"MintATM","MINT0009",63,47,0.7460,16,0.2539,12,0,0,0,0,0,4
"MintATM","MINT0010",72,69,0.9583,3,0.0416,1,1,0,0,0,0,1
"MintATM","MINT0026",2,2,1.0000,0,0.0000,0,0,0,0,0,0,0
"MintATM","MINT0028",3,1,0.3333,2,0.6666,2,0,0,0,0,0,0
"MintATM","MINT0032",12,10,0.8333,2,0.1666,0,0,1,0,0,0,1
"MintATM","MINT0034",6,6,1.0000,0,0.0000,0,0,0,0,0,0,0
"MintATM","MINT0041",7,6,0.8571,1,0.1428,1,0,0,0,0,0,0
"MintATM","MINT0042",19,10,0.5263,9,0.4736,8,0,0,0,0,0,1
"MintATM","MINT0044",3,3,1.0000,0,0.0000,0,0,0,0,0,0,0
"MintATM","MINT0049",5,5,1.0000,0,0.0000,0,0,0,0,0,0,0
"MintATM","MINT0050",2,2,1.0000,0,0.0000,0,0,0,0,0,0,0
"MintATM","MINT0052",1,1,1.0000,0,0.0000,0,0,0,0,0,0,0
"MintATM","MINT0054",4,2,0.5000,2,0.5000,1,0,0,0,0,0,1
"MintATM","MINT0056",1,1,1.0000,0,0.0000,0,0,0,0,0,0,0
"MintATM","MINT0058",1,1,1.0000,0,0.0000,0,0,0,0,0,0,0
"MintATM","MINT0059",5,5,1.0000,0,0.0000,0,0,0,0,0,0,0
"MintATM","MINT0062",15,15,1.0000,0,0.0000,0,0,0,0,0,0,0
"MintATM","MINT0067",2,2,1.0000,0,0.0000,0,0,0,0,0,0,0
"MintATM","MINT0102",1,1,1.0000,0,0.0000,0,0,0,0,0,0,0
"MintATM","MINT0103",1,0,0.0000,1,1.0000,0,1,0,0,0,0,0
"MintATM","MINT0106",1,1,1.0000,0,0.0000,0,0,0,0,0,0,0
"MintATM","MINT0108",4,3,0.7500,1,0.2500,1,0,0,0,0,0,0
"MintATM","MINT0109",3,3,1.0000,0,0.0000,0,0,0,0,0,0,0
"MintATM","MINT0110",1,1,1.0000,0,0.0000,0,0,0,0,0,0,0
"MintATM","MINT0121",5,5,1.0000,0,0.0000,0,0,0,0,0,0,0
"MintATM","MINT0125",24,19,0.7916,5,0.2083,0,2,2,0,0,0,1
"MintATM","MINT0126",1,1,1.0000,0,0.0000,0,0,0,0,0,0,0
"MintATM","MINT0127",5,4,0.8000,1,0.2000,0,0,0,0,0,0,1
"MintATM","MINT0131",2,1,0.5000,1,0.5000,1,0,0,0,0,0,0
"MintATM","MINT0133",3,3,1.0000,0,0.0000,0,0,0,0,0,0,0
"MintATM","MINT0135",3,3,1.0000,0,0.0000,0,0,0,0,0,0,0
"MintATM","MINT0137",6,6,1.0000,0,0.0000,0,0,0,0,0,0,0
"MintATM","MINT0138",1,1,1.0000,0,0.0000,0,0,0,0,0,0,0
"MintATM","MINT0141",7,3,0.4285,4,0.5714,1,0,3,0,0,0,0
"MintATM","MINT0143",2,2,1.0000,0,0.0000,0,0,0,0,0,0,0
"MintATM","MINT0144",1,1,1.0000,0,0.0000,0,0,0,0,0,0,0
"MintATM","MINT0149",1,1,1.0000,0,0.0000,0,0,0,0,0,0,0
"MintATM","MINT0153",1,1,1.0000,0,0.0000,0,0,0,0,0,0,0
"MintATM","MINT0154",17,15,0.8823,2,0.1176,0,0,0,0,0,0,2
"MintATM","MINT0155",19,18,0.9473,1,0.0526,1,0,0,0,0,0,0
"MintATM","MINT0205",10,7,0.7000,3,0.3000,2,0,0,0,0,0,1
"MintATM","MINT0209",5,3,0.6000,2,0.4000,1,1,0,0,0,0,0
"MintATM","MINT0305",1,1,1.0000,0,0.0000,0,0,0,0,0,0,0
"MintATM","MINT0352",1,1,1.0000,0,0.0000,0,0,0,0,0,0,0
"MintATM","MINT0353",9,7,0.7777,2,0.2222,0,0,0,0,0,0,2
"MintATM","MINT0355",4,4,1.0000,0,0.0000,0,0,0,0,0,0,0
"MintATM","MINT0356",10,9,0.9000,1,0.1000,0,0,1,0,0,0,0
"MintATM","MINT0357",1,1,1.0000,0,0.0000,0,0,0,0,0,0,0
"MintATM","MINT0358",1,0,0.0000,1,1.0000,0,0,0,0,0,1,0
"MintATM","MINT0359",2,2,1.0000,0,0.0000,0,0,0,0,0,0,0
"MintATM","MINT0360",5,5,1.0000,0,0.0000,0,0,0,0,0,0,0
"MintATM","MINT0402",3,2,0.6666,1,0.3333,0,0,0,0,0,0,1
"MintATM","MINT0405",3,1,0.3333,2,0.6666,2,0,0,0,0,0,0
"MintATM","MINT0411",1,1,1.0000,0,0.0000,0,0,0,0,0,0,0
"MintATM","MINT0413",1,1,1.0000,0,0.0000,0,0,0,0,0,0,0
"MintATM","MINT0414",4,4,1.0000,0,0.0000,0,0,0,0,0,0,0
"MintATM","MINT0417",1,1,1.0000,0,0.0000,0,0,0,0,0,0,0
"MintATM","MINT0418",2,2,1.0000,0,0.0000,0,0,0,0,0,0,0
"MintATM","MINT0498",2,2,1.0000,0,0.0000,0,0,0,0,0,0,0
"MintATM","MINT0499",1,1,1.0000,0,0.0000,0,0,0,0,0,0,0
"MintATM","MINT0508",68,61,0.8970,7,0.1029,3,0,1,0,0,0,3
"MintATM","MINT0522",2,2,1.0000,0,0.0000,0,0,0,0,0,0,0
"MintATM","MINT0527",3,1,0.3333,2,0.6666,0,1,0,0,0,0,1
"MintATM","MINT0529",3,3,1.0000,0,0.0000,0,0,0,0,0,0,0
"MintATM","MINT0531",6,6,1.0000,0,0.0000,0,0,0,0,0,0,0
"MintATM","MINT0532",13,12,0.9230,1,0.0769,1,0,0,0,0,0,0
"MintATM","MINT0534",2,2,1.0000,0,0.0000,0,0,0,0,0,0,0
"MintATM","MINT0537",1,1,1.0000,0,0.0000,0,0,0,0,0,0,0
"MintATM","MINT0539",2,2,1.0000,0,0.0000,0,0,0,0,0,0,0
"MintATM","MINT0540",2,2,1.0000,0,0.0000,0,0,0,0,0,0,0
"MintATM","MINT0542",4,3,0.7500,1,0.2500,1,0,0,0,0,0,0
"MintATM","MINT0550",26,22,0.8461,4,0.1538,3,0,0,0,0,0,1
"MintATM","MINT0554",4,4,1.0000,0,0.0000,0,0,0,0,0,0,0
"MintATM","MINT0556",3,3,1.0000,0,0.0000,0,0,0,0,0,0,0
"MintATM","MINT0557",4,4,1.0000,0,0.0000,0,0,0,0,0,0,0
"MintATM","MINT0559",1,1,1.0000,0,0.0000,0,0,0,0,0,0,0
"MintATM","MINT0562",8,6,0.7500,2,0.2500,0,1,0,0,0,0,1
"MintATM","MINT0563",3,2,0.6666,1,0.3333,1,0,0,0,0,0,0
"MintATM","MINT0564",3,3,1.0000,0,0.0000,0,0,0,0,0,0,0
"MintATM","MINT0567",7,6,0.8571,1,0.1428,1,0,0,0,0,0,0
"MintATM","MINT0568",1,1,1.0000,0,0.0000,0,0,0,0,0,0,0
"MintATM","MINT0569",8,7,0.8750,1,0.1250,1,0,0,0,0,0,0
"MintATM","MINT0570",2,2,1.0000,0,0.0000,0,0,0,0,0,0,0
"MintATM","MINT0571",3,3,1.0000,0,0.0000,0,0,0,0,0,0,0
"MintATM","MINT0572",9,9,1.0000,0,0.0000,0,0,0,0,0,0,0
"MintATM","MINT0574",2,2,1.0000,0,0.0000,0,0,0,0,0,0,0
"MintATM","MINT0577",1,1,1.0000,0,0.0000,0,0,0,0,0,0,0
"MintATM","MINT0579",1,1,1.0000,0,0.0000,0,0,0,0,0,0,0
"MintATM","MINT0581",1,1,1.0000,0,0.0000,0,0,0,0,0,0,0
"MintATM","MINT0582",3,3,1.0000,0,0.0000,0,0,0,0,0,0,0
"MintATM","MINT0585",1,1,1.0000,0,0.0000,0,0,0,0,0,0,0
"MintATM","MINT0586",5,5,1.0000,0,0.0000,0,0,0,0,0,0,0
"MintATM","MINT0589",18,15,0.8333,3,0.1666,0,0,0,0,0,1,2
"MintATM","MINT0590",5,5,1.0000,0,0.0000,0,0,0,0,0,0,0
"MintATM","MINT0591",38,37,0.9736,1,0.0263,1,0,0,0,0,0,0
"MintATM","MINT0593",3,3,1.0000,0,0.0000,0,0,0,0,0,0,0
"MintATM","MINT0594",7,7,1.0000,0,0.0000,0,0,0,0,0,0,0
"MintATM","MINT0595",7,7,1.0000,0,0.0000,0,0,0,0,0,0,0
"MintATM","MINT0596",21,20,0.9523,1,0.0476,0,0,0,0,0,0,1
"MintATM","MINT0597",4,4,1.0000,0,0.0000,0,0,0,0,0,0,0
"MintATM","MINT0599",8,8,1.0000,0,0.0000,0,0,0,0,0,0,0
"MintATM","MINT0610",1,1,1.0000,0,0.0000,0,0,0,0,0,0,0
"MintATM","MINT0728",1,1,1.0000,0,0.0000,0,0,0,0,0,0,0
"MintATM","MINT0820",1,1,1.0000,0,0.0000,0,0,0,0,0,0,0
"MintATM","MINT0901",2,2,1.0000,0,0.0000,0,0,0,0,0,0,0
"MintATM","MINT0903",2,2,1.0000,0,0.0000,0,0,0,0,0,0,0
"MintATM","MINT0905",1,1,1.0000,0,0.0000,0,0,0,0,0,0,0
"MintATM","MINT0909",1,1,1.0000,0,0.0000,0,0,0,0,0,0,0
"MintATM","MINT0912",21,20,0.9523,1,0.0476,0,0,0,0,0,0,1
"MintATM","MINT0913",20,16,0.8000,4,0.2000,4,0,0,0,0,0,0
"MintATM","MINT0916",2,2,1.0000,0,0.0000,0,0,0,0,0,0,0
"MintATM","MINT0917",1,1,1.0000,0,0.0000,0,0,0,0,0,0,0
"MintATM","MINT0919",22,20,0.9090,2,0.0909,0,0,2,0,0,0,0
"MintATM","MINT0921",3,3,1.0000,0,0.0000,0,0,0,0,0,0,0
"MintATM","MINT0925",6,6,1.0000,0,0.0000,0,0,0,0,0,0,0
"MintATM","MINT1014",1,1,1.0000,0,0.0000,0,0,0,0,0,0,0
"MintATM","MINT1015",46,42,0.9130,4,0.0869,1,0,0,0,0,1,2
"MintATM","MINT1016",20,20,1.0000,0,0.0000,0,0,0,0,0,0,0
"MintATM","MINT1041",4,4,1.0000,0,0.0000,0,0,0,0,0,0,0
"MintATM","MINT1050",4,2,0.5000,2,0.5000,0,0,2,0,0,0,0
"MintATM","MINT1061",3,3,1.0000,0,0.0000,0,0,0,0,0,0,0
"MintATM","MINT1063",15,13,0.8666,2,0.1333,1,0,1,0,0,0,0
"MintATM","MINT1069",3,3,1.0000,0,0.0000,0,0,0,0,0,0,0
"MintATM","MINT1070",2,2,1.0000,0,0.0000,0,0,0,0,0,0,0
"MintATM","MINT1073",3,3,1.0000,0,0.0000,0,0,0,0,0,0,0
"MintATM","MINT1074",2,2,1.0000,0,0.0000,0,0,0,0,0,0,0
"MintATM","MINT1075",9,7,0.7777,2,0.2222,1,0,0,0,0,0,1
"MintATM","MINT1076",2,2,1.0000,0,0.0000,0,0,0,0,0,0,0
"MintATM","MINT1078",2,2,1.0000,0,0.0000,0,0,0,0,0,0,0
"MintATM","MINT1081",5,4,0.8000,1,0.2000,1,0,0,0,0,0,0
"MintATM","MINT3000",9,9,1.0000,0,0.0000,0,0,0,0,0,0,0
"MintATM","MINT4000",19,17,0.8947,2,0.1052,1,0,1,0,0,0,0
"MintATM","MINT4005",18,17,0.9444,1,0.0555,0,0,0,0,0,0,1
"MintATM","MINT4010",5,5,1.0000,0,0.0000,0,0,0,0,0,0,0
"MintATM","MINT4015",1,1,1.0000,0,0.0000,0,0,0,0,0,0,0
"MintATM","MINT4020",4,3,0.7500,1,0.2500,0,0,0,0,0,0,1
"MintATM","MINT4022",65,52,0.8000,13,0.2000,4,1,4,0,0,0,4
"MintATM","MINT5001",20,16,0.8000,4,0.2000,1,0,0,0,0,0,3
"MintATM","MINTHI11",1,1,1.0000,0,0.0000,0,0,0,0,0,0,0
"MintATM","MINTHI21",5,5,1.0000,0,0.0000,0,0,0,0,0,0,0
"MintATM","MINTHI41",6,4,0.6666,2,0.3333,2,0,0,0,0,0,0
"MintATM","MINTHI51",4,4,1.0000,0,0.0000,0,0,0,0,0,0,0
"MintATM","MINTHI61",1,1,1.0000,0,0.0000,0,0,0,0,0,0,0
"MintATM","MINTHI71",5,3,0.6000,2,0.4000,1,0,0,0,0,0,1
"MintATM","MINTPLB1",1,1,1.0000,0,0.0000,0,0,0,0,0,0,0
"MintATM","MINTPLB2",1,1,1.0000,0,0.0000,0,0,0,0,0,0,0
"MintATM","MINTPLB3",3,3,1.0000,0,0.0000,0,0,0,0,0,0,0
"MintATM","MINTPLB4",12,11,0.9166,1,0.0833,0,0,0,0,0,0,1
"MintATM","MINTPLB5",2,2,1.0000,0,0.0000,0,0,0,0,0,0,0
"MintATM","MINTPMH2",1,1,1.0000,0,0.0000,0,0,0,0,0,0,0
"MintATM","MINTPMH3",2,1,0.5000,1,0.5000,1,0,0,0,0,0,0
"MintATM","TNS5GBZ3",5,5,1.0000,0,0.0000,0,0,0,0,0,0,0
