"MintATM","MINT0009",34,28,0.8235,6,0.1764,3,1,0,0,0,0,2
"MintATM","MINT0010",50,50,1.0000,0,0.0000,0,0,0,0,0,0,0
"MintATM","MINT0025",3,3,1.0000,0,0.0000,0,0,0,0,0,0,0
"MintATM","MINT0026",8,7,0.8750,1,0.1250,0,0,0,0,0,0,1
"MintATM","MINT0027",3,2,0.6666,1,0.3333,0,0,0,0,0,0,1
"MintATM","MINT0028",5,5,1.0000,0,0.0000,0,0,0,0,0,0,0
"MintATM","MINT0032",11,11,1.0000,0,0.0000,0,0,0,0,0,0,0
"MintATM","MINT0034",7,7,1.0000,0,0.0000,0,0,0,0,0,0,0
"MintATM","MINT0041",6,6,1.0000,0,0.0000,0,0,0,0,0,0,0
"MintATM","MINT0042",5,5,1.0000,0,0.0000,0,0,0,0,0,0,0
"MintATM","MINT0044",1,1,1.0000,0,0.0000,0,0,0,0,0,0,0
"MintATM","MINT0049",7,5,0.7142,2,0.2857,1,1,0,0,0,0,0
"MintATM","MINT0052",1,1,1.0000,0,0.0000,0,0,0,0,0,0,0
"MintATM","MINT0054",4,2,0.5000,2,0.5000,2,0,0,0,0,0,0
"MintATM","MINT0055",1,1,1.0000,0,0.0000,0,0,0,0,0,0,0
"MintATM","MINT0058",2,2,1.0000,0,0.0000,0,0,0,0,0,0,0
"MintATM","MINT0059",5,4,0.8000,1,0.2000,0,1,0,0,0,0,0
"MintATM","MINT0062",12,12,1.0000,0,0.0000,0,0,0,0,0,0,0
"MintATM","MINT0065",2,2,1.0000,0,0.0000,0,0,0,0,0,0,0
"MintATM","MINT0067",3,3,1.0000,0,0.0000,0,0,0,0,0,0,0
"MintATM","MINT0069",62,59,0.9516,3,0.0483,0,1,0,0,0,0,2
"MintATM","MINT0104",2,2,1.0000,0,0.0000,0,0,0,0,0,0,0
"MintATM","MINT0106",1,1,1.0000,0,0.0000,0,0,0,0,0,0,0
"MintATM","MINT0108",2,2,1.0000,0,0.0000,0,0,0,0,0,0,0
"MintATM","MINT0109",1,1,1.0000,0,0.0000,0,0,0,0,0,0,0
"MintATM","MINT0110",2,1,0.5000,1,0.5000,0,0,0,0,0,0,1
"MintATM","MINT0121",16,7,0.4375,9,0.5625,6,0,0,0,0,0,3
"MintATM","MINT0125",4,4,1.0000,0,0.0000,0,0,0,0,0,0,0
"MintATM","MINT0126",2,2,1.0000,0,0.0000,0,0,0,0,0,0,0
"MintATM","MINT0127",1,1,1.0000,0,0.0000,0,0,0,0,0,0,0
"MintATM","MINT0133",3,3,1.0000,0,0.0000,0,0,0,0,0,0,0
"MintATM","MINT0135",1,1,1.0000,0,0.0000,0,0,0,0,0,0,0
"MintATM","MINT0137",8,8,1.0000,0,0.0000,0,0,0,0,0,0,0
"MintATM","MINT0138",2,2,1.0000,0,0.0000,0,0,0,0,0,0,0
"MintATM","MINT0142",3,3,1.0000,0,0.0000,0,0,0,0,0,0,0
"MintATM","MINT0145",4,2,0.5000,2,0.5000,0,2,0,0,0,0,0
"MintATM","MINT0149",2,2,1.0000,0,0.0000,0,0,0,0,0,0,0
"MintATM","MINT0152",1,1,1.0000,0,0.0000,0,0,0,0,0,0,0
"MintATM","MINT0154",10,9,0.9000,1,0.1000,0,0,0,0,0,0,1
"MintATM","MINT0155",8,8,1.0000,0,0.0000,0,0,0,0,0,0,0
"MintATM","MINT0157",6,6,1.0000,0,0.0000,0,0,0,0,0,0,0
"MintATM","MINT0207",1,1,1.0000,0,0.0000,0,0,0,0,0,0,0
"MintATM","MINT0208",1,1,1.0000,0,0.0000,0,0,0,0,0,0,0
"MintATM","MINT0209",2,1,0.5000,1,0.5000,1,0,0,0,0,0,0
"MintATM","MINT0305",1,1,1.0000,0,0.0000,0,0,0,0,0,0,0
"MintATM","MINT0352",5,5,1.0000,0,0.0000,0,0,0,0,0,0,0
"MintATM","MINT0353",8,6,0.7500,2,0.2500,0,0,0,0,0,0,2
"MintATM","MINT0355",2,2,1.0000,0,0.0000,0,0,0,0,0,0,0
"MintATM","MINT0356",2,2,1.0000,0,0.0000,0,0,0,0,0,0,0
"MintATM","MINT0357",3,2,0.6666,1,0.3333,1,0,0,0,0,0,0
"MintATM","MINT0358",2,2,1.0000,0,0.0000,0,0,0,0,0,0,0
"MintATM","MINT0360",6,6,1.0000,0,0.0000,0,0,0,0,0,0,0
"MintATM","MINT0401",2,2,1.0000,0,0.0000,0,0,0,0,0,0,0
"MintATM","MINT0402",1,1,1.0000,0,0.0000,0,0,0,0,0,0,0
"MintATM","MINT0404",2,1,0.5000,1,0.5000,1,0,0,0,0,0,0
"MintATM","MINT0413",1,1,1.0000,0,0.0000,0,0,0,0,0,0,0
"MintATM","MINT0414",2,2,1.0000,0,0.0000,0,0,0,0,0,0,0
"MintATM","MINT0418",1,1,1.0000,0,0.0000,0,0,0,0,0,0,0
"MintATM","MINT0494",1,1,1.0000,0,0.0000,0,0,0,0,0,0,0
"MintATM","MINT0495",2,2,1.0000,0,0.0000,0,0,0,0,0,0,0
"MintATM","MINT0497",18,14,0.7777,4,0.2222,0,4,0,0,0,0,0
"MintATM","MINT0498",2,2,1.0000,0,0.0000,0,0,0,0,0,0,0
"MintATM","MINT0499",2,2,1.0000,0,0.0000,0,0,0,0,0,0,0
"MintATM","MINT0504",6,6,1.0000,0,0.0000,0,0,0,0,0,0,0
"MintATM","MINT0508",37,35,0.9459,2,0.0540,1,0,0,0,0,0,1
"MintATM","MINT0519",1,1,1.0000,0,0.0000,0,0,0,0,0,0,0
"MintATM","MINT0522",3,3,1.0000,0,0.0000,0,0,0,0,0,0,0
"MintATM","MINT0527",4,4,1.0000,0,0.0000,0,0,0,0,0,0,0
"MintATM","MINT0529",5,4,0.8000,1,0.2000,0,0,0,0,0,1,0
"MintATM","MINT0531",5,5,1.0000,0,0.0000,0,0,0,0,0,0,0
"MintATM","MINT0532",16,16,1.0000,0,0.0000,0,0,0,0,0,0,0
"MintATM","MINT0533",3,3,1.0000,0,0.0000,0,0,0,0,0,0,0
"MintATM","MINT0534",4,4,1.0000,0,0.0000,0,0,0,0,0,0,0
"MintATM","MINT0538",1,1,1.0000,0,0.0000,0,0,0,0,0,0,0
"MintATM","MINT0539",2,2,1.0000,0,0.0000,0,0,0,0,0,0,0
"MintATM","MINT0540",1,1,1.0000,0,0.0000,0,0,0,0,0,0,0
"MintATM","MINT0542",2,1,0.5000,1,0.5000,0,0,0,0,0,0,1
"MintATM","MINT0543",1,1,1.0000,0,0.0000,0,0,0,0,0,0,0
"MintATM","MINT0545",2,2,1.0000,0,0.0000,0,0,0,0,0,0,0
"MintATM","MINT0546",4,4,1.0000,0,0.0000,0,0,0,0,0,0,0
"MintATM","MINT0550",42,40,0.9523,2,0.0476,1,1,0,0,0,0,0
"MintATM","MINT0553",8,4,0.5000,4,0.5000,0,0,0,0,0,0,4
"MintATM","MINT0554",1,1,1.0000,0,0.0000,0,0,0,0,0,0,0
"MintATM","MINT0555",2,2,1.0000,0,0.0000,0,0,0,0,0,0,0
"MintATM","MINT0556",4,4,1.0000,0,0.0000,0,0,0,0,0,0,0
"MintATM","MINT0557",8,7,0.8750,1,0.1250,0,0,0,0,0,0,1
"MintATM","MINT0559",7,6,0.8571,1,0.1428,1,0,0,0,0,0,0
"MintATM","MINT0561",5,3,0.6000,2,0.4000,0,0,0,0,0,0,2
"MintATM","MINT0562",5,3,0.6000,2,0.4000,0,2,0,0,0,0,0
"MintATM","MINT0563",3,3,1.0000,0,0.0000,0,0,0,0,0,0,0
"MintATM","MINT0564",5,5,1.0000,0,0.0000,0,0,0,0,0,0,0
"MintATM","MINT0567",5,5,1.0000,0,0.0000,0,0,0,0,0,0,0
"MintATM","MINT0569",7,7,1.0000,0,0.0000,0,0,0,0,0,0,0
"MintATM","MINT0570",3,3,1.0000,0,0.0000,0,0,0,0,0,0,0
"MintATM","MINT0571",2,1,0.5000,1,0.5000,0,0,0,0,0,0,1
"MintATM","MINT0572",14,14,1.0000,0,0.0000,0,0,0,0,0,0,0
"MintATM","MINT0574",6,6,1.0000,0,0.0000,0,0,0,0,0,0,0
"MintATM","MINT0579",1,1,1.0000,0,0.0000,0,0,0,0,0,0,0
"MintATM","MINT0581",2,2,1.0000,0,0.0000,0,0,0,0,0,0,0
"MintATM","MINT0588",2,2,1.0000,0,0.0000,0,0,0,0,0,0,0
"MintATM","MINT0590",1,1,1.0000,0,0.0000,0,0,0,0,0,0,0
"MintATM","MINT0592",4,4,1.0000,0,0.0000,0,0,0,0,0,0,0
"MintATM","MINT0593",1,1,1.0000,0,0.0000,0,0,0,0,0,0,0
"MintATM","MINT0594",13,12,0.9230,1,0.0769,0,0,0,0,0,0,1
"MintATM","MINT0595",8,8,1.0000,0,0.0000,0,0,0,0,0,0,0
"MintATM","MINT0596",45,41,0.9111,4,0.0888,2,1,0,0,0,0,1
"MintATM","MINT0597",2,2,1.0000,0,0.0000,0,0,0,0,0,0,0
"MintATM","MINT0598",8,7,0.8750,1,0.1250,0,0,0,0,0,0,1
"MintATM","MINT0599",14,13,0.9285,1,0.0714,0,1,0,0,0,0,0
"MintATM","MINT0606",6,6,1.0000,0,0.0000,0,0,0,0,0,0,0
"MintATM","MINT0707",1,1,1.0000,0,0.0000,0,0,0,0,0,0,0
"MintATM","MINT0711",1,1,1.0000,0,0.0000,0,0,0,0,0,0,0
"MintATM","MINT0901",4,4,1.0000,0,0.0000,0,0,0,0,0,0,0
"MintATM","MINT0903",1,1,1.0000,0,0.0000,0,0,0,0,0,0,0
"MintATM","MINT0905",1,1,1.0000,0,0.0000,0,0,0,0,0,0,0
"MintATM","MINT0906",2,2,1.0000,0,0.0000,0,0,0,0,0,0,0
"MintATM","MINT0908",2,2,1.0000,0,0.0000,0,0,0,0,0,0,0
"MintATM","MINT0912",15,15,1.0000,0,0.0000,0,0,0,0,0,0,0
"MintATM","MINT0913",19,17,0.8947,2,0.1052,0,0,0,0,0,0,2
"MintATM","MINT0916",3,3,1.0000,0,0.0000,0,0,0,0,0,0,0
"MintATM","MINT0917",1,1,1.0000,0,0.0000,0,0,0,0,0,0,0
"MintATM","MINT0919",25,19,0.7600,6,0.2400,0,1,3,0,0,0,2
"MintATM","MINT0920",3,3,1.0000,0,0.0000,0,0,0,0,0,0,0
"MintATM","MINT0921",4,4,1.0000,0,0.0000,0,0,0,0,0,0,0
"MintATM","MINT0922",4,4,1.0000,0,0.0000,0,0,0,0,0,0,0
"MintATM","MINT0923",1,1,1.0000,0,0.0000,0,0,0,0,0,0,0
"MintATM","MINT1010",5,5,1.0000,0,0.0000,0,0,0,0,0,0,0
"MintATM","MINT1011",2,2,1.0000,0,0.0000,0,0,0,0,0,0,0
"MintATM","MINT1012",1,1,1.0000,0,0.0000,0,0,0,0,0,0,0
"MintATM","MINT1015",29,29,1.0000,0,0.0000,0,0,0,0,0,0,0
"MintATM","MINT1016",14,14,1.0000,0,0.0000,0,0,0,0,0,0,0
"MintATM","MINT1017",1,1,1.0000,0,0.0000,0,0,0,0,0,0,0
"MintATM","MINT1018",1,1,1.0000,0,0.0000,0,0,0,0,0,0,0
"MintATM","MINT1050",4,4,1.0000,0,0.0000,0,0,0,0,0,0,0
"MintATM","MINT1061",1,1,1.0000,0,0.0000,0,0,0,0,0,0,0
"MintATM","MINT1062",2,2,1.0000,0,0.0000,0,0,0,0,0,0,0
"MintATM","MINT1063",32,31,0.9687,1,0.0312,0,0,0,0,0,0,1
"MintATM","MINT1069",1,1,1.0000,0,0.0000,0,0,0,0,0,0,0
"MintATM","MINT1072",2,2,1.0000,0,0.0000,0,0,0,0,0,0,0
"MintATM","MINT1073",1,1,1.0000,0,0.0000,0,0,0,0,0,0,0
"MintATM","MINT1074",4,4,1.0000,0,0.0000,0,0,0,0,0,0,0
"MintATM","MINT1075",6,6,1.0000,0,0.0000,0,0,0,0,0,0,0
"MintATM","MINT1076",5,3,0.6000,2,0.4000,0,0,0,0,0,0,2
"MintATM","MINT1083",4,4,1.0000,0,0.0000,0,0,0,0,0,0,0
"MintATM","MINT3000",11,10,0.9090,1,0.0909,0,0,0,0,0,0,1
"MintATM","MINT4000",15,14,0.9333,1,0.0666,1,0,0,0,0,0,0
"MintATM","MINT4003",7,5,0.7142,2,0.2857,1,0,1,0,0,0,0
"MintATM","MINT4005",15,14,0.9333,1,0.0666,1,0,0,0,0,0,0
"MintATM","MINT4009",50,42,0.8400,8,0.1600,5,0,3,0,0,0,0
"MintATM","MINT4010",45,39,0.8666,6,0.1333,5,0,0,0,0,0,1
"MintATM","MINT4012",1,1,1.0000,0,0.0000,0,0,0,0,0,0,0
"MintATM","MINT4014",16,14,0.8750,2,0.1250,0,1,1,0,0,0,0
"MintATM","MINT4015",24,22,0.9166,2,0.0833,2,0,0,0,0,0,0
"MintATM","MINT4020",6,6,1.0000,0,0.0000,0,0,0,0,0,0,0
"MintATM","MINT4022",43,34,0.7906,9,0.2093,6,1,0,0,0,0,2
"MintATM","MINT4023",6,6,1.0000,0,0.0000,0,0,0,0,0,0,0
"MintATM","MINT4024",30,26,0.8666,4,0.1333,0,0,4,0,0,0,0
"MintATM","MINT4026",3,3,1.0000,0,0.0000,0,0,0,0,0,0,0
"MintATM","MINT4028",1,1,1.0000,0,0.0000,0,0,0,0,0,0,0
"MintATM","MINT4030",2,2,1.0000,0,0.0000,0,0,0,0,0,0,0
"MintATM","MINT5001",9,6,0.6666,3,0.3333,0,0,0,0,0,0,3
"MintATM","MINT5002",2,2,1.0000,0,0.0000,0,0,0,0,0,0,0
"MintATM","MINTHI11",2,2,1.0000,0,0.0000,0,0,0,0,0,0,0
"MintATM","MINTHI21",2,2,1.0000,0,0.0000,0,0,0,0,0,0,0
"MintATM","MINTHI31",4,4,1.0000,0,0.0000,0,0,0,0,0,0,0
"MintATM","MINTHI41",2,2,1.0000,0,0.0000,0,0,0,0,0,0,0
"MintATM","MINTHI51",3,2,0.6666,1,0.3333,1,0,0,0,0,0,0
"MintATM","MINTHI61",2,2,1.0000,0,0.0000,0,0,0,0,0,0,0
"MintATM","MINTHI62",15,15,1.0000,0,0.0000,0,0,0,0,0,0,0
"MintATM","MINTHI71",4,4,1.0000,0,0.0000,0,0,0,0,0,0,0
"MintATM","MINTPLB1",10,8,0.8000,2,0.2000,2,0,0,0,0,0,0
"MintATM","MINTPLB2",12,12,1.0000,0,0.0000,0,0,0,0,0,0,0
"MintATM","MINTPLB3",9,8,0.8888,1,0.1111,1,0,0,0,0,0,0
"MintATM","MINTPLB4",11,10,0.9090,1,0.0909,0,0,1,0,0,0,0
"MintATM","MINTPLB5",17,17,1.0000,0,0.0000,0,0,0,0,0,0,0
"MintATM","MINTPMH1",1,1,1.0000,0,0.0000,0,0,0,0,0,0,0
"MintATM","MINTPMH2",5,4,0.8000,1,0.2000,0,1,0,0,0,0,0
"MintATM","MINTPMH3",3,2,0.6666,1,0.3333,1,0,0,0,0,0,0
"MintATM","TNS5GBZ3",1,1,1.0000,0,0.0000,0,0,0,0,0,0,0
