"RocketReports","MINT0009",48,5041,5108,4040.0000,108.0000,35,9,0,2,2,0,0,0.0000,"20210501"
"RocketReports","MINT0010",5,548,552,460.0000,11.2500,4,0,1,0,0,0,0,0.0000,"20210501"
"RocketReports","MINT0026",3,1757,1759,480.0000,9.0000,2,0,0,0,1,0,0,0.0000,"20210501"
"RocketReports","MINT0028",4,9761,9765,1300.0000,15.0000,1,2,0,0,1,0,0,0.0000,"20210501"
"RocketReports","MINT0032",9,4967,4975,1440.0000,20.2500,9,0,0,0,0,0,0,0.0000,"20210501"
"RocketReports","MINT0034",12,6208,6219,1400.0000,27.0000,9,0,2,1,0,0,0,0.0000,"20210501"
"RocketReports","MINT0041",6,1414,1421,480.0000,13.5000,4,2,0,0,0,0,0,0.0000,"20210501"
"RocketReports","MINT0042",8,3502,3509,980.0000,28.0000,7,0,0,1,0,0,0,0.0000,"20210501"
"RocketReports","MINT0044",4,1854,1858,1180.0000,12.0000,4,0,0,0,0,0,0,0.0000,"20210501"
"RocketReports","MINT0050",4,5928,5931,620.0000,12.0000,3,1,0,0,0,0,0,0.0000,"20210501"
"RocketReports","MINT0051",2,1771,1772,500.0000,7.0000,2,0,0,0,0,0,0,0.0000,"20210501"
"RocketReports","MINT0054",4,5023,5027,280.0000,15.0000,3,0,0,1,0,0,0,0.0000,"20210501"
"RocketReports","MINT0055",1,4614,4614,100.0000,3.5000,1,0,0,0,0,0,0,0.0000,"20210501"
"RocketReports","MINT0056",6,1536,1543,1120.0000,22.5000,6,0,0,0,0,0,0,0.0000,"20210501"
"RocketReports","MINT0058",3,9170,9172,240.0000,6.0000,2,1,0,0,0,0,0,0.0000,"20210501"
"RocketReports","MINT0059",5,980,987,620.0000,13.7500,4,0,0,1,0,0,0,0.0000,"20210501"
"RocketReports","MINT0065",1,6382,6382,200.0000,3.5000,1,0,0,0,0,0,0,0.0000,"20210501"
"RocketReports","MINT0067",2,7388,7389,320.0000,8.0000,0,0,0,0,2,0,0,0.0000,"20210501"
"RocketReports","MINT0069",76,6522,6601,6220.0000,152.0000,66,7,0,2,1,0,0,0.0000,"20210501"
"RocketReports","MINT0106",2,6656,6657,400.0000,6.0000,1,0,1,0,0,0,0,0.0000,"20210501"
"RocketReports","MINT0107",8,1740,1750,320.0000,24.0000,6,0,2,0,0,0,0,0.0000,"20210501"
"RocketReports","MINT0108",5,684,688,700.0000,15.0000,4,1,0,0,0,0,0,0.0000,"20210501"
"RocketReports","MINT0109",4,9349,9352,340.0000,12.0000,4,0,0,0,0,0,0,0.0000,"20210501"
"RocketReports","MINT0110",5,6918,6922,480.0000,15.0000,3,2,0,0,0,0,0,0.0000,"20210501"
"RocketReports","MINT0112",12,2917,2928,1080.0000,33.0000,8,2,2,0,0,0,0,0.0000,"20210501"
"RocketReports","MINT0116",2,3513,3514,300.0000,6.0000,1,0,1,0,0,0,0,0.0000,"20210501"
"RocketReports","MINT0118",4,3809,3812,540.0000,14.0000,4,0,0,0,0,0,0,0.0000,"20210501"
"RocketReports","MINT0120",1,2248,2248,80.0000,3.5000,1,0,0,0,0,0,0,0.0000,"20210501"
"RocketReports","MINT0121",11,512,523,1120.0000,33.0000,11,0,0,0,0,0,0,0.0000,"20210501"
"RocketReports","MINT0125",3,9791,9794,480.0000,9.0000,1,0,2,0,0,0,0,0.0000,"20210501"
"RocketReports","MINT0126",2,91,93,300.0000,6.0000,1,0,1,0,0,0,0,0.0000,"20210501"
"RocketReports","MINT0127",7,383,391,940.0000,21.0000,7,0,0,0,0,0,0,0.0000,"20210501"
"RocketReports","MINT0130",1,27,27,100.0000,2.0000,1,0,0,0,0,0,0,0.0000,"20210501"
"RocketReports","MINT0131",2,606,607,220.0000,4.0000,0,2,0,0,0,0,0,0.0000,"20210501"
"RocketReports","MINT0133",5,2554,2558,520.0000,15.0000,5,0,0,0,0,0,0,0.0000,"20210501"
"RocketReports","MINT0135",3,192,195,440.0000,9.0000,1,0,2,0,0,0,0,0.0000,"20210501"
"RocketReports","MINT0137",13,3170,3182,1480.0000,39.0000,10,2,1,0,0,0,0,0.0000,"20210501"
"RocketReports","MINT0138",3,117,119,1000.0000,9.0000,2,0,1,0,0,0,0,0.0000,"20210501"
"RocketReports","MINT0142",1,350,350,160.0000,3.9500,1,0,0,0,0,0,0,0.0000,"20210501"
"RocketReports","MINT0144",3,1019,1021,160.0000,9.0000,1,2,0,0,0,0,0,0.0000,"20210501"
"RocketReports","MINT0145",1,856,858,120.0000,3.0000,0,1,0,0,0,0,0,0.0000,"20210501"
"RocketReports","MINT0152",2,1718,1719,40.0000,6.0000,2,0,0,0,0,0,0,0.0000,"20210501"
"RocketReports","MINT0153",1,745,745,120.0000,3.0000,1,0,0,0,0,0,0,0.0000,"20210501"
"RocketReports","MINT0154",7,5102,5108,1220.0000,19.2500,7,0,0,0,0,0,0,0.0000,"20210501"
"RocketReports","MINT0157",1,445,445,20.0000,2.5000,1,0,0,0,0,0,0,0.0000,"20210501"
"RocketReports","MINT0160",1,1278,1278,80.0000,3.0000,1,0,0,0,0,0,0,0.0000,"20210501"
"RocketReports","MINT0207",1,9990,9990,40.0000,3.0000,1,0,0,0,0,0,0,0.0000,"20210501"
"RocketReports","MINT0208",2,293,294,200.0000,6.0000,0,2,0,0,0,0,0,0.0000,"20210501"
"RocketReports","MINT0209",3,5310,5312,180.0000,9.0000,2,1,0,0,0,0,0,0.0000,"20210501"
"RocketReports","MINT0305",2,423,424,520.0000,6.0000,2,0,0,0,0,0,0,0.0000,"20210501"
"RocketReports","MINT0351",2,1451,1452,200.0000,8.0000,2,0,0,0,0,0,0,0.0000,"20210501"
"RocketReports","MINT0353",7,4938,4944,560.0000,26.2500,4,0,0,3,0,0,0,0.0000,"20210501"
"RocketReports","MINT0355",2,2249,2250,220.0000,7.6000,2,0,0,0,0,0,0,0.0000,"20210501"
"RocketReports","MINT0357",2,884,885,580.0000,7.5000,2,0,0,0,0,0,0,0.0000,"20210501"
"RocketReports","MINT0358",8,1945,1954,940.0000,30.0000,7,1,0,0,0,0,0,0.0000,"20210501"
"RocketReports","MINT0360",1,1203,1203,100.0000,3.7500,1,0,0,0,0,0,0,0.0000,"20210501"
"RocketReports","MINT0400",1,1265,1265,40.0000,2.9500,1,0,0,0,0,0,0,0.0000,"20210501"
"RocketReports","MINT0401",1,3807,3807,20.0000,2.9500,1,0,0,0,0,0,0,0.0000,"20210501"
"RocketReports","MINT0402",6,2940,2945,560.0000,17.7000,6,0,0,0,0,0,0,0.0000,"20210501"
"RocketReports","MINT0403",3,3531,3533,240.0000,8.8500,2,0,1,0,0,0,0,0.0000,"20210501"
"RocketReports","MINT0404",1,376,376,80.0000,3.0000,1,0,0,0,0,0,0,0.0000,"20210501"
"RocketReports","MINT0411",2,1175,1176,380.0000,6.5000,0,1,1,0,0,0,0,0.0000,"20210501"
"RocketReports","MINT0413",1,198,198,60.0000,2.5000,1,0,0,0,0,0,0,0.0000,"20210501"
"RocketReports","MINT0494",2,610,611,300.0000,6.0000,2,0,0,0,0,0,0,0.0000,"20210501"
"RocketReports","MINT0495",1,4244,4244,40.0000,3.0000,1,0,0,0,0,0,0,0.0000,"20210501"
"RocketReports","MINT0496",8,550,557,460.0000,24.0000,6,2,0,0,0,0,0,0.0000,"20210501"
"RocketReports","MINT0497",13,8331,8344,1460.0000,39.0000,9,3,1,0,0,0,0,0.0000,"20210501"
"RocketReports","MINT0504",4,5698,5701,180.0000,10.0000,4,0,0,0,0,0,0,0.0000,"20210501"
"RocketReports","MINT0508",65,9985,54,5760.0000,195.0000,56,5,2,0,2,0,0,0.0000,"20210501"
"RocketReports","MINT0519",1,6682,6682,40.0000,3.0000,1,0,0,0,0,0,0,0.0000,"20210501"
"RocketReports","MINT0527",7,2042,2048,320.0000,21.0000,7,0,0,0,0,0,0,0.0000,"20210501"
"RocketReports","MINT0531",11,9703,9714,520.0000,11.0000,11,0,0,0,0,0,0,0.0000,"20210501"
"RocketReports","MINT0532",15,9888,9903,1080.0000,45.0000,15,0,0,0,0,0,0,0.0000,"20210501"
"RocketReports","MINT0533",3,9538,9541,220.0000,9.0000,3,0,0,0,0,0,0,0.0000,"20210501"
"RocketReports","MINT0534",4,3615,3619,660.0000,12.0000,4,0,0,0,0,0,0,0.0000,"20210501"
"RocketReports","MINT0539",3,7940,7942,140.0000,4.5000,3,0,0,0,0,0,0,0.0000,"20210501"
"RocketReports","MINT0542",1,3774,3774,60.0000,3.0000,0,1,0,0,0,0,0,0.0000,"20210501"
"RocketReports","MINT0543",2,4129,4130,300.0000,5.0000,2,0,0,0,0,0,0,0.0000,"20210501"
"RocketReports","MINT0545",1,2617,2617,400.0000,3.0000,1,0,0,0,0,0,0,0.0000,"20210501"
"RocketReports","MINT0546",7,2886,2892,380.0000,21.0000,7,0,0,0,0,0,0,0.0000,"20210501"
"RocketReports","MINT0550",23,5702,5725,1920.0000,69.0000,16,6,0,1,0,0,0,0.0000,"20210501"
"RocketReports","MINT0554",2,1630,1631,160.0000,6.0000,2,0,0,0,0,0,0,0.0000,"20210501"
"RocketReports","MINT0555",1,6590,6590,200.0000,3.0000,1,0,0,0,0,0,0,0.0000,"20210501"
"RocketReports","MINT0557",10,3506,3516,440.0000,30.0000,9,1,0,0,0,0,0,0.0000,"20210501"
"RocketReports","MINT0559",6,6483,6488,340.0000,18.0000,6,0,0,0,0,0,0,0.0000,"20210501"
"RocketReports","MINT0561",10,7286,7296,660.0000,30.0000,10,0,0,0,0,0,0,0.0000,"20210501"
"RocketReports","MINT0562",3,2345,2347,240.0000,7.5000,3,0,0,0,0,0,0,0.0000,"20210501"
"RocketReports","MINT0563",4,6002,6006,900.0000,10.0000,4,0,0,0,0,0,0,0.0000,"20210501"
"RocketReports","MINT0564",5,8644,8648,400.0000,12.5000,5,0,0,0,0,0,0,0.0000,"20210501"
"RocketReports","MINT0567",8,8357,8366,1920.0000,20.0000,7,0,0,1,0,0,0,0.0000,"20210501"
"RocketReports","MINT0569",10,1289,1298,1800.0000,25.0000,5,3,1,0,0,0,1,0.0000,"20210501"
"RocketReports","MINT0570",6,8611,8616,840.0000,15.0000,4,1,0,0,0,0,1,0.0000,"20210501"
"RocketReports","MINT0571",2,4259,4260,260.0000,5.0000,1,1,0,0,0,0,0,0.0000,"20210501"
"RocketReports","MINT0572",8,6767,6774,760.0000,24.0000,5,1,1,1,0,0,0,0.0000,"20210501"
"RocketReports","MINT0574",4,9915,9918,600.0000,12.0000,4,0,0,0,0,0,0,0.0000,"20210501"
"RocketReports","MINT0581",1,4080,4080,100.0000,3.0000,0,1,0,0,0,0,0,0.0000,"20210501"
"RocketReports","MINT0582",1,6819,6819,20.0000,3.0000,1,0,0,0,0,0,0,0.0000,"20210501"
"RocketReports","MINT0584",3,5813,5815,160.0000,7.5000,2,1,0,0,0,0,0,0.0000,"20210501"
"RocketReports","MINT0585",1,5083,5083,40.0000,0.0000,1,0,0,0,0,0,0,0.0000,"20210501"
"RocketReports","MINT0588",1,3325,3325,80.0000,3.0000,0,0,1,0,0,0,0,0.0000,"20210501"
"RocketReports","MINT0592",4,5878,5882,200.0000,12.0000,4,0,0,0,0,0,0,0.0000,"20210501"
"RocketReports","MINT0593",4,786,789,200.0000,12.0000,4,0,0,0,0,0,0,0.0000,"20210501"
"RocketReports","MINT0594",4,5446,5449,320.0000,12.0000,4,0,0,0,0,0,0,0.0000,"20210501"
"RocketReports","MINT0595",7,6578,6585,320.0000,21.0000,7,0,0,0,0,0,0,0.0000,"20210501"
"RocketReports","MINT0596",16,8480,8497,840.0000,48.0000,15,0,1,0,0,0,0,0.0000,"20210501"
"RocketReports","MINT0599",25,2792,2817,2660.0000,75.0000,20,2,1,2,0,0,0,0.0000,"20210501"
"RocketReports","MINT0712",1,3707,3708,20.0000,3.0000,0,1,0,0,0,0,0,0.0000,"20210501"
"RocketReports","MINT0900",1,541,541,40.0000,3.0000,0,1,0,0,0,0,0,0.0000,"20210501"
"RocketReports","MINT0901",3,1560,1562,280.0000,9.0000,3,0,0,0,0,0,0,0.0000,"20210501"
"RocketReports","MINT0902",1,812,812,100.0000,3.0000,1,0,0,0,0,0,0,0.0000,"20210501"
"RocketReports","MINT0904",0,1,1,0.0000,0.0000,0,0,0,0,0,0,0,0.0000,"20210501"
"RocketReports","MINT0906",2,3022,3023,180.0000,6.0000,2,0,0,0,0,0,0,0.0000,"20210501"
"RocketReports","MINT0908",1,336,336,400.0000,3.0000,0,1,0,0,0,0,0,0.0000,"20210501"
"RocketReports","MINT0909",2,203,204,240.0000,6.0000,1,1,0,0,0,0,0,0.0000,"20210501"
"RocketReports","MINT0910",1,811,811,220.0000,3.0000,1,0,0,0,0,0,0,0.0000,"20210501"
"RocketReports","MINT0912",1,2075,2075,100.0000,3.0000,1,0,0,0,0,0,0,0.0000,"20210501"
"RocketReports","MINT0913",4,473,476,900.0000,12.0000,1,3,0,0,0,0,0,0.0000,"20210501"
"RocketReports","MINT0914",2,927,929,80.0000,6.0000,2,0,0,0,0,0,0,0.0000,"20210501"
"RocketReports","MINT0916",5,539,543,600.0000,15.0000,5,0,0,0,0,0,0,0.0000,"20210501"
"RocketReports","MINT0918",1,331,331,20.0000,3.0000,1,0,0,0,0,0,0,0.0000,"20210501"
"RocketReports","MINT0920",5,362,367,720.0000,15.0000,5,0,0,0,0,0,0,0.0000,"20210501"
"RocketReports","MINT0922",7,1160,1166,520.0000,21.0000,7,0,0,0,0,0,0,0.0000,"20210501"
"RocketReports","MINT0923",1,191,193,300.0000,3.0000,1,0,0,0,0,0,0,0.0000,"20210501"
"RocketReports","MINT1012",4,3488,3491,340.0000,7.8000,4,0,0,0,0,0,0,0.0000,"20210501"
"RocketReports","MINT1016",29,5308,5336,1880.0000,87.0000,26,2,0,1,0,0,0,0.0000,"20210501"
"RocketReports","MINT1017",1,60,60,300.0000,3.0000,1,0,0,0,0,0,0,0.0000,"20210501"
"RocketReports","MINT1041",8,1439,1447,980.0000,20.0000,5,3,0,0,0,0,0,0.0000,"20210501"
"RocketReports","MINT1050",3,2490,2492,500.0000,9.0000,3,0,0,0,0,0,0,0.0000,"20210501"
"RocketReports","MINT1062",1,42,42,100.0000,3.5000,1,0,0,0,0,0,0,0.0000,"20210501"
"RocketReports","MINT1063",39,7958,7996,3740.0000,117.0000,33,4,2,0,0,0,0,0.0000,"20210501"
"RocketReports","MINT1069",2,110,111,160.0000,6.0000,2,0,0,0,0,0,0,0.0000,"20210501"
"RocketReports","MINT1071",1,83,83,40.0000,3.0000,1,0,0,0,0,0,0,0.0000,"20210501"
"RocketReports","MINT1073",7,2338,2345,440.0000,21.0000,2,1,3,1,0,0,0,0.0000,"20210501"
"RocketReports","MINT1074",5,1045,1049,340.0000,13.7500,5,0,0,0,0,0,0,0.0000,"20210501"
"RocketReports","MINT1075",9,3911,3921,1240.0000,27.0000,3,4,1,1,0,0,0,0.0000,"20210501"
"RocketReports","MINT1076",6,2161,2167,380.0000,18.0000,6,0,0,0,0,0,0,0.0000,"20210501"
"RocketReports","MINT1077",1,568,568,120.0000,3.0000,1,0,0,0,0,0,0,0.0000,"20210501"
"RocketReports","MINT1081",1,114,114,120.0000,3.0000,0,0,1,0,0,0,0,0.0000,"20210501"
"RocketReports","MINT1083",4,253,256,640.0000,12.0000,3,0,0,1,0,0,0,0.0000,"20210501"
"RocketReports","MINT3000",6,3336,3341,180.0000,24.0000,6,0,0,0,0,0,0,0.0000,"20210501"
"RocketReports","MINT3001",4,1852,1856,140.0000,10.0000,3,0,1,0,0,0,0,0.0000,"20210501"
"RocketReports","MINT4001",5,1772,1777,580.0000,15.0000,3,0,1,1,0,0,0,0.0000,"20210501"
"RocketReports","MINT4003",31,911,943,3780.0000,93.0000,28,3,0,0,0,0,0,0.0000,"20210501"
"RocketReports","MINT4014",28,6555,6582,4980.0000,84.0000,17,7,0,4,0,0,0,0.0000,"20210501"
"RocketReports","MINT4015",1,5443,5443,200.0000,3.0000,1,0,0,0,0,0,0,0.0000,"20210501"
"RocketReports","MINT4018",2,5,6,80.0000,6.0000,2,0,0,0,0,0,0,0.0000,"20210501"
"RocketReports","MINT4028",1,483,483,100.0000,3.0000,1,0,0,0,0,0,0,0.0000,"20210501"
"RocketReports","MINT4031",13,2526,2540,1280.0000,26.0000,12,1,0,0,0,0,0,0.0000,"20210501"
"RocketReports","MINT4033",9,550,558,600.0000,27.0000,8,0,0,1,0,0,0,0.0000,"20210501"
"RocketReports","MINT5001",13,2393,2406,2420.0000,22.7500,12,1,0,0,0,0,0,0.0000,"20210501"
"RocketReports","MINT5002",7,455,462,1240.0000,17.5000,3,3,0,1,0,0,0,0.0000,"20210501"
"RocketReports","MINT5007",1,87,87,240.0000,3.0000,1,0,0,0,0,0,0,0.0000,"20210501"
"RocketReports","MINTHI11",2,614,615,140.0000,6.0000,1,1,0,0,0,0,0,0.0000,"20210501"
"RocketReports","MINTHI31",1,2167,2167,60.0000,3.0000,1,0,0,0,0,0,0,0.0000,"20210501"
"RocketReports","MINTHI32",1,43,43,200.0000,3.0000,1,0,0,0,0,0,0,0.0000,"20210501"
"RocketReports","MINTHI51",1,2855,2855,60.0000,3.0000,0,1,0,0,0,0,0,0.0000,"20210501"
"RocketReports","MINTHI61",2,436,437,420.0000,6.0000,1,1,0,0,0,0,0,0.0000,"20210501"
"RocketReports","MINTHI62",12,1960,1971,1440.0000,36.0000,10,2,0,0,0,0,0,0.0000,"20210501"
"RocketReports","MINTHI71",4,3827,3830,460.0000,12.0000,4,0,0,0,0,0,0,0.0000,"20210501"
"RocketReports","MINTPLB2",3,668,672,540.0000,9.0000,2,0,1,0,0,0,0,0.0000,"20210501"
"RocketReports","MINTPLB3",8,848,857,740.0000,24.0000,5,0,2,0,0,0,1,0.0000,"20210501"
"RocketReports","MINTPLB4",9,446,455,940.0000,27.0000,7,1,1,0,0,0,0,0.0000,"20210501"
"RocketReports","MINTPLB5",8,1140,1148,1080.0000,24.0000,4,3,0,1,0,0,0,0.0000,"20210501"
"RocketReports","MINTPMH1",1,365,365,300.0000,3.0000,1,0,0,0,0,0,0,0.0000,"20210501"
"RocketReports","MINTPMH2",2,458,459,80.0000,6.0000,1,1,0,0,0,0,0,0.0000,"20210501"
"RocketReports","MINTPMH3",1,156,156,20.0000,3.0000,0,1,0,0,0,0,0,0.0000,"20210501"
"RocketReports","TNS5GBZ3",18,3590,3608,1980.0000,54.0000,15,3,0,0,0,0,0,0.0000,"20210501"
"RocketReports","TNS5GBZ4",3,8381,8383,380.0000,10.5000,3,0,0,0,0,0,0,0.0000,"20210501"
