"RocketReports","MINT0009",68,48,0.7058,20,0.2941,18,1,0,0,0,0,1
"RocketReports","MINT0010",5,5,1.0000,0,0.0000,0,0,0,0,0,0,0
"RocketReports","MINT0026",3,3,1.0000,0,0.0000,0,0,0,0,0,0,0
"RocketReports","MINT0028",5,4,0.8000,1,0.2000,1,0,0,0,0,0,0
"RocketReports","MINT0032",9,9,1.0000,0,0.0000,0,0,0,0,0,0,0
"RocketReports","MINT0034",12,12,1.0000,0,0.0000,0,0,0,0,0,0,0
"RocketReports","MINT0041",8,6,0.7500,2,0.2500,0,0,0,0,0,0,2
"RocketReports","MINT0042",8,8,1.0000,0,0.0000,0,0,0,0,0,0,0
"RocketReports","MINT0044",5,4,0.8000,1,0.2000,0,0,0,0,0,1,0
"RocketReports","MINT0050",4,4,1.0000,0,0.0000,0,0,0,0,0,0,0
"RocketReports","MINT0051",2,2,1.0000,0,0.0000,0,0,0,0,0,0,0
"RocketReports","MINT0054",5,4,0.8000,1,0.2000,0,0,0,0,0,0,1
"RocketReports","MINT0055",1,1,1.0000,0,0.0000,0,0,0,0,0,0,0
"RocketReports","MINT0056",8,6,0.7500,2,0.2500,0,0,0,0,0,0,2
"RocketReports","MINT0058",3,3,1.0000,0,0.0000,0,0,0,0,0,0,0
"RocketReports","MINT0059",8,5,0.6250,3,0.3750,1,2,0,0,0,0,0
"RocketReports","MINT0065",1,1,1.0000,0,0.0000,0,0,0,0,0,0,0
"RocketReports","MINT0067",2,2,1.0000,0,0.0000,0,0,0,0,0,0,0
"RocketReports","MINT0069",80,76,0.9500,4,0.0500,1,1,0,0,0,0,2
"RocketReports","MINT0106",2,2,1.0000,0,0.0000,0,0,0,0,0,0,0
"RocketReports","MINT0107",11,8,0.7272,3,0.2727,1,1,0,0,0,1,0
"RocketReports","MINT0108",5,5,1.0000,0,0.0000,0,0,0,0,0,0,0
"RocketReports","MINT0109",4,4,1.0000,0,0.0000,0,0,0,0,0,0,0
"RocketReports","MINT0110",5,5,1.0000,0,0.0000,0,0,0,0,0,0,0
"RocketReports","MINT0112",12,12,1.0000,0,0.0000,0,0,0,0,0,0,0
"RocketReports","MINT0116",2,2,1.0000,0,0.0000,0,0,0,0,0,0,0
"RocketReports","MINT0118",4,4,1.0000,0,0.0000,0,0,0,0,0,0,0
"RocketReports","MINT0120",1,1,1.0000,0,0.0000,0,0,0,0,0,0,0
"RocketReports","MINT0121",12,11,0.9166,1,0.0833,1,0,0,0,0,0,0
"RocketReports","MINT0125",4,3,0.7500,1,0.2500,1,0,0,0,0,0,0
"RocketReports","MINT0126",3,2,0.6666,1,0.3333,1,0,0,0,0,0,0
"RocketReports","MINT0127",9,7,0.7777,2,0.2222,2,0,0,0,0,0,0
"RocketReports","MINT0130",1,1,1.0000,0,0.0000,0,0,0,0,0,0,0
"RocketReports","MINT0131",2,2,1.0000,0,0.0000,0,0,0,0,0,0,0
"RocketReports","MINT0133",5,5,1.0000,0,0.0000,0,0,0,0,0,0,0
"RocketReports","MINT0135",4,3,0.7500,1,0.2500,0,0,1,0,0,0,0
"RocketReports","MINT0137",13,13,1.0000,0,0.0000,0,0,0,0,0,0,0
"RocketReports","MINT0138",3,3,1.0000,0,0.0000,0,0,0,0,0,0,0
"RocketReports","MINT0142",1,1,1.0000,0,0.0000,0,0,0,0,0,0,0
"RocketReports","MINT0144",3,3,1.0000,0,0.0000,0,0,0,0,0,0,0
"RocketReports","MINT0145",3,1,0.3333,2,0.6666,1,0,0,0,0,0,1
"RocketReports","MINT0152",2,2,1.0000,0,0.0000,0,0,0,0,0,0,0
"RocketReports","MINT0153",1,1,1.0000,0,0.0000,0,0,0,0,0,0,0
"RocketReports","MINT0154",7,7,1.0000,0,0.0000,0,0,0,0,0,0,0
"RocketReports","MINT0157",1,1,1.0000,0,0.0000,0,0,0,0,0,0,0
"RocketReports","MINT0160",1,1,1.0000,0,0.0000,0,0,0,0,0,0,0
"RocketReports","MINT0207",1,1,1.0000,0,0.0000,0,0,0,0,0,0,0
"RocketReports","MINT0208",2,2,1.0000,0,0.0000,0,0,0,0,0,0,0
"RocketReports","MINT0209",3,3,1.0000,0,0.0000,0,0,0,0,0,0,0
"RocketReports","MINT0305",2,2,1.0000,0,0.0000,0,0,0,0,0,0,0
"RocketReports","MINT0351",2,2,1.0000,0,0.0000,0,0,0,0,0,0,0
"RocketReports","MINT0353",7,7,1.0000,0,0.0000,0,0,0,0,0,0,0
"RocketReports","MINT0355",2,2,1.0000,0,0.0000,0,0,0,0,0,0,0
"RocketReports","MINT0357",2,2,1.0000,0,0.0000,0,0,0,0,0,0,0
"RocketReports","MINT0358",9,8,0.8888,1,0.1111,0,0,0,0,0,1,0
"RocketReports","MINT0360",1,1,1.0000,0,0.0000,0,0,0,0,0,0,0
"RocketReports","MINT0400",1,1,1.0000,0,0.0000,0,0,0,0,0,0,0
"RocketReports","MINT0401",1,1,1.0000,0,0.0000,0,0,0,0,0,0,0
"RocketReports","MINT0402",6,6,1.0000,0,0.0000,0,0,0,0,0,0,0
"RocketReports","MINT0403",3,3,1.0000,0,0.0000,0,0,0,0,0,0,0
"RocketReports","MINT0404",1,1,1.0000,0,0.0000,0,0,0,0,0,0,0
"RocketReports","MINT0411",2,2,1.0000,0,0.0000,0,0,0,0,0,0,0
"RocketReports","MINT0413",1,1,1.0000,0,0.0000,0,0,0,0,0,0,0
"RocketReports","MINT0494",2,2,1.0000,0,0.0000,0,0,0,0,0,0,0
"RocketReports","MINT0495",1,1,1.0000,0,0.0000,0,0,0,0,0,0,0
"RocketReports","MINT0496",8,8,1.0000,0,0.0000,0,0,0,0,0,0,0
"RocketReports","MINT0497",14,13,0.9285,1,0.0714,0,1,0,0,0,0,0
"RocketReports","MINT0504",4,4,1.0000,0,0.0000,0,0,0,0,0,0,0
"RocketReports","MINT0508",67,65,0.9701,2,0.0298,1,0,0,0,0,0,1
"RocketReports","MINT0519",1,1,1.0000,0,0.0000,0,0,0,0,0,0,0
"RocketReports","MINT0527",7,7,1.0000,0,0.0000,0,0,0,0,0,0,0
"RocketReports","MINT0531",12,11,0.9166,1,0.0833,1,0,0,0,0,0,0
"RocketReports","MINT0532",16,15,0.9375,1,0.0625,0,1,0,0,0,0,0
"RocketReports","MINT0533",4,3,0.7500,1,0.2500,0,0,0,0,0,0,1
"RocketReports","MINT0534",5,4,0.8000,1,0.2000,0,1,0,0,0,0,0
"RocketReports","MINT0539",3,3,1.0000,0,0.0000,0,0,0,0,0,0,0
"RocketReports","MINT0542",1,1,1.0000,0,0.0000,0,0,0,0,0,0,0
"RocketReports","MINT0543",2,2,1.0000,0,0.0000,0,0,0,0,0,0,0
"RocketReports","MINT0545",1,1,1.0000,0,0.0000,0,0,0,0,0,0,0
"RocketReports","MINT0546",7,7,1.0000,0,0.0000,0,0,0,0,0,0,0
"RocketReports","MINT0550",24,23,0.9583,1,0.0416,0,0,0,0,0,0,1
"RocketReports","MINT0554",2,2,1.0000,0,0.0000,0,0,0,0,0,0,0
"RocketReports","MINT0555",1,1,1.0000,0,0.0000,0,0,0,0,0,0,0
"RocketReports","MINT0557",11,10,0.9090,1,0.0909,0,1,0,0,0,0,0
"RocketReports","MINT0559",6,6,1.0000,0,0.0000,0,0,0,0,0,0,0
"RocketReports","MINT0561",11,10,0.9090,1,0.0909,1,0,0,0,0,0,0
"RocketReports","MINT0562",3,3,1.0000,0,0.0000,0,0,0,0,0,0,0
"RocketReports","MINT0563",5,4,0.8000,1,0.2000,0,0,1,0,0,0,0
"RocketReports","MINT0564",5,5,1.0000,0,0.0000,0,0,0,0,0,0,0
"RocketReports","MINT0567",10,8,0.8000,2,0.2000,0,1,0,0,0,0,1
"RocketReports","MINT0569",10,10,1.0000,0,0.0000,0,0,0,0,0,0,0
"RocketReports","MINT0570",6,6,1.0000,0,0.0000,0,0,0,0,0,0,0
"RocketReports","MINT0571",2,2,1.0000,0,0.0000,0,0,0,0,0,0,0
"RocketReports","MINT0572",8,8,1.0000,0,0.0000,0,0,0,0,0,0,0
"RocketReports","MINT0574",4,4,1.0000,0,0.0000,0,0,0,0,0,0,0
"RocketReports","MINT0581",1,1,1.0000,0,0.0000,0,0,0,0,0,0,0
"RocketReports","MINT0582",1,1,1.0000,0,0.0000,0,0,0,0,0,0,0
"RocketReports","MINT0584",3,3,1.0000,0,0.0000,0,0,0,0,0,0,0
"RocketReports","MINT0585",1,1,1.0000,0,0.0000,0,0,0,0,0,0,0
"RocketReports","MINT0588",1,1,1.0000,0,0.0000,0,0,0,0,0,0,0
"RocketReports","MINT0592",5,4,0.8000,1,0.2000,0,0,0,0,0,0,1
"RocketReports","MINT0593",4,4,1.0000,0,0.0000,0,0,0,0,0,0,0
"RocketReports","MINT0594",4,4,1.0000,0,0.0000,0,0,0,0,0,0,0
"RocketReports","MINT0595",8,7,0.8750,1,0.1250,1,0,0,0,0,0,0
"RocketReports","MINT0596",18,16,0.8888,2,0.1111,1,1,0,0,0,0,0
"RocketReports","MINT0599",26,25,0.9615,1,0.0384,1,0,0,0,0,0,0
"RocketReports","MINT0712",2,1,0.5000,1,0.5000,0,0,0,0,0,1,0
"RocketReports","MINT0900",1,1,1.0000,0,0.0000,0,0,0,0,0,0,0
"RocketReports","MINT0901",3,3,1.0000,0,0.0000,0,0,0,0,0,0,0
"RocketReports","MINT0902",1,1,1.0000,0,0.0000,0,0,0,0,0,0,0
"RocketReports","MINT0904",1,0,0.0000,1,1.0000,0,1,0,0,0,0,0
"RocketReports","MINT0906",2,2,1.0000,0,0.0000,0,0,0,0,0,0,0
"RocketReports","MINT0908",1,1,1.0000,0,0.0000,0,0,0,0,0,0,0
"RocketReports","MINT0909",2,2,1.0000,0,0.0000,0,0,0,0,0,0,0
"RocketReports","MINT0910",1,1,1.0000,0,0.0000,0,0,0,0,0,0,0
"RocketReports","MINT0912",1,1,1.0000,0,0.0000,0,0,0,0,0,0,0
"RocketReports","MINT0913",4,4,1.0000,0,0.0000,0,0,0,0,0,0,0
"RocketReports","MINT0914",3,2,0.6666,1,0.3333,0,0,0,0,0,1,0
"RocketReports","MINT0916",5,5,1.0000,0,0.0000,0,0,0,0,0,0,0
"RocketReports","MINT0918",1,1,1.0000,0,0.0000,0,0,0,0,0,0,0
"RocketReports","MINT0920",6,5,0.8333,1,0.1666,0,0,0,0,0,0,1
"RocketReports","MINT0922",7,7,1.0000,0,0.0000,0,0,0,0,0,0,0
"RocketReports","MINT0923",3,1,0.3333,2,0.6666,0,0,2,0,0,0,0
"RocketReports","MINT1012",4,4,1.0000,0,0.0000,0,0,0,0,0,0,0
"RocketReports","MINT1016",29,29,1.0000,0,0.0000,0,0,0,0,0,0,0
"RocketReports","MINT1017",1,1,1.0000,0,0.0000,0,0,0,0,0,0,0
"RocketReports","MINT1041",9,8,0.8888,1,0.1111,1,0,0,0,0,0,0
"RocketReports","MINT1050",3,3,1.0000,0,0.0000,0,0,0,0,0,0,0
"RocketReports","MINT1062",1,1,1.0000,0,0.0000,0,0,0,0,0,0,0
"RocketReports","MINT1063",39,39,1.0000,0,0.0000,0,0,0,0,0,0,0
"RocketReports","MINT1069",2,2,1.0000,0,0.0000,0,0,0,0,0,0,0
"RocketReports","MINT1071",1,1,1.0000,0,0.0000,0,0,0,0,0,0,0
"RocketReports","MINT1073",7,7,1.0000,0,0.0000,0,0,0,0,0,0,0
"RocketReports","MINT1074",5,5,1.0000,0,0.0000,0,0,0,0,0,0,0
"RocketReports","MINT1075",11,9,0.8181,2,0.1818,2,0,0,0,0,0,0
"RocketReports","MINT1076",7,6,0.8571,1,0.1428,1,0,0,0,0,0,0
"RocketReports","MINT1077",1,1,1.0000,0,0.0000,0,0,0,0,0,0,0
"RocketReports","MINT1081",1,1,1.0000,0,0.0000,0,0,0,0,0,0,0
"RocketReports","MINT1083",4,4,1.0000,0,0.0000,0,0,0,0,0,0,0
"RocketReports","MINT3000",6,6,1.0000,0,0.0000,0,0,0,0,0,0,0
"RocketReports","MINT3001",5,4,0.8000,1,0.2000,0,1,0,0,0,0,0
"RocketReports","MINT4001",6,5,0.8333,1,0.1666,0,1,0,0,0,0,0
"RocketReports","MINT4003",33,31,0.9393,2,0.0606,0,1,0,0,0,1,0
"RocketReports","MINT4014",28,28,1.0000,0,0.0000,0,0,0,0,0,0,0
"RocketReports","MINT4015",1,1,1.0000,0,0.0000,0,0,0,0,0,0,0
"RocketReports","MINT4018",2,2,1.0000,0,0.0000,0,0,0,0,0,0,0
"RocketReports","MINT4028",1,1,1.0000,0,0.0000,0,0,0,0,0,0,0
"RocketReports","MINT4031",14,13,0.9285,1,0.0714,0,0,0,0,0,0,1
"RocketReports","MINT4033",9,9,1.0000,0,0.0000,0,0,0,0,0,0,0
"RocketReports","MINT5001",14,13,0.9285,1,0.0714,1,0,0,0,0,0,0
"RocketReports","MINT5002",8,7,0.8750,1,0.1250,0,0,1,0,0,0,0
"RocketReports","MINT5007",1,1,1.0000,0,0.0000,0,0,0,0,0,0,0
"RocketReports","MINTHI11",2,2,1.0000,0,0.0000,0,0,0,0,0,0,0
"RocketReports","MINTHI31",1,1,1.0000,0,0.0000,0,0,0,0,0,0,0
"RocketReports","MINTHI32",1,1,1.0000,0,0.0000,0,0,0,0,0,0,0
"RocketReports","MINTHI51",1,1,1.0000,0,0.0000,0,0,0,0,0,0,0
"RocketReports","MINTHI61",2,2,1.0000,0,0.0000,0,0,0,0,0,0,0
"RocketReports","MINTHI62",12,12,1.0000,0,0.0000,0,0,0,0,0,0,0
"RocketReports","MINTHI71",4,4,1.0000,0,0.0000,0,0,0,0,0,0,0
"RocketReports","MINTPLB2",5,3,0.6000,2,0.4000,0,0,2,0,0,0,0
"RocketReports","MINTPLB3",10,8,0.8000,2,0.2000,0,0,0,0,0,0,2
"RocketReports","MINTPLB4",10,9,0.9000,1,0.1000,1,0,0,0,0,0,0
"RocketReports","MINTPLB5",9,8,0.8888,1,0.1111,1,0,0,0,0,0,0
"RocketReports","MINTPMH1",1,1,1.0000,0,0.0000,0,0,0,0,0,0,0
"RocketReports","MINTPMH2",2,2,1.0000,0,0.0000,0,0,0,0,0,0,0
"RocketReports","MINTPMH3",1,1,1.0000,0,0.0000,0,0,0,0,0,0,0
"RocketReports","TNS5GBZ3",19,18,0.9473,1,0.0526,1,0,0,0,0,0,0
"RocketReports","TNS5GBZ4",3,3,1.0000,0,0.0000,0,0,0,0,0,0,0
