"RocketReports","MINT0007",20.0000,746,0,746,0,0.0000,0,0,0,0,0.0000,0,0,0,0,0.0000,0,0,0,0,0.0000,0,0,0,0,"2021-04-21 21:00:00"
"RocketReports","MINT0009",20.0000,1066,0,744,322,0.0000,0,0,0,0,0.0000,0,0,0,0,0.0000,0,0,0,0,0.0000,0,0,0,0,"2021-04-21 21:00:00"
"RocketReports","MINT0010",20.0000,4417,0,4409,8,0.0000,0,0,0,0,0.0000,0,0,0,0,0.0000,0,0,0,0,0.0000,0,0,0,0,"2021-04-21 21:00:00"
"RocketReports","MINT0012",20.0000,6921,0,6886,35,0.0000,0,0,0,0,0.0000,0,0,0,0,0.0000,0,0,0,0,0.0000,0,0,0,0,"2021-04-21 21:00:00"
"RocketReports","MINT0014",20.0000,128,0,68,60,0.0000,0,0,0,0,0.0000,0,0,0,0,0.0000,0,0,0,0,0.0000,0,0,0,0,"2021-04-21 21:00:00"
"RocketReports","MINT0025",20.0000,397,0,310,87,0.0000,0,0,0,0,0.0000,0,0,0,0,0.0000,0,0,0,0,0.0000,0,0,0,0,"2021-04-21 21:00:00"
"RocketReports","MINT0026",20.0000,3823,0,3632,191,0.0000,0,0,0,0,0.0000,0,0,0,0,0.0000,0,0,0,0,0.0000,0,0,0,0,"2021-04-21 21:00:00"
"RocketReports","MINT0027",20.0000,894,0,555,339,0.0000,0,0,0,0,0.0000,0,0,0,0,0.0000,0,0,0,0,0.0000,0,0,0,0,"2021-04-21 21:00:00"
"RocketReports","MINT0028",20.0000,3127,0,3065,62,0.0000,0,0,0,0,0.0000,0,0,0,0,0.0000,0,0,0,0,0.0000,0,0,0,0,"2021-04-21 21:00:00"
"RocketReports","MINT0030",20.0000,234,0,166,68,0.0000,0,0,0,0,0.0000,0,0,0,0,0.0000,0,0,0,0,0.0000,0,0,0,0,"2021-04-21 21:00:00"
"RocketReports","MINT0031",20.0000,481,0,412,69,0.0000,0,0,0,0,0.0000,0,0,0,0,0.0000,0,0,0,0,0.0000,0,0,0,0,"2021-04-21 21:00:00"
"RocketReports","MINT0032",20.0000,290,0,265,25,0.0000,0,0,0,0,0.0000,0,0,0,0,0.0000,0,0,0,0,0.0000,0,0,0,0,"2021-04-21 21:00:00"
"RocketReports","MINT0034",20.0000,813,0,800,13,0.0000,0,0,0,0,0.0000,0,0,0,0,0.0000,0,0,0,0,0.0000,0,0,0,0,"2021-04-21 21:00:00"
"RocketReports","MINT0037",20.0000,50,0,31,19,0.0000,0,0,0,0,0.0000,0,0,0,0,0.0000,0,0,0,0,0.0000,0,0,0,0,"2021-04-21 21:00:00"
"RocketReports","MINT0040",20.0000,1040,0,884,156,0.0000,0,0,0,0,0.0000,0,0,0,0,0.0000,0,0,0,0,0.0000,0,0,0,0,"2021-04-21 21:00:00"
"RocketReports","MINT0041",20.0000,9021,0,9021,0,0.0000,0,0,0,0,0.0000,0,0,0,0,0.0000,0,0,0,0,0.0000,0,0,0,0,"2021-04-21 21:00:00"
"RocketReports","MINT0042",20.0000,698,0,540,158,0.0000,0,0,0,0,0.0000,0,0,0,0,0.0000,0,0,0,0,0.0000,0,0,0,0,"2021-04-21 21:00:00"
"RocketReports","MINT0043",20.0000,3798,0,3616,182,0.0000,0,0,0,0,0.0000,0,0,0,0,0.0000,0,0,0,0,0.0000,0,0,0,0,"2021-04-21 21:00:00"
"RocketReports","MINT0044",20.0000,517,0,393,124,0.0000,0,0,0,0,0.0000,0,0,0,0,0.0000,0,0,0,0,0.0000,0,0,0,0,"2021-04-21 21:00:00"
"RocketReports","MINT0046",20.0000,2363,0,2042,321,0.0000,0,0,0,0,0.0000,0,0,0,0,0.0000,0,0,0,0,0.0000,0,0,0,0,"2021-04-21 21:00:00"
"RocketReports","MINT0047",20.0000,99,0,15,84,0.0000,0,0,0,0,0.0000,0,0,0,0,0.0000,0,0,0,0,0.0000,0,0,0,0,"2021-04-21 21:00:00"
"RocketReports","MINT0048",20.0000,163,0,17,146,0.0000,0,0,0,0,0.0000,0,0,0,0,0.0000,0,0,0,0,0.0000,0,0,0,0,"2021-04-21 21:00:00"
"RocketReports","MINT0049",20.0000,2728,0,2565,163,0.0000,0,0,0,0,0.0000,0,0,0,0,0.0000,0,0,0,0,0.0000,0,0,0,0,"2021-04-21 21:00:00"
"RocketReports","MINT0050",20.0000,262,0,120,142,0.0000,0,0,0,0,0.0000,0,0,0,0,0.0000,0,0,0,0,0.0000,0,0,0,0,"2021-04-21 21:00:00"
"RocketReports","MINT0051",20.0000,346,0,293,53,0.0000,0,0,0,0,0.0000,0,0,0,0,0.0000,0,0,0,0,0.0000,0,0,0,0,"2021-04-21 21:00:00"
"RocketReports","MINT0052",20.0000,361,0,248,113,0.0000,0,0,0,0,0.0000,0,0,0,0,0.0000,0,0,0,0,0.0000,0,0,0,0,"2021-04-21 21:00:00"
"RocketReports","MINT0053",20.0000,4048,0,3944,104,0.0000,0,0,0,0,0.0000,0,0,0,0,0.0000,0,0,0,0,0.0000,0,0,0,0,"2021-04-21 21:00:00"
"RocketReports","MINT0054",20.0000,283,0,217,66,0.0000,0,0,0,0,0.0000,0,0,0,0,0.0000,0,0,0,0,0.0000,0,0,0,0,"2021-04-21 21:00:00"
"RocketReports","MINT0055",20.0000,390,0,312,78,0.0000,0,0,0,0,0.0000,0,0,0,0,0.0000,0,0,0,0,0.0000,0,0,0,0,"2021-04-21 21:00:00"
"RocketReports","MINT0056",20.0000,1364,0,1198,166,0.0000,0,0,0,0,0.0000,0,0,0,0,0.0000,0,0,0,0,0.0000,0,0,0,0,"2021-04-21 21:00:00"
"RocketReports","MINT0057",20.0000,1924,0,1890,34,0.0000,0,0,0,0,0.0000,0,0,0,0,0.0000,0,0,0,0,0.0000,0,0,0,0,"2021-04-21 21:00:00"
"RocketReports","MINT0058",20.0000,6039,0,6027,12,0.0000,0,0,0,0,0.0000,0,0,0,0,0.0000,0,0,0,0,0.0000,0,0,0,0,"2021-04-21 21:00:00"
"RocketReports","MINT0059",20.0000,3120,0,2802,318,0.0000,0,0,0,0,0.0000,0,0,0,0,0.0000,0,0,0,0,0.0000,0,0,0,0,"2021-04-21 21:00:00"
"RocketReports","MINT0062",20.0000,7684,0,7498,186,0.0000,0,0,0,0,0.0000,0,0,0,0,0.0000,0,0,0,0,0.0000,0,0,0,0,"2021-04-21 21:00:00"
"RocketReports","MINT0063",20.0000,3478,0,3225,253,0.0000,0,0,0,0,0.0000,0,0,0,0,0.0000,0,0,0,0,0.0000,0,0,0,0,"2021-04-21 21:00:00"
"RocketReports","MINT0064",20.0000,285,0,182,103,0.0000,0,0,0,0,0.0000,0,0,0,0,0.0000,0,0,0,0,0.0000,0,0,0,0,"2021-04-21 21:00:00"
"RocketReports","MINT0065",20.0000,480,0,233,247,0.0000,0,0,0,0,0.0000,0,0,0,0,0.0000,0,0,0,0,0.0000,0,0,0,0,"2021-04-21 21:00:00"
"RocketReports","MINT0066",20.0000,3643,0,3525,118,0.0000,0,0,0,0,0.0000,0,0,0,0,0.0000,0,0,0,0,0.0000,0,0,0,0,"2021-04-21 21:00:00"
"RocketReports","MINT0067",20.0000,323,0,109,214,0.0000,0,0,0,0,0.0000,0,0,0,0,0.0000,0,0,0,0,0.0000,0,0,0,0,"2021-04-21 21:00:00"
"RocketReports","MINT0067",0.0000,0,0,0,0,50.0000,378,0,250,128,0.0000,0,0,0,0,0.0000,0,0,0,0,0.0000,0,0,0,0,"2021-04-21 21:00:00"
"RocketReports","MINT0068",20.0000,1801,0,1586,215,0.0000,0,0,0,0,0.0000,0,0,0,0,0.0000,0,0,0,0,0.0000,0,0,0,0,"2021-04-21 21:00:00"
"RocketReports","MINT0069",20.0000,1090,0,706,384,0.0000,0,0,0,0,0.0000,0,0,0,0,0.0000,0,0,0,0,0.0000,0,0,0,0,"2021-04-21 21:00:00"
"RocketReports","MINT0069",0.0000,0,0,0,0,50.0000,0,0,0,0,0.0000,0,0,0,0,0.0000,0,0,0,0,0.0000,0,0,0,0,"2021-04-21 21:00:00"
"RocketReports","MINT0070",20.0000,14,0,1,13,0.0000,0,0,0,0,0.0000,0,0,0,0,0.0000,0,0,0,0,0.0000,0,0,0,0,"2021-04-21 21:00:00"
"RocketReports","MINT0100",20.0000,250,0,92,158,0.0000,0,0,0,0,0.0000,0,0,0,0,0.0000,0,0,0,0,0.0000,0,0,0,0,"2021-04-21 21:00:00"
"RocketReports","MINT0101",20.0000,500,0,322,178,0.0000,0,0,0,0,0.0000,0,0,0,0,0.0000,0,0,0,0,0.0000,0,0,0,0,"2021-04-21 21:00:00"
"RocketReports","MINT0102",20.0000,30,0,1,29,0.0000,0,0,0,0,0.0000,0,0,0,0,0.0000,0,0,0,0,0.0000,0,0,0,0,"2021-04-21 21:00:00"
"RocketReports","MINT0103",20.0000,76,0,31,45,0.0000,0,0,0,0,0.0000,0,0,0,0,0.0000,0,0,0,0,0.0000,0,0,0,0,"2021-04-21 21:00:00"
"RocketReports","MINT0104",20.0000,100,0,69,31,0.0000,0,0,0,0,0.0000,0,0,0,0,0.0000,0,0,0,0,0.0000,0,0,0,0,"2021-04-21 21:00:00"
"RocketReports","MINT0105",20.0000,73,0,13,60,0.0000,0,0,0,0,0.0000,0,0,0,0,0.0000,0,0,0,0,0.0000,0,0,0,0,"2021-04-21 21:00:00"
"RocketReports","MINT0106",20.0000,250,0,13,237,0.0000,0,0,0,0,0.0000,0,0,0,0,0.0000,0,0,0,0,0.0000,0,0,0,0,"2021-04-21 21:00:00"
"RocketReports","MINT0107",20.0000,3000,0,2942,58,0.0000,0,0,0,0,0.0000,0,0,0,0,0.0000,0,0,0,0,0.0000,0,0,0,0,"2021-04-21 21:00:00"
"RocketReports","MINT0108",20.0000,600,0,215,385,0.0000,0,0,0,0,0.0000,0,0,0,0,0.0000,0,0,0,0,0.0000,0,0,0,0,"2021-04-21 21:00:00"
"RocketReports","MINT0109",20.0000,499,0,206,293,0.0000,0,0,0,0,0.0000,0,0,0,0,0.0000,0,0,0,0,0.0000,0,0,0,0,"2021-04-21 21:00:00"
"RocketReports","MINT0110",20.0000,200,0,90,110,0.0000,0,0,0,0,0.0000,0,0,0,0,0.0000,0,0,0,0,0.0000,0,0,0,0,"2021-04-21 21:00:00"
"RocketReports","MINT0111",20.0000,70,0,1,69,0.0000,0,0,0,0,0.0000,0,0,0,0,0.0000,0,0,0,0,0.0000,0,0,0,0,"2021-04-21 21:00:00"
"RocketReports","MINT0112",20.0000,6177,0,5860,317,0.0000,0,0,0,0,0.0000,0,0,0,0,0.0000,0,0,0,0,0.0000,0,0,0,0,"2021-04-21 21:00:00"
"RocketReports","MINT0113",20.0000,0,0,0,0,0.0000,0,0,0,0,0.0000,0,0,0,0,0.0000,0,0,0,0,0.0000,0,0,0,0,"2021-04-21 21:00:00"
"RocketReports","MINT0115",20.0000,171,0,114,57,0.0000,0,0,0,0,0.0000,0,0,0,0,0.0000,0,0,0,0,0.0000,0,0,0,0,"2021-04-21 21:00:00"
"RocketReports","MINT0116",20.0000,199,0,145,54,0.0000,0,0,0,0,0.0000,0,0,0,0,0.0000,0,0,0,0,0.0000,0,0,0,0,"2021-04-21 21:00:00"
"RocketReports","MINT0117",20.0000,0,0,0,0,0.0000,0,0,0,0,0.0000,0,0,0,0,0.0000,0,0,0,0,0.0000,0,0,0,0,"2021-04-21 21:00:00"
"RocketReports","MINT0118",20.0000,150,0,19,131,0.0000,0,0,0,0,0.0000,0,0,0,0,0.0000,0,0,0,0,0.0000,0,0,0,0,"2021-04-21 21:00:00"
"RocketReports","MINT0119",20.0000,140,0,1,139,0.0000,0,0,0,0,0.0000,0,0,0,0,0.0000,0,0,0,0,0.0000,0,0,0,0,"2021-04-21 21:00:00"
"RocketReports","MINT0120",20.0000,84,0,35,49,0.0000,0,0,0,0,0.0000,0,0,0,0,0.0000,0,0,0,0,0.0000,0,0,0,0,"2021-04-21 21:00:00"
"RocketReports","MINT0121",20.0000,700,0,370,330,0.0000,0,0,0,0,0.0000,0,0,0,0,0.0000,0,0,0,0,0.0000,0,0,0,0,"2021-04-21 21:00:00"
"RocketReports","MINT0122",20.0000,250,0,125,125,0.0000,0,0,0,0,0.0000,0,0,0,0,0.0000,0,0,0,0,0.0000,0,0,0,0,"2021-04-21 21:00:00"
"RocketReports","MINT0123",20.0000,100,0,32,68,0.0000,0,0,0,0,0.0000,0,0,0,0,0.0000,0,0,0,0,0.0000,0,0,0,0,"2021-04-21 21:00:00"
"RocketReports","MINT0124",20.0000,197,0,86,111,0.0000,0,0,0,0,0.0000,0,0,0,0,0.0000,0,0,0,0,0.0000,0,0,0,0,"2021-04-21 21:00:00"
"RocketReports","MINT0125",20.0000,335,0,135,200,0.0000,0,0,0,0,0.0000,0,0,0,0,0.0000,0,0,0,0,0.0000,0,0,0,0,"2021-04-21 21:00:00"
"RocketReports","MINT0126",20.0000,250,0,10,240,0.0000,0,0,0,0,0.0000,0,0,0,0,0.0000,0,0,0,0,0.0000,0,0,0,0,"2021-04-21 21:00:00"
"RocketReports","MINT0127",20.0000,700,0,313,387,0.0000,0,0,0,0,0.0000,0,0,0,0,0.0000,0,0,0,0,0.0000,0,0,0,0,"2021-04-21 21:00:00"
"RocketReports","MINT0129",20.0000,250,0,64,186,0.0000,0,0,0,0,0.0000,0,0,0,0,0.0000,0,0,0,0,0.0000,0,0,0,0,"2021-04-21 21:00:00"
"RocketReports","MINT0130",20.0000,100,0,5,95,0.0000,0,0,0,0,0.0000,0,0,0,0,0.0000,0,0,0,0,0.0000,0,0,0,0,"2021-04-21 21:00:00"
"RocketReports","MINT0131",20.0000,100,0,48,52,0.0000,0,0,0,0,0.0000,0,0,0,0,0.0000,0,0,0,0,0.0000,0,0,0,0,"2021-04-21 21:00:00"
"RocketReports","MINT0132",20.0000,100,0,1,99,0.0000,0,0,0,0,0.0000,0,0,0,0,0.0000,0,0,0,0,0.0000,0,0,0,0,"2021-04-21 21:00:00"
"RocketReports","MINT0133",20.0000,225,0,19,206,0.0000,0,0,0,0,0.0000,0,0,0,0,0.0000,0,0,0,0,0.0000,0,0,0,0,"2021-04-21 21:00:00"
"RocketReports","MINT0134",20.0000,50,0,47,3,0.0000,0,0,0,0,0.0000,0,0,0,0,0.0000,0,0,0,0,0.0000,0,0,0,0,"2021-04-21 21:00:00"
"RocketReports","MINT0135",20.0000,200,0,76,124,0.0000,0,0,0,0,0.0000,0,0,0,0,0.0000,0,0,0,0,0.0000,0,0,0,0,"2021-04-21 21:00:00"
"RocketReports","MINT0136",20.0000,50,0,0,50,0.0000,0,0,0,0,0.0000,0,0,0,0,0.0000,0,0,0,0,0.0000,0,0,0,0,"2021-04-21 21:00:00"
"RocketReports","MINT0137",20.0000,550,0,47,503,0.0000,0,0,0,0,0.0000,0,0,0,0,0.0000,0,0,0,0,0.0000,0,0,0,0,"2021-04-21 21:00:00"
"RocketReports","MINT0138",20.0000,175,0,30,145,0.0000,0,0,0,0,0.0000,0,0,0,0,0.0000,0,0,0,0,0.0000,0,0,0,0,"2021-04-21 21:00:00"
"RocketReports","MINT0139",20.0000,250,0,148,102,0.0000,0,0,0,0,0.0000,0,0,0,0,0.0000,0,0,0,0,0.0000,0,0,0,0,"2021-04-21 21:00:00"
"RocketReports","MINT0141",20.0000,51,0,0,51,0.0000,0,0,0,0,0.0000,0,0,0,0,0.0000,0,0,0,0,0.0000,0,0,0,0,"2021-04-21 21:00:00"
"RocketReports","MINT0142",20.0000,250,0,184,66,0.0000,0,0,0,0,0.0000,0,0,0,0,0.0000,0,0,0,0,0.0000,0,0,0,0,"2021-04-21 21:00:00"
"RocketReports","MINT0143",20.0000,250,0,152,98,0.0000,0,0,0,0,0.0000,0,0,0,0,0.0000,0,0,0,0,0.0000,0,0,0,0,"2021-04-21 21:00:00"
"RocketReports","MINT0144",20.0000,50,0,29,21,0.0000,0,0,0,0,0.0000,0,0,0,0,0.0000,0,0,0,0,0.0000,0,0,0,0,"2021-04-21 21:00:00"
"RocketReports","MINT0145",20.0000,92,0,6,86,0.0000,0,0,0,0,0.0000,0,0,0,0,0.0000,0,0,0,0,0.0000,0,0,0,0,"2021-04-21 21:00:00"
"RocketReports","MINT0146",20.0000,264,0,7,257,0.0000,0,0,0,0,0.0000,0,0,0,0,0.0000,0,0,0,0,0.0000,0,0,0,0,"2021-04-21 21:00:00"
"RocketReports","MINT0147",20.0000,100,0,19,81,0.0000,0,0,0,0,0.0000,0,0,0,0,0.0000,0,0,0,0,0.0000,0,0,0,0,"2021-04-21 21:00:00"
"RocketReports","MINT0148",20.0000,108,0,35,73,0.0000,0,0,0,0,0.0000,0,0,0,0,0.0000,0,0,0,0,0.0000,0,0,0,0,"2021-04-21 21:00:00"
"RocketReports","MINT0149",20.0000,122,0,0,122,0.0000,0,0,0,0,0.0000,0,0,0,0,0.0000,0,0,0,0,0.0000,0,0,0,0,"2021-04-21 21:00:00"
"RocketReports","MINT0150",20.0000,273,0,138,135,0.0000,0,0,0,0,0.0000,0,0,0,0,0.0000,0,0,0,0,0.0000,0,0,0,0,"2021-04-21 21:00:00"
"RocketReports","MINT0151",20.0000,34,0,26,8,0.0000,0,0,0,0,0.0000,0,0,0,0,0.0000,0,0,0,0,0.0000,0,0,0,0,"2021-04-21 21:00:00"
"RocketReports","MINT0152",20.0000,300,0,18,282,0.0000,0,0,0,0,0.0000,0,0,0,0,0.0000,0,0,0,0,0.0000,0,0,0,0,"2021-04-21 21:00:00"
"RocketReports","MINT0153",20.0000,100,0,56,44,0.0000,0,0,0,0,0.0000,0,0,0,0,0.0000,0,0,0,0,0.0000,0,0,0,0,"2021-04-21 21:00:00"
"RocketReports","MINT0154",20.0000,500,0,413,87,0.0000,0,0,0,0,0.0000,0,0,0,0,0.0000,0,0,0,0,0.0000,0,0,0,0,"2021-04-21 21:00:00"
"RocketReports","MINT0155",20.0000,104,0,49,55,0.0000,0,0,0,0,0.0000,0,0,0,0,0.0000,0,0,0,0,0.0000,0,0,0,0,"2021-04-21 21:00:00"
"RocketReports","MINT0155",0.0000,0,0,0,0,5.0000,37,0,7,30,0.0000,0,0,0,0,0.0000,0,0,0,0,0.0000,0,0,0,0,"2021-04-21 21:00:00"
"RocketReports","MINT0156",20.0000,150,0,106,44,0.0000,0,0,0,0,0.0000,0,0,0,0,0.0000,0,0,0,0,0.0000,0,0,0,0,"2021-04-21 21:00:00"
"RocketReports","MINT0157",20.0000,990,0,973,17,0.0000,0,0,0,0,0.0000,0,0,0,0,0.0000,0,0,0,0,0.0000,0,0,0,0,"2021-04-21 21:00:00"
"RocketReports","MINT0160",20.0000,311,0,53,258,0.0000,0,0,0,0,0.0000,0,0,0,0,0.0000,0,0,0,0,0.0000,0,0,0,0,"2021-04-21 21:00:00"
"RocketReports","MINT0161",20.0000,250,0,0,250,0.0000,0,0,0,0,0.0000,0,0,0,0,0.0000,0,0,0,0,0.0000,0,0,0,0,"2021-04-21 21:00:00"
"RocketReports","MINT0162",20.0000,100,0,0,100,0.0000,0,0,0,0,0.0000,0,0,0,0,0.0000,0,0,0,0,0.0000,0,0,0,0,"2021-04-21 21:00:00"
"RocketReports","MINT0201",20.0000,123,0,76,47,0.0000,0,0,0,0,0.0000,0,0,0,0,0.0000,0,0,0,0,0.0000,0,0,0,0,"2021-04-21 21:00:00"
"RocketReports","MINT0203",20.0000,76,0,21,55,0.0000,0,0,0,0,0.0000,0,0,0,0,0.0000,0,0,0,0,0.0000,0,0,0,0,"2021-04-21 21:00:00"
"RocketReports","MINT0204",20.0000,300,0,170,130,0.0000,0,0,0,0,0.0000,0,0,0,0,0.0000,0,0,0,0,0.0000,0,0,0,0,"2021-04-21 21:00:00"
"RocketReports","MINT0205",20.0000,399,0,345,54,0.0000,0,0,0,0,0.0000,0,0,0,0,0.0000,0,0,0,0,0.0000,0,0,0,0,"2021-04-21 21:00:00"
"RocketReports","MINT0206",20.0000,301,0,131,170,0.0000,0,0,0,0,0.0000,0,0,0,0,0.0000,0,0,0,0,0.0000,0,0,0,0,"2021-04-21 21:00:00"
"RocketReports","MINT0207",20.0000,196,0,60,136,0.0000,0,0,0,0,0.0000,0,0,0,0,0.0000,0,0,0,0,0.0000,0,0,0,0,"2021-04-21 21:00:00"
"RocketReports","MINT0208",20.0000,379,0,206,173,0.0000,0,0,0,0,0.0000,0,0,0,0,0.0000,0,0,0,0,0.0000,0,0,0,0,"2021-04-21 21:00:00"
"RocketReports","MINT0209",20.0000,399,0,270,129,0.0000,0,0,0,0,0.0000,0,0,0,0,0.0000,0,0,0,0,0.0000,0,0,0,0,"2021-04-21 21:00:00"
"RocketReports","MINT0304",20.0000,200,0,70,130,0.0000,0,0,0,0,0.0000,0,0,0,0,0.0000,0,0,0,0,0.0000,0,0,0,0,"2021-04-21 21:00:00"
"RocketReports","MINT0305",20.0000,1000,0,572,428,0.0000,0,0,0,0,0.0000,0,0,0,0,0.0000,0,0,0,0,0.0000,0,0,0,0,"2021-04-21 21:00:00"
"RocketReports","MINT0306",20.0000,280,0,46,234,0.0000,0,0,0,0,0.0000,0,0,0,0,0.0000,0,0,0,0,0.0000,0,0,0,0,"2021-04-21 21:00:00"
"RocketReports","MINT0308",20.0000,540,0,459,81,0.0000,0,0,0,0,0.0000,0,0,0,0,0.0000,0,0,0,0,0.0000,0,0,0,0,"2021-04-21 21:00:00"
"RocketReports","MINT0350",20.0000,1194,0,931,263,0.0000,0,0,0,0,0.0000,0,0,0,0,0.0000,0,0,0,0,0.0000,0,0,0,0,"2021-04-21 21:00:00"
"RocketReports","MINT0351",20.0000,1132,0,929,203,0.0000,0,0,0,0,0.0000,0,0,0,0,0.0000,0,0,0,0,0.0000,0,0,0,0,"2021-04-21 21:00:00"
"RocketReports","MINT0352",20.0000,493,0,261,232,0.0000,0,0,0,0,0.0000,0,0,0,0,0.0000,0,0,0,0,0.0000,0,0,0,0,"2021-04-21 21:00:00"
"RocketReports","MINT0353",20.0000,400,0,337,63,0.0000,0,0,0,0,0.0000,0,0,0,0,0.0000,0,0,0,0,0.0000,0,0,0,0,"2021-04-21 21:00:00"
"RocketReports","MINT0355",20.0000,308,0,280,28,0.0000,0,0,0,0,0.0000,0,0,0,0,0.0000,0,0,0,0,0.0000,0,0,0,0,"2021-04-21 21:00:00"
"RocketReports","MINT0356",20.0000,628,0,240,388,0.0000,0,0,0,0,0.0000,0,0,0,0,0.0000,0,0,0,0,0.0000,0,0,0,0,"2021-04-21 21:00:00"
"RocketReports","MINT0357",20.0000,398,0,257,141,0.0000,0,0,0,0,0.0000,0,0,0,0,0.0000,0,0,0,0,0.0000,0,0,0,0,"2021-04-21 21:00:00"
"RocketReports","MINT0358",20.0000,99,0,14,85,0.0000,0,0,0,0,0.0000,0,0,0,0,0.0000,0,0,0,0,0.0000,0,0,0,0,"2021-04-21 21:00:00"
"RocketReports","MINT0359",20.0000,7238,0,7071,167,0.0000,0,0,0,0,0.0000,0,0,0,0,0.0000,0,0,0,0,0.0000,0,0,0,0,"2021-04-21 21:00:00"
"RocketReports","MINT0360",20.0000,482,0,213,269,0.0000,0,0,0,0,0.0000,0,0,0,0,0.0000,0,0,0,0,0.0000,0,0,0,0,"2021-04-21 21:00:00"
"RocketReports","MINT0400",20.0000,73,0,33,40,0.0000,0,0,0,0,0.0000,0,0,0,0,0.0000,0,0,0,0,0.0000,0,0,0,0,"2021-04-21 21:00:00"
"RocketReports","MINT0401",20.0000,129,0,26,103,0.0000,0,0,0,0,0.0000,0,0,0,0,0.0000,0,0,0,0,0.0000,0,0,0,0,"2021-04-21 21:00:00"
"RocketReports","MINT0402",20.0000,101,0,13,88,0.0000,0,0,0,0,0.0000,0,0,0,0,0.0000,0,0,0,0,0.0000,0,0,0,0,"2021-04-21 21:00:00"
"RocketReports","MINT0403",20.0000,100,0,23,77,0.0000,0,0,0,0,0.0000,0,0,0,0,0.0000,0,0,0,0,0.0000,0,0,0,0,"2021-04-21 21:00:00"
"RocketReports","MINT0404",20.0000,80,0,15,65,0.0000,0,0,0,0,0.0000,0,0,0,0,0.0000,0,0,0,0,0.0000,0,0,0,0,"2021-04-21 21:00:00"
"RocketReports","MINT0405",20.0000,85,0,46,39,0.0000,0,0,0,0,0.0000,0,0,0,0,0.0000,0,0,0,0,0.0000,0,0,0,0,"2021-04-21 21:00:00"
"RocketReports","MINT0406",20.0000,31,0,2,29,0.0000,0,0,0,0,0.0000,0,0,0,0,0.0000,0,0,0,0,0.0000,0,0,0,0,"2021-04-21 21:00:00"
"RocketReports","MINT0407",20.0000,29,0,0,29,0.0000,0,0,0,0,0.0000,0,0,0,0,0.0000,0,0,0,0,0.0000,0,0,0,0,"2021-04-21 21:00:00"
"RocketReports","MINT0408",20.0000,25,0,1,24,0.0000,0,0,0,0,0.0000,0,0,0,0,0.0000,0,0,0,0,0.0000,0,0,0,0,"2021-04-21 21:00:00"
"RocketReports","MINT0409",20.0000,95,0,23,72,0.0000,0,0,0,0,0.0000,0,0,0,0,0.0000,0,0,0,0,0.0000,0,0,0,0,"2021-04-21 21:00:00"
"RocketReports","MINT0410",20.0000,102,0,87,15,0.0000,0,0,0,0,0.0000,0,0,0,0,0.0000,0,0,0,0,0.0000,0,0,0,0,"2021-04-21 21:00:00"
"RocketReports","MINT0411",20.0000,1004,0,907,97,0.0000,0,0,0,0,0.0000,0,0,0,0,0.0000,0,0,0,0,0.0000,0,0,0,0,"2021-04-21 21:00:00"
"RocketReports","MINT0412",20.0000,111,0,11,100,0.0000,0,0,0,0,0.0000,0,0,0,0,0.0000,0,0,0,0,0.0000,0,0,0,0,"2021-04-21 21:00:00"
"RocketReports","MINT0413",20.0000,115,0,91,24,0.0000,0,0,0,0,0.0000,0,0,0,0,0.0000,0,0,0,0,0.0000,0,0,0,0,"2021-04-21 21:00:00"
"RocketReports","MINT0414",20.0000,100,0,41,59,0.0000,0,0,0,0,0.0000,0,0,0,0,0.0000,0,0,0,0,0.0000,0,0,0,0,"2021-04-21 21:00:00"
"RocketReports","MINT0415",20.0000,61,0,4,57,0.0000,0,0,0,0,0.0000,0,0,0,0,0.0000,0,0,0,0,0.0000,0,0,0,0,"2021-04-21 21:00:00"
"RocketReports","MINT0416",20.0000,63,0,17,46,0.0000,0,0,0,0,0.0000,0,0,0,0,0.0000,0,0,0,0,0.0000,0,0,0,0,"2021-04-21 21:00:00"
"RocketReports","MINT0417",20.0000,97,0,4,93,0.0000,0,0,0,0,0.0000,0,0,0,0,0.0000,0,0,0,0,0.0000,0,0,0,0,"2021-04-21 21:00:00"
"RocketReports","MINT0418",20.0000,102,0,93,9,0.0000,0,0,0,0,0.0000,0,0,0,0,0.0000,0,0,0,0,0.0000,0,0,0,0,"2021-04-21 21:00:00"
"RocketReports","MINT0494",20.0000,2137,0,1864,273,0.0000,0,0,0,0,0.0000,0,0,0,0,0.0000,0,0,0,0,0.0000,0,0,0,0,"2021-04-21 21:00:00"
"RocketReports","MINT0495",20.0000,235,0,210,25,0.0000,0,0,0,0,0.0000,0,0,0,0,0.0000,0,0,0,0,0.0000,0,0,0,0,"2021-04-21 21:00:00"
"RocketReports","MINT0496",20.0000,300,0,36,264,0.0000,0,0,0,0,0.0000,0,0,0,0,0.0000,0,0,0,0,0.0000,0,0,0,0,"2021-04-21 21:00:00"
"RocketReports","MINT0497",20.0000,2795,0,2557,238,0.0000,0,0,0,0,0.0000,0,0,0,0,0.0000,0,0,0,0,0.0000,0,0,0,0,"2021-04-21 21:00:00"
"RocketReports","MINT0498",20.0000,1329,0,1157,172,0.0000,0,0,0,0,0.0000,0,0,0,0,0.0000,0,0,0,0,0.0000,0,0,0,0,"2021-04-21 21:00:00"
"RocketReports","MINT0499",20.0000,841,0,841,0,0.0000,0,0,0,0,0.0000,0,0,0,0,0.0000,0,0,0,0,0.0000,0,0,0,0,"2021-04-21 21:00:00"
"RocketReports","MINT0501",20.0000,3194,0,3140,54,0.0000,0,0,0,0,0.0000,0,0,0,0,0.0000,0,0,0,0,0.0000,0,0,0,0,"2021-04-21 21:00:00"
"RocketReports","MINT0503",20.0000,4264,0,3544,720,0.0000,0,0,0,0,0.0000,0,0,0,0,0.0000,0,0,0,0,0.0000,0,0,0,0,"2021-04-21 21:00:00"
"RocketReports","MINT0504",20.0000,900,0,815,85,0.0000,0,0,0,0,0.0000,0,0,0,0,0.0000,0,0,0,0,0.0000,0,0,0,0,"2021-04-21 21:00:00"
"RocketReports","MINT0508",20.0000,3271,0,2827,444,0.0000,0,0,0,0,0.0000,0,0,0,0,0.0000,0,0,0,0,0.0000,0,0,0,0,"2021-04-21 21:00:00"
"RocketReports","MINT0509",20.0000,679,0,677,2,0.0000,0,0,0,0,0.0000,0,0,0,0,0.0000,0,0,0,0,0.0000,0,0,0,0,"2021-04-21 21:00:00"
"RocketReports","MINT0509",0.0000,0,0,0,0,10.0000,0,0,0,0,0.0000,0,0,0,0,0.0000,0,0,0,0,0.0000,0,0,0,0,"2021-04-21 21:00:00"
"RocketReports","MINT0519",20.0000,118,0,19,99,0.0000,0,0,0,0,0.0000,0,0,0,0,0.0000,0,0,0,0,0.0000,0,0,0,0,"2021-04-21 21:00:00"
"RocketReports","MINT0520",20.0000,600,0,9,591,0.0000,0,0,0,0,0.0000,0,0,0,0,0.0000,0,0,0,0,0.0000,0,0,0,0,"2021-04-21 21:00:00"
"RocketReports","MINT0527",20.0000,45,0,38,7,0.0000,0,0,0,0,0.0000,0,0,0,0,0.0000,0,0,0,0,0.0000,0,0,0,0,"2021-04-21 21:00:00"
"RocketReports","MINT0529",20.0000,920,0,778,142,0.0000,0,0,0,0,0.0000,0,0,0,0,0.0000,0,0,0,0,0.0000,0,0,0,0,"2021-04-21 21:00:00"
"RocketReports","MINT0531",20.0000,800,0,800,0,0.0000,0,0,0,0,0.0000,0,0,0,0,0.0000,0,0,0,0,0.0000,0,0,0,0,"2021-04-21 21:00:00"
"RocketReports","MINT0532",20.0000,2108,0,1589,519,0.0000,0,0,0,0,0.0000,0,0,0,0,0.0000,0,0,0,0,0.0000,0,0,0,0,"2021-04-21 21:00:00"
"RocketReports","MINT0533",10.0000,0,0,0,0,0.0000,0,0,0,0,0.0000,0,0,0,0,0.0000,0,0,0,0,0.0000,0,0,0,0,"2021-04-21 21:00:00"
"RocketReports","MINT0533",0.0000,0,0,0,0,20.0000,1166,0,936,230,0.0000,0,0,0,0,0.0000,0,0,0,0,0.0000,0,0,0,0,"2021-04-21 21:00:00"
"RocketReports","MINT0534",20.0000,300,0,300,0,0.0000,0,0,0,0,0.0000,0,0,0,0,0.0000,0,0,0,0,0.0000,0,0,0,0,"2021-04-21 21:00:00"
"RocketReports","MINT0535",20.0000,101,0,51,50,0.0000,0,0,0,0,0.0000,0,0,0,0,0.0000,0,0,0,0,0.0000,0,0,0,0,"2021-04-21 21:00:00"
"RocketReports","MINT0537",20.0000,435,0,419,16,0.0000,0,0,0,0,0.0000,0,0,0,0,0.0000,0,0,0,0,0.0000,0,0,0,0,"2021-04-21 21:00:00"
"RocketReports","MINT0538",20.0000,631,0,560,71,0.0000,0,0,0,0,0.0000,0,0,0,0,0.0000,0,0,0,0,0.0000,0,0,0,0,"2021-04-21 21:00:00"
"RocketReports","MINT0539",20.0000,1059,0,958,101,0.0000,0,0,0,0,0.0000,0,0,0,0,0.0000,0,0,0,0,0.0000,0,0,0,0,"2021-04-21 21:00:00"
"RocketReports","MINT0540",20.0000,36,0,34,2,0.0000,0,0,0,0,0.0000,0,0,0,0,0.0000,0,0,0,0,0.0000,0,0,0,0,"2021-04-21 21:00:00"
"RocketReports","MINT0542",20.0000,151,0,20,131,0.0000,0,0,0,0,0.0000,0,0,0,0,0.0000,0,0,0,0,0.0000,0,0,0,0,"2021-04-21 21:00:00"
"RocketReports","MINT0543",20.0000,103,0,10,93,0.0000,0,0,0,0,0.0000,0,0,0,0,0.0000,0,0,0,0,0.0000,0,0,0,0,"2021-04-21 21:00:00"
"RocketReports","MINT0544",20.0000,10,0,0,10,0.0000,0,0,0,0,0.0000,0,0,0,0,0.0000,0,0,0,0,0.0000,0,0,0,0,"2021-04-21 21:00:00"
"RocketReports","MINT0545",20.0000,265,0,183,82,0.0000,0,0,0,0,0.0000,0,0,0,0,0.0000,0,0,0,0,0.0000,0,0,0,0,"2021-04-21 21:00:00"
"RocketReports","MINT0546",20.0000,76,0,8,68,0.0000,0,0,0,0,0.0000,0,0,0,0,0.0000,0,0,0,0,0.0000,0,0,0,0,"2021-04-21 21:00:00"
"RocketReports","MINT0548",20.0000,1100,0,989,111,0.0000,0,0,0,0,0.0000,0,0,0,0,0.0000,0,0,0,0,0.0000,0,0,0,0,"2021-04-21 21:00:00"
"RocketReports","MINT0549",20.0000,1498,0,1490,8,0.0000,0,0,0,0,0.0000,0,0,0,0,0.0000,0,0,0,0,0.0000,0,0,0,0,"2021-04-21 21:00:00"
"RocketReports","MINT0550",20.0000,702,0,86,616,0.0000,0,0,0,0,0.0000,0,0,0,0,0.0000,0,0,0,0,0.0000,0,0,0,0,"2021-04-21 21:00:00"
"RocketReports","MINT0551",20.0000,110,0,110,0,0.0000,0,0,0,0,0.0000,0,0,0,0,0.0000,0,0,0,0,0.0000,0,0,0,0,"2021-04-21 21:00:00"
"RocketReports","MINT0552",20.0000,148,0,0,148,0.0000,0,0,0,0,0.0000,0,0,0,0,0.0000,0,0,0,0,0.0000,0,0,0,0,"2021-04-21 21:00:00"
"RocketReports","MINT0553",20.0000,1098,0,972,126,0.0000,0,0,0,0,0.0000,0,0,0,0,0.0000,0,0,0,0,0.0000,0,0,0,0,"2021-04-21 21:00:00"
"RocketReports","MINT0554",20.0000,300,0,100,200,0.0000,0,0,0,0,0.0000,0,0,0,0,0.0000,0,0,0,0,0.0000,0,0,0,0,"2021-04-21 21:00:00"
"RocketReports","MINT0555",20.0000,162,0,0,162,0.0000,0,0,0,0,0.0000,0,0,0,0,0.0000,0,0,0,0,0.0000,0,0,0,0,"2021-04-21 21:00:00"
"RocketReports","MINT0556",20.0000,2090,0,2048,42,0.0000,0,0,0,0,0.0000,0,0,0,0,0.0000,0,0,0,0,0.0000,0,0,0,0,"2021-04-21 21:00:00"
"RocketReports","MINT0557",20.0000,50,0,38,12,0.0000,0,0,0,0,0.0000,0,0,0,0,0.0000,0,0,0,0,0.0000,0,0,0,0,"2021-04-21 21:00:00"
"RocketReports","MINT0558",20.0000,454,0,319,135,0.0000,0,0,0,0,0.0000,0,0,0,0,0.0000,0,0,0,0,0.0000,0,0,0,0,"2021-04-21 21:00:00"
"RocketReports","MINT0559",20.0000,65,0,10,55,0.0000,0,0,0,0,0.0000,0,0,0,0,0.0000,0,0,0,0,0.0000,0,0,0,0,"2021-04-21 21:00:00"
"RocketReports","MINT0560",20.0000,540,0,484,56,0.0000,0,0,0,0,0.0000,0,0,0,0,0.0000,0,0,0,0,0.0000,0,0,0,0,"2021-04-21 21:00:00"
"RocketReports","MINT0561",20.0000,52,0,39,13,0.0000,0,0,0,0,0.0000,0,0,0,0,0.0000,0,0,0,0,0.0000,0,0,0,0,"2021-04-21 21:00:00"
"RocketReports","MINT0562",20.0000,3804,0,3728,76,0.0000,0,0,0,0,0.0000,0,0,0,0,0.0000,0,0,0,0,0.0000,0,0,0,0,"2021-04-21 21:00:00"
"RocketReports","MINT0563",20.0000,2889,0,2744,145,0.0000,0,0,0,0,0.0000,0,0,0,0,0.0000,0,0,0,0,0.0000,0,0,0,0,"2021-04-21 21:00:00"
"RocketReports","MINT0564",20.0000,2286,0,2186,100,0.0000,0,0,0,0,0.0000,0,0,0,0,0.0000,0,0,0,0,0.0000,0,0,0,0,"2021-04-21 21:00:00"
"RocketReports","MINT0565",20.0000,144,0,98,46,0.0000,0,0,0,0,0.0000,0,0,0,0,0.0000,0,0,0,0,0.0000,0,0,0,0,"2021-04-21 21:00:00"
"RocketReports","MINT0566",20.0000,410,0,314,96,0.0000,0,0,0,0,0.0000,0,0,0,0,0.0000,0,0,0,0,0.0000,0,0,0,0,"2021-04-21 21:00:00"
"RocketReports","MINT0567",20.0000,7535,0,7131,404,0.0000,0,0,0,0,0.0000,0,0,0,0,0.0000,0,0,0,0,0.0000,0,0,0,0,"2021-04-21 21:00:00"
"RocketReports","MINT0568",20.0000,200,0,179,21,0.0000,0,0,0,0,0.0000,0,0,0,0,0.0000,0,0,0,0,0.0000,0,0,0,0,"2021-04-21 21:00:00"
"RocketReports","MINT0569",20.0000,6290,0,6218,72,0.0000,0,0,0,0,0.0000,0,0,0,0,0.0000,0,0,0,0,0.0000,0,0,0,0,"2021-04-21 21:00:00"
"RocketReports","MINT0570",20.0000,4100,0,3761,339,0.0000,0,0,0,0,0.0000,0,0,0,0,0.0000,0,0,0,0,0.0000,0,0,0,0,"2021-04-21 21:00:00"
"RocketReports","MINT0571",20.0000,1418,0,1318,100,0.0000,0,0,0,0,0.0000,0,0,0,0,0.0000,0,0,0,0,0.0000,0,0,0,0,"2021-04-21 21:00:00"
"RocketReports","MINT0572",20.0000,3245,0,3197,48,0.0000,0,0,0,0,0.0000,0,0,0,0,0.0000,0,0,0,0,0.0000,0,0,0,0,"2021-04-21 21:00:00"
"RocketReports","MINT0574",20.0000,3218,0,3032,186,0.0000,0,0,0,0,0.0000,0,0,0,0,0.0000,0,0,0,0,0.0000,0,0,0,0,"2021-04-21 21:00:00"
"RocketReports","MINT0575",20.0000,25,0,0,25,0.0000,0,0,0,0,0.0000,0,0,0,0,0.0000,0,0,0,0,0.0000,0,0,0,0,"2021-04-21 21:00:00"
"RocketReports","MINT0577",20.0000,515,0,426,89,0.0000,0,0,0,0,0.0000,0,0,0,0,0.0000,0,0,0,0,0.0000,0,0,0,0,"2021-04-21 21:00:00"
"RocketReports","MINT0578",20.0000,3590,0,3298,292,0.0000,0,0,0,0,0.0000,0,0,0,0,0.0000,0,0,0,0,0.0000,0,0,0,0,"2021-04-21 21:00:00"
"RocketReports","MINT0579",20.0000,29,0,29,0,0.0000,0,0,0,0,0.0000,0,0,0,0,0.0000,0,0,0,0,0.0000,0,0,0,0,"2021-04-21 21:00:00"
"RocketReports","MINT0580",20.0000,200,0,5,195,0.0000,0,0,0,0,0.0000,0,0,0,0,0.0000,0,0,0,0,0.0000,0,0,0,0,"2021-04-21 21:00:00"
"RocketReports","MINT0581",20.0000,105,0,20,85,0.0000,0,0,0,0,0.0000,0,0,0,0,0.0000,0,0,0,0,0.0000,0,0,0,0,"2021-04-21 21:00:00"
"RocketReports","MINT0582",20.0000,122,0,71,51,0.0000,0,0,0,0,0.0000,0,0,0,0,0.0000,0,0,0,0,0.0000,0,0,0,0,"2021-04-21 21:00:00"
"RocketReports","MINT0583",20.0000,43,0,8,35,0.0000,0,0,0,0,0.0000,0,0,0,0,0.0000,0,0,0,0,0.0000,0,0,0,0,"2021-04-21 21:00:00"
"RocketReports","MINT0584",20.0000,150,0,46,104,0.0000,0,0,0,0,0.0000,0,0,0,0,0.0000,0,0,0,0,0.0000,0,0,0,0,"2021-04-21 21:00:00"
"RocketReports","MINT0585",20.0000,5075,0,4853,222,0.0000,0,0,0,0,0.0000,0,0,0,0,0.0000,0,0,0,0,0.0000,0,0,0,0,"2021-04-21 21:00:00"
"RocketReports","MINT0586",20.0000,1046,0,1006,40,0.0000,0,0,0,0,0.0000,0,0,0,0,0.0000,0,0,0,0,0.0000,0,0,0,0,"2021-04-21 21:00:00"
"RocketReports","MINT0587",20.0000,25,0,0,25,0.0000,0,0,0,0,0.0000,0,0,0,0,0.0000,0,0,0,0,0.0000,0,0,0,0,"2021-04-21 21:00:00"
"RocketReports","MINT0588",20.0000,75,0,9,66,0.0000,0,0,0,0,0.0000,0,0,0,0,0.0000,0,0,0,0,0.0000,0,0,0,0,"2021-04-21 21:00:00"
"RocketReports","MINT0589",20.0000,50,0,38,12,0.0000,0,0,0,0,0.0000,0,0,0,0,0.0000,0,0,0,0,0.0000,0,0,0,0,"2021-04-21 21:00:00"
"RocketReports","MINT0590",20.0000,705,0,643,62,0.0000,0,0,0,0,0.0000,0,0,0,0,0.0000,0,0,0,0,0.0000,0,0,0,0,"2021-04-21 21:00:00"
"RocketReports","MINT0591",20.0000,150,0,64,86,0.0000,0,0,0,0,0.0000,0,0,0,0,0.0000,0,0,0,0,0.0000,0,0,0,0,"2021-04-21 21:00:00"
"RocketReports","MINT0592",20.0000,24,0,12,12,0.0000,0,0,0,0,0.0000,0,0,0,0,0.0000,0,0,0,0,0.0000,0,0,0,0,"2021-04-21 21:00:00"
"RocketReports","MINT0593",20.0000,56,0,2,54,0.0000,0,0,0,0,0.0000,0,0,0,0,0.0000,0,0,0,0,0.0000,0,0,0,0,"2021-04-21 21:00:00"
"RocketReports","MINT0594",20.0000,57,0,28,29,0.0000,0,0,0,0,0.0000,0,0,0,0,0.0000,0,0,0,0,0.0000,0,0,0,0,"2021-04-21 21:00:00"
"RocketReports","MINT0595",20.0000,59,0,30,29,0.0000,0,0,0,0,0.0000,0,0,0,0,0.0000,0,0,0,0,0.0000,0,0,0,0,"2021-04-21 21:00:00"
"RocketReports","MINT0596",20.0000,1188,0,724,464,0.0000,0,0,0,0,0.0000,0,0,0,0,0.0000,0,0,0,0,0.0000,0,0,0,0,"2021-04-21 21:00:00"
"RocketReports","MINT0597",20.0000,176,0,123,53,0.0000,0,0,0,0,0.0000,0,0,0,0,0.0000,0,0,0,0,0.0000,0,0,0,0,"2021-04-21 21:00:00"
"RocketReports","MINT0598",20.0000,765,0,674,91,0.0000,0,0,0,0,0.0000,0,0,0,0,0.0000,0,0,0,0,0.0000,0,0,0,0,"2021-04-21 21:00:00"
"RocketReports","MINT0599",20.0000,2264,0,1574,690,0.0000,0,0,0,0,0.0000,0,0,0,0,0.0000,0,0,0,0,0.0000,0,0,0,0,"2021-04-21 21:00:00"
"RocketReports","MINT0600",20.0000,45,0,30,15,0.0000,0,0,0,0,0.0000,0,0,0,0,0.0000,0,0,0,0,0.0000,0,0,0,0,"2021-04-21 21:00:00"
"RocketReports","MINT0601",20.0000,578,0,533,45,0.0000,0,0,0,0,0.0000,0,0,0,0,0.0000,0,0,0,0,0.0000,0,0,0,0,"2021-04-21 21:00:00"
"RocketReports","MINT0602",20.0000,400,0,393,7,0.0000,0,0,0,0,0.0000,0,0,0,0,0.0000,0,0,0,0,0.0000,0,0,0,0,"2021-04-21 21:00:00"
"RocketReports","MINT0603",20.0000,906,0,709,197,0.0000,0,0,0,0,0.0000,0,0,0,0,0.0000,0,0,0,0,0.0000,0,0,0,0,"2021-04-21 21:00:00"
"RocketReports","MINT0604",20.0000,2635,0,2528,107,0.0000,0,0,0,0,0.0000,0,0,0,0,0.0000,0,0,0,0,0.0000,0,0,0,0,"2021-04-21 21:00:00"
"RocketReports","MINT0606",20.0000,80,0,31,49,0.0000,0,0,0,0,0.0000,0,0,0,0,0.0000,0,0,0,0,0.0000,0,0,0,0,"2021-04-21 21:00:00"
"RocketReports","MINT0609",20.0000,202,0,161,41,0.0000,0,0,0,0,0.0000,0,0,0,0,0.0000,0,0,0,0,0.0000,0,0,0,0,"2021-04-21 21:00:00"
"RocketReports","MINT0610",20.0000,248,0,139,109,0.0000,0,0,0,0,0.0000,0,0,0,0,0.0000,0,0,0,0,0.0000,0,0,0,0,"2021-04-21 21:00:00"
"RocketReports","MINT0611",20.0000,1412,0,1387,25,0.0000,0,0,0,0,0.0000,0,0,0,0,0.0000,0,0,0,0,0.0000,0,0,0,0,"2021-04-21 21:00:00"
"RocketReports","MINT0707",20.0000,170,0,162,8,0.0000,0,0,0,0,0.0000,0,0,0,0,0.0000,0,0,0,0,0.0000,0,0,0,0,"2021-04-21 21:00:00"
"RocketReports","MINT0709",20.0000,927,0,925,2,0.0000,0,0,0,0,0.0000,0,0,0,0,0.0000,0,0,0,0,0.0000,0,0,0,0,"2021-04-21 21:00:00"
"RocketReports","MINT0711",10.0000,134,0,101,33,0.0000,0,0,0,0,0.0000,0,0,0,0,0.0000,0,0,0,0,0.0000,0,0,0,0,"2021-04-21 21:00:00"
"RocketReports","MINT0712",10.0000,1647,0,1608,39,0.0000,0,0,0,0,0.0000,0,0,0,0,0.0000,0,0,0,0,0.0000,0,0,0,0,"2021-04-21 21:00:00"
"RocketReports","MINT0728",20.0000,97,0,86,11,0.0000,0,0,0,0,0.0000,0,0,0,0,0.0000,0,0,0,0,0.0000,0,0,0,0,"2021-04-21 21:00:00"
"RocketReports","MINT0820",20.0000,100,0,100,0,0.0000,0,0,0,0,0.0000,0,0,0,0,0.0000,0,0,0,0,0.0000,0,0,0,0,"2021-04-21 21:00:00"
"RocketReports","MINT0900",20.0000,85,0,2,83,0.0000,0,0,0,0,0.0000,0,0,0,0,0.0000,0,0,0,0,0.0000,0,0,0,0,"2021-04-21 21:00:00"
"RocketReports","MINT0901",20.0000,100,0,10,90,0.0000,0,0,0,0,0.0000,0,0,0,0,0.0000,0,0,0,0,0.0000,0,0,0,0,"2021-04-21 21:00:00"
"RocketReports","MINT0902",20.0000,158,0,12,146,0.0000,0,0,0,0,0.0000,0,0,0,0,0.0000,0,0,0,0,0.0000,0,0,0,0,"2021-04-21 21:00:00"
"RocketReports","MINT0903",20.0000,115,0,70,45,0.0000,0,0,0,0,0.0000,0,0,0,0,0.0000,0,0,0,0,0.0000,0,0,0,0,"2021-04-21 21:00:00"
"RocketReports","MINT0904",20.0000,1,0,0,1,0.0000,0,0,0,0,0.0000,0,0,0,0,0.0000,0,0,0,0,0.0000,0,0,0,0,"2021-04-21 21:00:00"
"RocketReports","MINT0905",20.0000,117,0,24,93,0.0000,0,0,0,0,0.0000,0,0,0,0,0.0000,0,0,0,0,0.0000,0,0,0,0,"2021-04-21 21:00:00"
"RocketReports","MINT0906",20.0000,90,0,34,56,0.0000,0,0,0,0,0.0000,0,0,0,0,0.0000,0,0,0,0,0.0000,0,0,0,0,"2021-04-21 21:00:00"
"RocketReports","MINT0907",20.0000,120,0,60,60,0.0000,0,0,0,0,0.0000,0,0,0,0,0.0000,0,0,0,0,0.0000,0,0,0,0,"2021-04-21 21:00:00"
"RocketReports","MINT0908",20.0000,165,0,130,35,0.0000,0,0,0,0,0.0000,0,0,0,0,0.0000,0,0,0,0,0.0000,0,0,0,0,"2021-04-21 21:00:00"
"RocketReports","MINT0909",20.0000,156,0,13,143,0.0000,0,0,0,0,0.0000,0,0,0,0,0.0000,0,0,0,0,0.0000,0,0,0,0,"2021-04-21 21:00:00"
"RocketReports","MINT0910",20.0000,228,0,48,180,0.0000,0,0,0,0,0.0000,0,0,0,0,0.0000,0,0,0,0,0.0000,0,0,0,0,"2021-04-21 21:00:00"
"RocketReports","MINT0912",20.0000,50,0,15,35,0.0000,0,0,0,0,0.0000,0,0,0,0,0.0000,0,0,0,0,0.0000,0,0,0,0,"2021-04-21 21:00:00"
"RocketReports","MINT0913",20.0000,400,0,140,260,0.0000,0,0,0,0,0.0000,0,0,0,0,0.0000,0,0,0,0,0.0000,0,0,0,0,"2021-04-21 21:00:00"
"RocketReports","MINT0914",20.0000,100,0,19,81,0.0000,0,0,0,0,0.0000,0,0,0,0,0.0000,0,0,0,0,0.0000,0,0,0,0,"2021-04-21 21:00:00"
"RocketReports","MINT0915",20.0000,1636,0,1585,51,0.0000,0,0,0,0,0.0000,0,0,0,0,0.0000,0,0,0,0,0.0000,0,0,0,0,"2021-04-21 21:00:00"
"RocketReports","MINT0916",20.0000,148,0,66,82,0.0000,0,0,0,0,0.0000,0,0,0,0,0.0000,0,0,0,0,0.0000,0,0,0,0,"2021-04-21 21:00:00"
"RocketReports","MINT0917",20.0000,100,0,8,92,0.0000,0,0,0,0,0.0000,0,0,0,0,0.0000,0,0,0,0,0.0000,0,0,0,0,"2021-04-21 21:00:00"
"RocketReports","MINT0918",20.0000,74,0,51,23,0.0000,0,0,0,0,0.0000,0,0,0,0,0.0000,0,0,0,0,0.0000,0,0,0,0,"2021-04-21 21:00:00"
"RocketReports","MINT0919",20.0000,333,0,93,240,0.0000,0,0,0,0,0.0000,0,0,0,0,0.0000,0,0,0,0,0.0000,0,0,0,0,"2021-04-21 21:00:00"
"RocketReports","MINT0920",20.0000,148,0,20,128,0.0000,0,0,0,0,0.0000,0,0,0,0,0.0000,0,0,0,0,0.0000,0,0,0,0,"2021-04-21 21:00:00"
"RocketReports","MINT0921",20.0000,62,0,25,37,0.0000,0,0,0,0,0.0000,0,0,0,0,0.0000,0,0,0,0,0.0000,0,0,0,0,"2021-04-21 21:00:00"
"RocketReports","MINT0922",20.0000,4961,0,4790,171,0.0000,0,0,0,0,0.0000,0,0,0,0,0.0000,0,0,0,0,0.0000,0,0,0,0,"2021-04-21 21:00:00"
"RocketReports","MINT0923",20.0000,197,0,111,86,0.0000,0,0,0,0,0.0000,0,0,0,0,0.0000,0,0,0,0,0.0000,0,0,0,0,"2021-04-21 21:00:00"
"RocketReports","MINT0924",20.0000,100,0,0,100,0.0000,0,0,0,0,0.0000,0,0,0,0,0.0000,0,0,0,0,0.0000,0,0,0,0,"2021-04-21 21:00:00"
"RocketReports","MINT0925",20.0000,185,0,110,75,0.0000,0,0,0,0,0.0000,0,0,0,0,0.0000,0,0,0,0,0.0000,0,0,0,0,"2021-04-21 21:00:00"
"RocketReports","MINT0926",20.0000,100,0,2,98,0.0000,0,0,0,0,0.0000,0,0,0,0,0.0000,0,0,0,0,0.0000,0,0,0,0,"2021-04-21 21:00:00"
"RocketReports","MINT1000",20.0000,300,0,0,300,0.0000,0,0,0,0,0.0000,0,0,0,0,0.0000,0,0,0,0,0.0000,0,0,0,0,"2021-04-21 21:00:00"
"RocketReports","MINT1001",20.0000,398,0,143,255,0.0000,0,0,0,0,0.0000,0,0,0,0,0.0000,0,0,0,0,0.0000,0,0,0,0,"2021-04-21 21:00:00"
"RocketReports","MINT1002",20.0000,262,0,10,252,0.0000,0,0,0,0,0.0000,0,0,0,0,0.0000,0,0,0,0,0.0000,0,0,0,0,"2021-04-21 21:00:00"
"RocketReports","MINT1003",20.0000,399,0,204,195,0.0000,0,0,0,0,0.0000,0,0,0,0,0.0000,0,0,0,0,0.0000,0,0,0,0,"2021-04-21 21:00:00"
"RocketReports","MINT1004",20.0000,499,0,306,193,0.0000,0,0,0,0,0.0000,0,0,0,0,0.0000,0,0,0,0,0.0000,0,0,0,0,"2021-04-21 21:00:00"
"RocketReports","MINT1006",20.0000,350,0,15,335,0.0000,0,0,0,0,0.0000,0,0,0,0,0.0000,0,0,0,0,0.0000,0,0,0,0,"2021-04-21 21:00:00"
"RocketReports","MINT1007",20.0000,1767,0,1540,227,0.0000,0,0,0,0,0.0000,0,0,0,0,0.0000,0,0,0,0,0.0000,0,0,0,0,"2021-04-21 21:00:00"
"RocketReports","MINT1009",20.0000,2,0,0,2,0.0000,0,0,0,0,0.0000,0,0,0,0,0.0000,0,0,0,0,0.0000,0,0,0,0,"2021-04-21 21:00:00"
"RocketReports","MINT1010",20.0000,0,0,0,0,0.0000,0,0,0,0,0.0000,0,0,0,0,0.0000,0,0,0,0,0.0000,0,0,0,0,"2021-04-21 21:00:00"
"RocketReports","MINT1011",20.0000,264,0,140,124,0.0000,0,0,0,0,0.0000,0,0,0,0,0.0000,0,0,0,0,0.0000,0,0,0,0,"2021-04-21 21:00:00"
"RocketReports","MINT1012",20.0000,5165,0,5019,146,0.0000,0,0,0,0,0.0000,0,0,0,0,0.0000,0,0,0,0,0.0000,0,0,0,0,"2021-04-21 21:00:00"
"RocketReports","MINT1014",20.0000,2898,0,2873,25,0.0000,0,0,0,0,0.0000,0,0,0,0,0.0000,0,0,0,0,0.0000,0,0,0,0,"2021-04-21 21:00:00"
"RocketReports","MINT1015",20.0000,200,0,35,165,0.0000,0,0,0,0,0.0000,0,0,0,0,0.0000,0,0,0,0,0.0000,0,0,0,0,"2021-04-21 21:00:00"
"RocketReports","MINT1016",20.0000,200,0,82,118,0.0000,0,0,0,0,0.0000,0,0,0,0,0.0000,0,0,0,0,0.0000,0,0,0,0,"2021-04-21 21:00:00"
"RocketReports","MINT1017",20.0000,145,0,38,107,0.0000,0,0,0,0,0.0000,0,0,0,0,0.0000,0,0,0,0,0.0000,0,0,0,0,"2021-04-21 21:00:00"
"RocketReports","MINT1018",20.0000,100,0,50,50,0.0000,0,0,0,0,0.0000,0,0,0,0,0.0000,0,0,0,0,0.0000,0,0,0,0,"2021-04-21 21:00:00"
"RocketReports","MINT1019",20.0000,70,0,0,70,0.0000,0,0,0,0,0.0000,0,0,0,0,0.0000,0,0,0,0,0.0000,0,0,0,0,"2021-04-21 21:00:00"
"RocketReports","MINT1041",20.0000,250,0,149,101,0.0000,0,0,0,0,0.0000,0,0,0,0,0.0000,0,0,0,0,0.0000,0,0,0,0,"2021-04-21 21:00:00"
"RocketReports","MINT1050",20.0000,3556,0,3482,74,0.0000,0,0,0,0,0.0000,0,0,0,0,0.0000,0,0,0,0,0.0000,0,0,0,0,"2021-04-21 21:00:00"
"RocketReports","MINT1061",20.0000,120,0,58,62,0.0000,0,0,0,0,0.0000,0,0,0,0,0.0000,0,0,0,0,0.0000,0,0,0,0,"2021-04-21 21:00:00"
"RocketReports","MINT1062",20.0000,164,0,84,80,0.0000,0,0,0,0,0.0000,0,0,0,0,0.0000,0,0,0,0,0.0000,0,0,0,0,"2021-04-21 21:00:00"
"RocketReports","MINT1063",20.0000,430,0,135,295,0.0000,0,0,0,0,0.0000,0,0,0,0,0.0000,0,0,0,0,0.0000,0,0,0,0,"2021-04-21 21:00:00"
"RocketReports","MINT1066",20.0000,178,0,53,125,0.0000,0,0,0,0,0.0000,0,0,0,0,0.0000,0,0,0,0,0.0000,0,0,0,0,"2021-04-21 21:00:00"
"RocketReports","MINT1067",20.0000,10,0,0,10,0.0000,0,0,0,0,0.0000,0,0,0,0,0.0000,0,0,0,0,0.0000,0,0,0,0,"2021-04-21 21:00:00"
"RocketReports","MINT1068",20.0000,100,0,0,100,0.0000,0,0,0,0,0.0000,0,0,0,0,0.0000,0,0,0,0,0.0000,0,0,0,0,"2021-04-21 21:00:00"
"RocketReports","MINT1069",20.0000,200,0,52,148,0.0000,0,0,0,0,0.0000,0,0,0,0,0.0000,0,0,0,0,0.0000,0,0,0,0,"2021-04-21 21:00:00"
"RocketReports","MINT1070",20.0000,68,0,41,27,0.0000,0,0,0,0,0.0000,0,0,0,0,0.0000,0,0,0,0,0.0000,0,0,0,0,"2021-04-21 21:00:00"
"RocketReports","MINT1071",20.0000,65,0,14,51,0.0000,0,0,0,0,0.0000,0,0,0,0,0.0000,0,0,0,0,0.0000,0,0,0,0,"2021-04-21 21:00:00"
"RocketReports","MINT1072",20.0000,60,0,18,42,0.0000,0,0,0,0,0.0000,0,0,0,0,0.0000,0,0,0,0,0.0000,0,0,0,0,"2021-04-21 21:00:00"
"RocketReports","MINT1073",20.0000,117,0,70,47,0.0000,0,0,0,0,0.0000,0,0,0,0,0.0000,0,0,0,0,0.0000,0,0,0,0,"2021-04-21 21:00:00"
"RocketReports","MINT1074",20.0000,4917,0,4903,14,0.0000,0,0,0,0,0.0000,0,0,0,0,0.0000,0,0,0,0,0.0000,0,0,0,0,"2021-04-21 21:00:00"
"RocketReports","MINT1075",20.0000,40,0,35,5,0.0000,0,0,0,0,0.0000,0,0,0,0,0.0000,0,0,0,0,0.0000,0,0,0,0,"2021-04-21 21:00:00"
"RocketReports","MINT1076",20.0000,20,0,20,0,0.0000,0,0,0,0,0.0000,0,0,0,0,0.0000,0,0,0,0,0.0000,0,0,0,0,"2021-04-21 21:00:00"
"RocketReports","MINT1077",20.0000,639,0,340,299,0.0000,0,0,0,0,0.0000,0,0,0,0,0.0000,0,0,0,0,0.0000,0,0,0,0,"2021-04-21 21:00:00"
"RocketReports","MINT1078",20.0000,954,0,794,160,0.0000,0,0,0,0,0.0000,0,0,0,0,0.0000,0,0,0,0,0.0000,0,0,0,0,"2021-04-21 21:00:00"
"RocketReports","MINT1079",20.0000,14,0,0,14,0.0000,0,0,0,0,0.0000,0,0,0,0,0.0000,0,0,0,0,0.0000,0,0,0,0,"2021-04-21 21:00:00"
"RocketReports","MINT1080",20.0000,149,0,77,72,0.0000,0,0,0,0,0.0000,0,0,0,0,0.0000,0,0,0,0,0.0000,0,0,0,0,"2021-04-21 21:00:00"
"RocketReports","MINT1081",20.0000,25,0,4,21,0.0000,0,0,0,0,0.0000,0,0,0,0,0.0000,0,0,0,0,0.0000,0,0,0,0,"2021-04-21 21:00:00"
"RocketReports","MINT1082",20.0000,50,0,0,50,0.0000,0,0,0,0,0.0000,0,0,0,0,0.0000,0,0,0,0,0.0000,0,0,0,0,"2021-04-21 21:00:00"
"RocketReports","MINT1083",20.0000,252,0,138,114,0.0000,0,0,0,0,0.0000,0,0,0,0,0.0000,0,0,0,0,0.0000,0,0,0,0,"2021-04-21 21:00:00"
"RocketReports","MINT1084",20.0000,75,0,16,59,0.0000,0,0,0,0,0.0000,0,0,0,0,0.0000,0,0,0,0,0.0000,0,0,0,0,"2021-04-21 21:00:00"
"RocketReports","MINT1085",20.0000,10,0,0,10,0.0000,0,0,0,0,0.0000,0,0,0,0,0.0000,0,0,0,0,0.0000,0,0,0,0,"2021-04-21 21:00:00"
"RocketReports","MINT1086",20.0000,10,0,0,10,0.0000,0,0,0,0,0.0000,0,0,0,0,0.0000,0,0,0,0,0.0000,0,0,0,0,"2021-04-21 21:00:00"
"RocketReports","MINT1090",20.0000,10,0,0,10,0.0000,0,0,0,0,0.0000,0,0,0,0,0.0000,0,0,0,0,0.0000,0,0,0,0,"2021-04-21 21:00:00"
"RocketReports","MINT2000",20.0000,10,0,5,5,0.0000,0,0,0,0,0.0000,0,0,0,0,0.0000,0,0,0,0,0.0000,0,0,0,0,"2021-04-21 21:00:00"
"RocketReports","MINT3000",20.0000,196,0,44,152,0.0000,0,0,0,0,0.0000,0,0,0,0,0.0000,0,0,0,0,0.0000,0,0,0,0,"2021-04-21 21:00:00"
"RocketReports","MINT3001",20.0000,166,0,60,106,0.0000,0,0,0,0,0.0000,0,0,0,0,0.0000,0,0,0,0,0.0000,0,0,0,0,"2021-04-21 21:00:00"
"RocketReports","MINT3002",20.0000,150,0,122,28,0.0000,0,0,0,0,0.0000,0,0,0,0,0.0000,0,0,0,0,0.0000,0,0,0,0,"2021-04-21 21:00:00"
"RocketReports","MINT3003",20.0000,110,0,65,45,0.0000,0,0,0,0,0.0000,0,0,0,0,0.0000,0,0,0,0,0.0000,0,0,0,0,"2021-04-21 21:00:00"
"RocketReports","MINT4000",20.0000,2441,0,2404,37,0.0000,0,0,0,0,0.0000,0,0,0,0,0.0000,0,0,0,0,0.0000,0,0,0,0,"2021-04-21 21:00:00"
"RocketReports","MINT4001",20.0000,200,0,55,145,0.0000,0,0,0,0,0.0000,0,0,0,0,0.0000,0,0,0,0,0.0000,0,0,0,0,"2021-04-21 21:00:00"
"RocketReports","MINT4002",20.0000,100,0,0,100,0.0000,0,0,0,0,0.0000,0,0,0,0,0.0000,0,0,0,0,0.0000,0,0,0,0,"2021-04-21 21:00:00"
"RocketReports","MINT4003",20.0000,651,0,237,414,0.0000,0,0,0,0,0.0000,0,0,0,0,0.0000,0,0,0,0,0.0000,0,0,0,0,"2021-04-21 21:00:00"
"RocketReports","MINT4004",20.0000,150,0,3,147,0.0000,0,0,0,0,0.0000,0,0,0,0,0.0000,0,0,0,0,0.0000,0,0,0,0,"2021-04-21 21:00:00"
"RocketReports","MINT4005",20.0000,5916,0,5787,129,0.0000,0,0,0,0,0.0000,0,0,0,0,0.0000,0,0,0,0,0.0000,0,0,0,0,"2021-04-21 21:00:00"
"RocketReports","MINT4006",20.0000,150,0,3,147,0.0000,0,0,0,0,0.0000,0,0,0,0,0.0000,0,0,0,0,0.0000,0,0,0,0,"2021-04-21 21:00:00"
"RocketReports","MINT4007",20.0000,100,0,0,100,0.0000,0,0,0,0,0.0000,0,0,0,0,0.0000,0,0,0,0,0.0000,0,0,0,0,"2021-04-21 21:00:00"
"RocketReports","MINT4008",20.0000,1,0,0,1,0.0000,0,0,0,0,0.0000,0,0,0,0,0.0000,0,0,0,0,0.0000,0,0,0,0,"2021-04-21 21:00:00"
"RocketReports","MINT4009",20.0000,973,0,589,384,0.0000,0,0,0,0,0.0000,0,0,0,0,0.0000,0,0,0,0,0.0000,0,0,0,0,"2021-04-21 21:00:00"
"RocketReports","MINT4010",20.0000,1744,0,1462,282,0.0000,0,0,0,0,0.0000,0,0,0,0,0.0000,0,0,0,0,0.0000,0,0,0,0,"2021-04-21 21:00:00"
"RocketReports","MINT4011",20.0000,194,0,5,189,0.0000,0,0,0,0,0.0000,0,0,0,0,0.0000,0,0,0,0,0.0000,0,0,0,0,"2021-04-21 21:00:00"
"RocketReports","MINT4012",20.0000,1246,0,1235,11,0.0000,0,0,0,0,0.0000,0,0,0,0,0.0000,0,0,0,0,0.0000,0,0,0,0,"2021-04-21 21:00:00"
"RocketReports","MINT4013",20.0000,25,0,24,1,0.0000,0,0,0,0,0.0000,0,0,0,0,0.0000,0,0,0,0,0.0000,0,0,0,0,"2021-04-21 21:00:00"
"RocketReports","MINT4014",20.0000,337,0,12,325,0.0000,0,0,0,0,0.0000,0,0,0,0,0.0000,0,0,0,0,0.0000,0,0,0,0,"2021-04-21 21:00:00"
"RocketReports","MINT4015",20.0000,700,0,3,697,0.0000,0,0,0,0,0.0000,0,0,0,0,0.0000,0,0,0,0,0.0000,0,0,0,0,"2021-04-21 21:00:00"
"RocketReports","MINT4019",20.0000,99,0,45,54,0.0000,0,0,0,0,0.0000,0,0,0,0,0.0000,0,0,0,0,0.0000,0,0,0,0,"2021-04-21 21:00:00"
"RocketReports","MINT4020",20.0000,671,0,571,100,0.0000,0,0,0,0,0.0000,0,0,0,0,0.0000,0,0,0,0,0.0000,0,0,0,0,"2021-04-21 21:00:00"
"RocketReports","MINT4021",20.0000,322,0,232,90,0.0000,0,0,0,0,0.0000,0,0,0,0,0.0000,0,0,0,0,0.0000,0,0,0,0,"2021-04-21 21:00:00"
"RocketReports","MINT4022",20.0000,902,0,342,560,0.0000,0,0,0,0,0.0000,0,0,0,0,0.0000,0,0,0,0,0.0000,0,0,0,0,"2021-04-21 21:00:00"
"RocketReports","MINT4023",20.0000,298,0,297,1,0.0000,0,0,0,0,0.0000,0,0,0,0,0.0000,0,0,0,0,0.0000,0,0,0,0,"2021-04-21 21:00:00"
"RocketReports","MINT4024",20.0000,106,0,48,58,0.0000,0,0,0,0,0.0000,0,0,0,0,0.0000,0,0,0,0,0.0000,0,0,0,0,"2021-04-21 21:00:00"
"RocketReports","MINT4026",20.0000,212,0,209,3,0.0000,0,0,0,0,0.0000,0,0,0,0,0.0000,0,0,0,0,0.0000,0,0,0,0,"2021-04-21 21:00:00"
"RocketReports","MINT4028",20.0000,96,0,15,81,0.0000,0,0,0,0,0.0000,0,0,0,0,0.0000,0,0,0,0,0.0000,0,0,0,0,"2021-04-21 21:00:00"
"RocketReports","MINT4030",20.0000,198,0,152,46,0.0000,0,0,0,0,0.0000,0,0,0,0,0.0000,0,0,0,0,0.0000,0,0,0,0,"2021-04-21 21:00:00"
"RocketReports","MINT4031",20.0000,1780,0,1666,114,0.0000,0,0,0,0,0.0000,0,0,0,0,0.0000,0,0,0,0,0.0000,0,0,0,0,"2021-04-21 21:00:00"
"RocketReports","MINT4032",20.0000,100,0,7,93,0.0000,0,0,0,0,0.0000,0,0,0,0,0.0000,0,0,0,0,0.0000,0,0,0,0,"2021-04-21 21:00:00"
"RocketReports","MINT4033",20.0000,733,0,163,570,0.0000,0,0,0,0,0.0000,0,0,0,0,0.0000,0,0,0,0,0.0000,0,0,0,0,"2021-04-21 21:00:00"
"RocketReports","MINT4034",20.0000,25,0,16,9,0.0000,0,0,0,0,0.0000,0,0,0,0,0.0000,0,0,0,0,0.0000,0,0,0,0,"2021-04-21 21:00:00"
"RocketReports","MINT5000",20.0000,400,0,201,199,0.0000,0,0,0,0,0.0000,0,0,0,0,0.0000,0,0,0,0,0.0000,0,0,0,0,"2021-04-21 21:00:00"
"RocketReports","MINT5001",20.0000,311,0,225,86,0.0000,0,0,0,0,0.0000,0,0,0,0,0.0000,0,0,0,0,0.0000,0,0,0,0,"2021-04-21 21:00:00"
"RocketReports","MINT5002",20.0000,339,0,229,110,0.0000,0,0,0,0,0.0000,0,0,0,0,0.0000,0,0,0,0,0.0000,0,0,0,0,"2021-04-21 21:00:00"
"RocketReports","MINT5003",20.0000,64,0,20,44,0.0000,0,0,0,0,0.0000,0,0,0,0,0.0000,0,0,0,0,0.0000,0,0,0,0,"2021-04-21 21:00:00"
"RocketReports","MINT5004",20.0000,73,0,38,35,0.0000,0,0,0,0,0.0000,0,0,0,0,0.0000,0,0,0,0,0.0000,0,0,0,0,"2021-04-21 21:00:00"
"RocketReports","MINT5005",20.0000,126,0,119,7,0.0000,0,0,0,0,0.0000,0,0,0,0,0.0000,0,0,0,0,0.0000,0,0,0,0,"2021-04-21 21:00:00"
"RocketReports","MINT5006",20.0000,95,0,84,11,0.0000,0,0,0,0,0.0000,0,0,0,0,0.0000,0,0,0,0,0.0000,0,0,0,0,"2021-04-21 21:00:00"
"RocketReports","MINT5007",20.0000,63,0,2,61,0.0000,0,0,0,0,0.0000,0,0,0,0,0.0000,0,0,0,0,0.0000,0,0,0,0,"2021-04-21 21:00:00"
"RocketReports","MINT9997",20.0000,50,0,0,50,0.0000,0,0,0,0,0.0000,0,0,0,0,0.0000,0,0,0,0,0.0000,0,0,0,0,"2021-04-21 21:00:00"
"RocketReports","MINT9998",20.0000,50,0,0,50,0.0000,0,0,0,0,0.0000,0,0,0,0,0.0000,0,0,0,0,0.0000,0,0,0,0,"2021-04-21 21:00:00"
"RocketReports","MINT9999",20.0000,50,0,0,50,0.0000,0,0,0,0,0.0000,0,0,0,0,0.0000,0,0,0,0,0.0000,0,0,0,0,"2021-04-21 21:00:00"
"RocketReports","MINTHI11",20.0000,499,0,59,440,0.0000,0,0,0,0,0.0000,0,0,0,0,0.0000,0,0,0,0,0.0000,0,0,0,0,"2021-04-21 21:00:00"
"RocketReports","MINTHI21",20.0000,125,0,78,47,0.0000,0,0,0,0,0.0000,0,0,0,0,0.0000,0,0,0,0,0.0000,0,0,0,0,"2021-04-21 21:00:00"
"RocketReports","MINTHI21",0.0000,0,0,0,0,20.0000,125,0,71,54,0.0000,0,0,0,0,0.0000,0,0,0,0,0.0000,0,0,0,0,"2021-04-21 21:00:00"
"RocketReports","MINTHI31",20.0000,145,0,22,123,0.0000,0,0,0,0,0.0000,0,0,0,0,0.0000,0,0,0,0,0.0000,0,0,0,0,"2021-04-21 21:00:00"
"RocketReports","MINTHI31",0.0000,0,0,0,0,20.0000,145,0,19,126,0.0000,0,0,0,0,0.0000,0,0,0,0,0.0000,0,0,0,0,"2021-04-21 21:00:00"
"RocketReports","MINTHI32",20.0000,250,0,174,76,0.0000,0,0,0,0,0.0000,0,0,0,0,0.0000,0,0,0,0,0.0000,0,0,0,0,"2021-04-21 21:00:00"
"RocketReports","MINTHI41",20.0000,400,0,20,380,0.0000,0,0,0,0,0.0000,0,0,0,0,0.0000,0,0,0,0,0.0000,0,0,0,0,"2021-04-21 21:00:00"
"RocketReports","MINTHI42",20.0000,119,0,2,117,0.0000,0,0,0,0,0.0000,0,0,0,0,0.0000,0,0,0,0,0.0000,0,0,0,0,"2021-04-21 21:00:00"
"RocketReports","MINTHI51",20.0000,348,0,20,328,0.0000,0,0,0,0,0.0000,0,0,0,0,0.0000,0,0,0,0,0.0000,0,0,0,0,"2021-04-21 21:00:00"
"RocketReports","MINTHI51",0.0000,0,0,0,0,20.0000,349,0,18,331,0.0000,0,0,0,0,0.0000,0,0,0,0,0.0000,0,0,0,0,"2021-04-21 21:00:00"
"RocketReports","MINTHI52",20.0000,158,0,0,158,0.0000,0,0,0,0,0.0000,0,0,0,0,0.0000,0,0,0,0,0.0000,0,0,0,0,"2021-04-21 21:00:00"
"RocketReports","MINTHI61",20.0000,257,0,130,127,0.0000,0,0,0,0,0.0000,0,0,0,0,0.0000,0,0,0,0,0.0000,0,0,0,0,"2021-04-21 21:00:00"
"RocketReports","MINTHI61",0.0000,0,0,0,0,20.0000,257,0,129,128,0.0000,0,0,0,0,0.0000,0,0,0,0,0.0000,0,0,0,0,"2021-04-21 21:00:00"
"RocketReports","MINTHI62",20.0000,819,0,261,558,0.0000,0,0,0,0,0.0000,0,0,0,0,0.0000,0,0,0,0,0.0000,0,0,0,0,"2021-04-21 21:00:00"
"RocketReports","MINTHI71",20.0000,2400,0,1727,673,0.0000,0,0,0,0,0.0000,0,0,0,0,0.0000,0,0,0,0,0.0000,0,0,0,0,"2021-04-21 21:00:00"
"RocketReports","MINTHI71",0.0000,0,0,0,0,20.0000,0,0,0,0,0.0000,0,0,0,0,0.0000,0,0,0,0,0.0000,0,0,0,0,"2021-04-21 21:00:00"
"RocketReports","MINTPLB1",20.0000,239,0,71,168,0.0000,0,0,0,0,0.0000,0,0,0,0,0.0000,0,0,0,0,0.0000,0,0,0,0,"2021-04-21 21:00:00"
"RocketReports","MINTPLB2",20.0000,265,0,158,107,0.0000,0,0,0,0,0.0000,0,0,0,0,0.0000,0,0,0,0,0.0000,0,0,0,0,"2021-04-21 21:00:00"
"RocketReports","MINTPLB3",20.0000,250,0,45,205,0.0000,0,0,0,0,0.0000,0,0,0,0,0.0000,0,0,0,0,0.0000,0,0,0,0,"2021-04-21 21:00:00"
"RocketReports","MINTPLB4",20.0000,294,0,17,277,0.0000,0,0,0,0,0.0000,0,0,0,0,0.0000,0,0,0,0,0.0000,0,0,0,0,"2021-04-21 21:00:00"
"RocketReports","MINTPLB5",20.0000,300,0,84,216,0.0000,0,0,0,0,0.0000,0,0,0,0,0.0000,0,0,0,0,0.0000,0,0,0,0,"2021-04-21 21:00:00"
"RocketReports","MINTPMH1",20.0000,403,0,77,326,0.0000,0,0,0,0,0.0000,0,0,0,0,0.0000,0,0,0,0,0.0000,0,0,0,0,"2021-04-21 21:00:00"
"RocketReports","MINTPMH2",20.0000,555,0,215,340,0.0000,0,0,0,0,0.0000,0,0,0,0,0.0000,0,0,0,0,0.0000,0,0,0,0,"2021-04-21 21:00:00"
"RocketReports","MINTPMH3",20.0000,240,0,45,195,0.0000,0,0,0,0,0.0000,0,0,0,0,0.0000,0,0,0,0,0.0000,0,0,0,0,"2021-04-21 21:00:00"
"RocketReports","TNS5GBZ3",20.0000,410,0,145,265,0.0000,0,0,0,0,0.0000,0,0,0,0,0.0000,0,0,0,0,0.0000,0,0,0,0,"2021-04-21 21:00:00"
"RocketReports","TNS5GBZ4",20.0000,202,0,133,69,0.0000,0,0,0,0,0.0000,0,0,0,0,0.0000,0,0,0,0,0.0000,0,0,0,0,"2021-04-21 21:00:00"
