"RocketReports","MINT0009",155,105,0.6774,50,0.3225,22,10,5,0,0,0,13
"RocketReports","MINT0010",18,17,0.9444,1,0.0555,0,0,0,0,0,0,1
"RocketReports","MINT0026",2,2,1.0000,0,0.0000,0,0,0,0,0,0,0
"RocketReports","MINT0028",7,4,0.5714,3,0.4285,1,0,0,0,0,0,2
"RocketReports","MINT0032",6,6,1.0000,0,0.0000,0,0,0,0,0,0,0
"RocketReports","MINT0041",4,4,1.0000,0,0.0000,0,0,0,0,0,0,0
"RocketReports","MINT0042",17,11,0.6470,6,0.3529,5,0,1,0,0,0,0
"RocketReports","MINT0044",1,1,1.0000,0,0.0000,0,0,0,0,0,0,0
"RocketReports","MINT0050",1,1,1.0000,0,0.0000,0,0,0,0,0,0,0
"RocketReports","MINT0051",1,1,1.0000,0,0.0000,0,0,0,0,0,0,0
"RocketReports","MINT0054",1,1,1.0000,0,0.0000,0,0,0,0,0,0,0
"RocketReports","MINT0056",2,2,1.0000,0,0.0000,0,0,0,0,0,0,0
"RocketReports","MINT0059",11,10,0.9090,1,0.0909,1,0,0,0,0,0,0
"RocketReports","MINT0065",2,2,1.0000,0,0.0000,0,0,0,0,0,0,0
"RocketReports","MINT0067",6,6,1.0000,0,0.0000,0,0,0,0,0,0,0
"RocketReports","MINT0068",1,1,1.0000,0,0.0000,0,0,0,0,0,0,0
"RocketReports","MINT0069",35,31,0.8857,4,0.1142,3,1,0,0,0,0,0
"RocketReports","MINT0106",2,2,1.0000,0,0.0000,0,0,0,0,0,0,0
"RocketReports","MINT0107",3,3,1.0000,0,0.0000,0,0,0,0,0,0,0
"RocketReports","MINT0108",1,1,1.0000,0,0.0000,0,0,0,0,0,0,0
"RocketReports","MINT0109",3,3,1.0000,0,0.0000,0,0,0,0,0,0,0
"RocketReports","MINT0110",1,0,0.0000,1,1.0000,1,0,0,0,0,0,0
"RocketReports","MINT0112",3,3,1.0000,0,0.0000,0,0,0,0,0,0,0
"RocketReports","MINT0116",7,7,1.0000,0,0.0000,0,0,0,0,0,0,0
"RocketReports","MINT0118",1,1,1.0000,0,0.0000,0,0,0,0,0,0,0
"RocketReports","MINT0120",1,1,1.0000,0,0.0000,0,0,0,0,0,0,0
"RocketReports","MINT0121",9,4,0.4444,5,0.5555,2,3,0,0,0,0,0
"RocketReports","MINT0125",1,1,1.0000,0,0.0000,0,0,0,0,0,0,0
"RocketReports","MINT0127",7,7,1.0000,0,0.0000,0,0,0,0,0,0,0
"RocketReports","MINT0133",2,2,1.0000,0,0.0000,0,0,0,0,0,0,0
"RocketReports","MINT0137",4,3,0.7500,1,0.2500,1,0,0,0,0,0,0
"RocketReports","MINT0138",4,4,1.0000,0,0.0000,0,0,0,0,0,0,0
"RocketReports","MINT0142",2,2,1.0000,0,0.0000,0,0,0,0,0,0,0
"RocketReports","MINT0144",3,3,1.0000,0,0.0000,0,0,0,0,0,0,0
"RocketReports","MINT0145",1,1,1.0000,0,0.0000,0,0,0,0,0,0,0
"RocketReports","MINT0152",6,5,0.8333,1,0.1666,1,0,0,0,0,0,0
"RocketReports","MINT0153",1,1,1.0000,0,0.0000,0,0,0,0,0,0,0
"RocketReports","MINT0154",4,2,0.5000,2,0.5000,2,0,0,0,0,0,0
"RocketReports","MINT0157",1,1,1.0000,0,0.0000,0,0,0,0,0,0,0
"RocketReports","MINT0208",4,4,1.0000,0,0.0000,0,0,0,0,0,0,0
"RocketReports","MINT0209",6,3,0.5000,3,0.5000,2,1,0,0,0,0,0
"RocketReports","MINT0351",2,1,0.5000,1,0.5000,0,0,0,0,0,0,1
"RocketReports","MINT0353",2,1,0.5000,1,0.5000,1,0,0,0,0,0,0
"RocketReports","MINT0355",8,7,0.8750,1,0.1250,1,0,0,0,0,0,0
"RocketReports","MINT0357",2,2,1.0000,0,0.0000,0,0,0,0,0,0,0
"RocketReports","MINT0358",13,7,0.5384,6,0.4615,0,0,4,0,0,1,1
"RocketReports","MINT0359",1,1,1.0000,0,0.0000,0,0,0,0,0,0,0
"RocketReports","MINT0360",4,4,1.0000,0,0.0000,0,0,0,0,0,0,0
"RocketReports","MINT0402",2,2,1.0000,0,0.0000,0,0,0,0,0,0,0
"RocketReports","MINT0412",1,1,1.0000,0,0.0000,0,0,0,0,0,0,0
"RocketReports","MINT0413",1,1,1.0000,0,0.0000,0,0,0,0,0,0,0
"RocketReports","MINT0494",9,5,0.5555,4,0.4444,0,0,2,0,0,0,2
"RocketReports","MINT0495",4,4,1.0000,0,0.0000,0,0,0,0,0,0,0
"RocketReports","MINT0496",7,7,1.0000,0,0.0000,0,0,0,0,0,0,0
"RocketReports","MINT0497",2,2,1.0000,0,0.0000,0,0,0,0,0,0,0
"RocketReports","MINT0508",79,73,0.9240,6,0.0759,2,0,3,0,0,0,1
"RocketReports","MINT0527",2,1,0.5000,1,0.5000,1,0,0,0,0,0,0
"RocketReports","MINT0532",18,17,0.9444,1,0.0555,1,0,0,0,0,0,0
"RocketReports","MINT0533",11,7,0.6363,4,0.3636,0,0,4,0,0,0,0
"RocketReports","MINT0535",1,1,1.0000,0,0.0000,0,0,0,0,0,0,0
"RocketReports","MINT0542",1,1,1.0000,0,0.0000,0,0,0,0,0,0,0
"RocketReports","MINT0545",3,3,1.0000,0,0.0000,0,0,0,0,0,0,0
"RocketReports","MINT0546",2,2,1.0000,0,0.0000,0,0,0,0,0,0,0
"RocketReports","MINT0550",27,27,1.0000,0,0.0000,0,0,0,0,0,0,0
"RocketReports","MINT0556",1,1,1.0000,0,0.0000,0,0,0,0,0,0,0
"RocketReports","MINT0557",8,6,0.7500,2,0.2500,0,0,0,0,0,0,2
"RocketReports","MINT0559",4,4,1.0000,0,0.0000,0,0,0,0,0,0,0
"RocketReports","MINT0561",4,4,1.0000,0,0.0000,0,0,0,0,0,0,0
"RocketReports","MINT0562",8,8,1.0000,0,0.0000,0,0,0,0,0,0,0
"RocketReports","MINT0563",2,2,1.0000,0,0.0000,0,0,0,0,0,0,0
"RocketReports","MINT0564",7,7,1.0000,0,0.0000,0,0,0,0,0,0,0
"RocketReports","MINT0567",9,9,1.0000,0,0.0000,0,0,0,0,0,0,0
"RocketReports","MINT0569",10,10,1.0000,0,0.0000,0,0,0,0,0,0,0
"RocketReports","MINT0570",6,5,0.8333,1,0.1666,1,0,0,0,0,0,0
"RocketReports","MINT0572",10,9,0.9000,1,0.1000,1,0,0,0,0,0,0
"RocketReports","MINT0574",2,2,1.0000,0,0.0000,0,0,0,0,0,0,0
"RocketReports","MINT0579",2,2,1.0000,0,0.0000,0,0,0,0,0,0,0
"RocketReports","MINT0585",3,3,1.0000,0,0.0000,0,0,0,0,0,0,0
"RocketReports","MINT0588",4,4,1.0000,0,0.0000,0,0,0,0,0,0,0
"RocketReports","MINT0591",1,1,1.0000,0,0.0000,0,0,0,0,0,0,0
"RocketReports","MINT0592",3,3,1.0000,0,0.0000,0,0,0,0,0,0,0
"RocketReports","MINT0594",5,5,1.0000,0,0.0000,0,0,0,0,0,0,0
"RocketReports","MINT0595",4,4,1.0000,0,0.0000,0,0,0,0,0,0,0
"RocketReports","MINT0596",17,17,1.0000,0,0.0000,0,0,0,0,0,0,0
"RocketReports","MINT0599",32,29,0.9062,3,0.0937,1,0,2,0,0,0,0
"RocketReports","MINT0707",2,0,0.0000,2,1.0000,0,0,0,0,0,0,2
"RocketReports","MINT0906",3,1,0.3333,2,0.6666,0,0,0,0,0,0,2
"RocketReports","MINT0908",2,2,1.0000,0,0.0000,0,0,0,0,0,0,0
"RocketReports","MINT0909",1,1,1.0000,0,0.0000,0,0,0,0,0,0,0
"RocketReports","MINT0910",8,3,0.3750,5,0.6250,2,1,0,0,0,0,2
"RocketReports","MINT0912",1,1,1.0000,0,0.0000,0,0,0,0,0,0,0
"RocketReports","MINT0913",3,2,0.6666,1,0.3333,1,0,0,0,0,0,0
"RocketReports","MINT0916",2,2,1.0000,0,0.0000,0,0,0,0,0,0,0
"RocketReports","MINT0918",1,1,1.0000,0,0.0000,0,0,0,0,0,0,0
"RocketReports","MINT0920",1,1,1.0000,0,0.0000,0,0,0,0,0,0,0
"RocketReports","MINT0922",3,3,1.0000,0,0.0000,0,0,0,0,0,0,0
"RocketReports","MINT0923",2,2,1.0000,0,0.0000,0,0,0,0,0,0,0
"RocketReports","MINT0926",1,1,1.0000,0,0.0000,0,0,0,0,0,0,0
"RocketReports","MINT1012",5,5,1.0000,0,0.0000,0,0,0,0,0,0,0
"RocketReports","MINT1016",29,29,1.0000,0,0.0000,0,0,0,0,0,0,0
"RocketReports","MINT1041",3,3,1.0000,0,0.0000,0,0,0,0,0,0,0
"RocketReports","MINT1050",2,2,1.0000,0,0.0000,0,0,0,0,0,0,0
"RocketReports","MINT1063",48,43,0.8958,5,0.1041,3,0,1,0,0,0,1
"RocketReports","MINT1069",1,1,1.0000,0,0.0000,0,0,0,0,0,0,0
"RocketReports","MINT1070",3,3,1.0000,0,0.0000,0,0,0,0,0,0,0
"RocketReports","MINT1073",2,2,1.0000,0,0.0000,0,0,0,0,0,0,0
"RocketReports","MINT1074",4,3,0.7500,1,0.2500,1,0,0,0,0,0,0
"RocketReports","MINT1075",16,14,0.8750,2,0.1250,1,1,0,0,0,0,0
"RocketReports","MINT1076",3,3,1.0000,0,0.0000,0,0,0,0,0,0,0
"RocketReports","MINT1077",3,2,0.6666,1,0.3333,0,0,1,0,0,0,0
"RocketReports","MINT1078",1,1,1.0000,0,0.0000,0,0,0,0,0,0,0
"RocketReports","MINT1083",4,4,1.0000,0,0.0000,0,0,0,0,0,0,0
"RocketReports","MINT3000",5,3,0.6000,2,0.4000,1,0,0,0,0,0,1
"RocketReports","MINT3001",4,4,1.0000,0,0.0000,0,0,0,0,0,0,0
"RocketReports","MINT3002",1,1,1.0000,0,0.0000,0,0,0,0,0,0,0
"RocketReports","MINT4003",30,27,0.9000,3,0.1000,2,0,0,0,0,1,0
"RocketReports","MINT4014",5,5,1.0000,0,0.0000,0,0,0,0,0,0,0
"RocketReports","MINT4028",2,2,1.0000,0,0.0000,0,0,0,0,0,0,0
"RocketReports","MINT4031",7,7,1.0000,0,0.0000,0,0,0,0,0,0,0
"RocketReports","MINT4033",9,9,1.0000,0,0.0000,0,0,0,0,0,0,0
"RocketReports","MINT5001",17,16,0.9411,1,0.0588,1,0,0,0,0,0,0
"RocketReports","MINT5002",3,3,1.0000,0,0.0000,0,0,0,0,0,0,0
"RocketReports","MINT5006",1,1,1.0000,0,0.0000,0,0,0,0,0,0,0
"RocketReports","MINT5007",1,1,1.0000,0,0.0000,0,0,0,0,0,0,0
"RocketReports","MINTHI11",1,1,1.0000,0,0.0000,0,0,0,0,0,0,0
"RocketReports","MINTHI41",1,1,1.0000,0,0.0000,0,0,0,0,0,0,0
"RocketReports","MINTHI51",2,2,1.0000,0,0.0000,0,0,0,0,0,0,0
"RocketReports","MINTHI61",1,1,1.0000,0,0.0000,0,0,0,0,0,0,0
"RocketReports","MINTHI62",11,10,0.9090,1,0.0909,1,0,0,0,0,0,0
"RocketReports","MINTHI71",20,18,0.9000,2,0.1000,2,0,0,0,0,0,0
"RocketReports","MINTPLB2",2,2,1.0000,0,0.0000,0,0,0,0,0,0,0
"RocketReports","MINTPLB3",5,5,1.0000,0,0.0000,0,0,0,0,0,0,0
"RocketReports","MINTPLB4",4,3,0.7500,1,0.2500,1,0,0,0,0,0,0
"RocketReports","MINTPMH2",2,2,1.0000,0,0.0000,0,0,0,0,0,0,0
"RocketReports","TNS5GBZ3",11,11,1.0000,0,0.0000,0,0,0,0,0,0,0
"RocketReports","TNS5GBZ4",9,5,0.5555,4,0.4444,4,0,0,0,0,0,0
