"RocketReports","MINT0007",20.0000,746,0,746,0,0.0000,0,0,0,0,0.0000,0,0,0,0,0.0000,0,0,0,0,0.0000,0,0,0,0,"2021-07-03 21:00:00"
"RocketReports","MINT0009",20.0000,1679,0,468,1211,0.0000,0,0,0,0,0.0000,0,0,0,0,0.0000,0,0,0,0,0.0000,0,0,0,0,"2021-07-03 21:00:00"
"RocketReports","MINT0010",20.0000,770,0,767,3,0.0000,0,0,0,0,0.0000,0,0,0,0,0.0000,0,0,0,0,0.0000,0,0,0,0,"2021-07-03 21:00:00"
"RocketReports","MINT0012",20.0000,6921,0,6886,35,0.0000,0,0,0,0,0.0000,0,0,0,0,0.0000,0,0,0,0,0.0000,0,0,0,0,"2021-07-03 21:00:00"
"RocketReports","MINT0014",20.0000,197,0,0,197,0.0000,0,0,0,0,0.0000,0,0,0,0,0.0000,0,0,0,0,0.0000,0,0,0,0,"2021-07-03 21:00:00"
"RocketReports","MINT0025",20.0000,694,0,525,169,0.0000,0,0,0,0,0.0000,0,0,0,0,0.0000,0,0,0,0,0.0000,0,0,0,0,"2021-07-03 21:00:00"
"RocketReports","MINT0026",20.0000,379,0,234,145,0.0000,0,0,0,0,0.0000,0,0,0,0,0.0000,0,0,0,0,0.0000,0,0,0,0,"2021-07-03 21:00:00"
"RocketReports","MINT0027",20.0000,1342,0,1189,153,0.0000,0,0,0,0,0.0000,0,0,0,0,0.0000,0,0,0,0,0.0000,0,0,0,0,"2021-07-03 21:00:00"
"RocketReports","MINT0028",20.0000,3929,0,3819,110,0.0000,0,0,0,0,0.0000,0,0,0,0,0.0000,0,0,0,0,0.0000,0,0,0,0,"2021-07-03 21:00:00"
"RocketReports","MINT0030",20.0000,234,0,166,68,0.0000,0,0,0,0,0.0000,0,0,0,0,0.0000,0,0,0,0,0.0000,0,0,0,0,"2021-07-03 21:00:00"
"RocketReports","MINT0031",20.0000,481,0,412,69,0.0000,0,0,0,0,0.0000,0,0,0,0,0.0000,0,0,0,0,0.0000,0,0,0,0,"2021-07-03 21:00:00"
"RocketReports","MINT0032",20.0000,1118,0,1109,9,0.0000,0,0,0,0,0.0000,0,0,0,0,0.0000,0,0,0,0,0.0000,0,0,0,0,"2021-07-03 21:00:00"
"RocketReports","MINT0034",20.0000,2386,0,2385,1,0.0000,0,0,0,0,0.0000,0,0,0,0,0.0000,0,0,0,0,0.0000,0,0,0,0,"2021-07-03 21:00:00"
"RocketReports","MINT0037",20.0000,100,0,1,99,0.0000,0,0,0,0,0.0000,0,0,0,0,0.0000,0,0,0,0,0.0000,0,0,0,0,"2021-07-03 21:00:00"
"RocketReports","MINT0040",20.0000,1040,0,884,156,0.0000,0,0,0,0,0.0000,0,0,0,0,0.0000,0,0,0,0,0.0000,0,0,0,0,"2021-07-03 21:00:00"
"RocketReports","MINT0041",20.0000,400,0,384,16,0.0000,0,0,0,0,0.0000,0,0,0,0,0.0000,0,0,0,0,0.0000,0,0,0,0,"2021-07-03 21:00:00"
"RocketReports","MINT0042",20.0000,4721,0,4104,617,0.0000,0,0,0,0,0.0000,0,0,0,0,0.0000,0,0,0,0,0.0000,0,0,0,0,"2021-07-03 21:00:00"
"RocketReports","MINT0043",20.0000,3798,0,3616,182,0.0000,0,0,0,0,0.0000,0,0,0,0,0.0000,0,0,0,0,0.0000,0,0,0,0,"2021-07-03 21:00:00"
"RocketReports","MINT0044",20.0000,1140,0,921,219,0.0000,0,0,0,0,0.0000,0,0,0,0,0.0000,0,0,0,0,0.0000,0,0,0,0,"2021-07-03 21:00:00"
"RocketReports","MINT0046",20.0000,2363,0,2042,321,0.0000,0,0,0,0,0.0000,0,0,0,0,0.0000,0,0,0,0,0.0000,0,0,0,0,"2021-07-03 21:00:00"
"RocketReports","MINT0047",20.0000,99,0,15,84,0.0000,0,0,0,0,0.0000,0,0,0,0,0.0000,0,0,0,0,0.0000,0,0,0,0,"2021-07-03 21:00:00"
"RocketReports","MINT0048",20.0000,361,0,168,193,0.0000,0,0,0,0,0.0000,0,0,0,0,0.0000,0,0,0,0,0.0000,0,0,0,0,"2021-07-03 21:00:00"
"RocketReports","MINT0049",20.0000,308,0,105,203,0.0000,0,0,0,0,0.0000,0,0,0,0,0.0000,0,0,0,0,0.0000,0,0,0,0,"2021-07-03 21:00:00"
"RocketReports","MINT0050",20.0000,453,0,204,249,0.0000,0,0,0,0,0.0000,0,0,0,0,0.0000,0,0,0,0,0.0000,0,0,0,0,"2021-07-03 21:00:00"
"RocketReports","MINT0051",20.0000,591,0,471,120,0.0000,0,0,0,0,0.0000,0,0,0,0,0.0000,0,0,0,0,0.0000,0,0,0,0,"2021-07-03 21:00:00"
"RocketReports","MINT0052",20.0000,658,0,437,221,0.0000,0,0,0,0,0.0000,0,0,0,0,0.0000,0,0,0,0,0.0000,0,0,0,0,"2021-07-03 21:00:00"
"RocketReports","MINT0053",20.0000,4198,0,4096,102,0.0000,0,0,0,0,0.0000,0,0,0,0,0.0000,0,0,0,0,0.0000,0,0,0,0,"2021-07-03 21:00:00"
"RocketReports","MINT0054",20.0000,753,0,624,129,0.0000,0,0,0,0,0.0000,0,0,0,0,0.0000,0,0,0,0,0.0000,0,0,0,0,"2021-07-03 21:00:00"
"RocketReports","MINT0055",20.0000,226,0,20,206,0.0000,0,0,0,0,0.0000,0,0,0,0,0.0000,0,0,0,0,0.0000,0,0,0,0,"2021-07-03 21:00:00"
"RocketReports","MINT0056",20.0000,299,0,64,235,0.0000,0,0,0,0,0.0000,0,0,0,0,0.0000,0,0,0,0,0.0000,0,0,0,0,"2021-07-03 21:00:00"
"RocketReports","MINT0057",20.0000,1924,0,1890,34,0.0000,0,0,0,0,0.0000,0,0,0,0,0.0000,0,0,0,0,0.0000,0,0,0,0,"2021-07-03 21:00:00"
"RocketReports","MINT0058",20.0000,6214,0,6205,9,0.0000,0,0,0,0,0.0000,0,0,0,0,0.0000,0,0,0,0,0.0000,0,0,0,0,"2021-07-03 21:00:00"
"RocketReports","MINT0059",20.0000,2159,0,1835,324,0.0000,0,0,0,0,0.0000,0,0,0,0,0.0000,0,0,0,0,0.0000,0,0,0,0,"2021-07-03 21:00:00"
"RocketReports","MINT0062",20.0000,641,0,167,474,0.0000,0,0,0,0,0.0000,0,0,0,0,0.0000,0,0,0,0,0.0000,0,0,0,0,"2021-07-03 21:00:00"
"RocketReports","MINT0063",20.0000,3878,0,3700,178,0.0000,0,0,0,0,0.0000,0,0,0,0,0.0000,0,0,0,0,0.0000,0,0,0,0,"2021-07-03 21:00:00"
"RocketReports","MINT0064",20.0000,285,0,182,103,0.0000,0,0,0,0,0.0000,0,0,0,0,0.0000,0,0,0,0,0.0000,0,0,0,0,"2021-07-03 21:00:00"
"RocketReports","MINT0065",20.0000,288,0,158,130,0.0000,0,0,0,0,0.0000,0,0,0,0,0.0000,0,0,0,0,0.0000,0,0,0,0,"2021-07-03 21:00:00"
"RocketReports","MINT0066",20.0000,3643,0,3525,118,0.0000,0,0,0,0,0.0000,0,0,0,0,0.0000,0,0,0,0,0.0000,0,0,0,0,"2021-07-03 21:00:00"
"RocketReports","MINT0067",20.0000,234,0,39,195,0.0000,0,0,0,0,0.0000,0,0,0,0,0.0000,0,0,0,0,0.0000,0,0,0,0,"2021-07-03 21:00:00"
"RocketReports","MINT0067",0.0000,0,0,0,0,50.0000,225,0,88,137,0.0000,0,0,0,0,0.0000,0,0,0,0,0.0000,0,0,0,0,"2021-07-03 21:00:00"
"RocketReports","MINT0068",20.0000,195,0,133,62,0.0000,0,0,0,0,0.0000,0,0,0,0,0.0000,0,0,0,0,0.0000,0,0,0,0,"2021-07-03 21:00:00"
"RocketReports","MINT0069",20.0000,900,0,382,518,0.0000,0,0,0,0,0.0000,0,0,0,0,0.0000,0,0,0,0,0.0000,0,0,0,0,"2021-07-03 21:00:00"
"RocketReports","MINT0069",0.0000,0,0,0,0,50.0000,438,0,270,168,0.0000,0,0,0,0,0.0000,0,0,0,0,0.0000,0,0,0,0,"2021-07-03 21:00:00"
"RocketReports","MINT0070",20.0000,14,0,1,13,0.0000,0,0,0,0,0.0000,0,0,0,0,0.0000,0,0,0,0,0.0000,0,0,0,0,"2021-07-03 21:00:00"
"RocketReports","MINT0100",20.0000,250,0,92,158,0.0000,0,0,0,0,0.0000,0,0,0,0,0.0000,0,0,0,0,0.0000,0,0,0,0,"2021-07-03 21:00:00"
"RocketReports","MINT0101",10.0000,384,0,274,110,0.0000,0,0,0,0,0.0000,0,0,0,0,0.0000,0,0,0,0,0.0000,0,0,0,0,"2021-07-03 21:00:00"
"RocketReports","MINT0102",20.0000,21,0,8,13,0.0000,0,0,0,0,0.0000,0,0,0,0,0.0000,0,0,0,0,0.0000,0,0,0,0,"2021-07-03 21:00:00"
"RocketReports","MINT0103",20.0000,76,0,31,45,0.0000,0,0,0,0,0.0000,0,0,0,0,0.0000,0,0,0,0,0.0000,0,0,0,0,"2021-07-03 21:00:00"
"RocketReports","MINT0104",20.0000,100,0,33,67,0.0000,0,0,0,0,0.0000,0,0,0,0,0.0000,0,0,0,0,0.0000,0,0,0,0,"2021-07-03 21:00:00"
"RocketReports","MINT0105",20.0000,113,0,0,113,0.0000,0,0,0,0,0.0000,0,0,0,0,0.0000,0,0,0,0,0.0000,0,0,0,0,"2021-07-03 21:00:00"
"RocketReports","MINT0106",20.0000,177,0,77,100,0.0000,0,0,0,0,0.0000,0,0,0,0,0.0000,0,0,0,0,0.0000,0,0,0,0,"2021-07-03 21:00:00"
"RocketReports","MINT0107",20.0000,3450,0,3407,43,0.0000,0,0,0,0,0.0000,0,0,0,0,0.0000,0,0,0,0,0.0000,0,0,0,0,"2021-07-03 21:00:00"
"RocketReports","MINT0108",20.0000,523,0,364,159,0.0000,0,0,0,0,0.0000,0,0,0,0,0.0000,0,0,0,0,0.0000,0,0,0,0,"2021-07-03 21:00:00"
"RocketReports","MINT0109",20.0000,400,0,120,280,0.0000,0,0,0,0,0.0000,0,0,0,0,0.0000,0,0,0,0,0.0000,0,0,0,0,"2021-07-03 21:00:00"
"RocketReports","MINT0110",20.0000,200,0,82,118,0.0000,0,0,0,0,0.0000,0,0,0,0,0.0000,0,0,0,0,0.0000,0,0,0,0,"2021-07-03 21:00:00"
"RocketReports","MINT0111",20.0000,169,0,70,99,0.0000,0,0,0,0,0.0000,0,0,0,0,0.0000,0,0,0,0,0.0000,0,0,0,0,"2021-07-03 21:00:00"
"RocketReports","MINT0112",20.0000,7174,0,7044,130,0.0000,0,0,0,0,0.0000,0,0,0,0,0.0000,0,0,0,0,0.0000,0,0,0,0,"2021-07-03 21:00:00"
"RocketReports","MINT0113",20.0000,188,0,141,47,0.0000,0,0,0,0,0.0000,0,0,0,0,0.0000,0,0,0,0,0.0000,0,0,0,0,"2021-07-03 21:00:00"
"RocketReports","MINT0115",20.0000,250,0,118,132,0.0000,0,0,0,0,0.0000,0,0,0,0,0.0000,0,0,0,0,0.0000,0,0,0,0,"2021-07-03 21:00:00"
"RocketReports","MINT0116",20.0000,200,0,46,154,0.0000,0,0,0,0,0.0000,0,0,0,0,0.0000,0,0,0,0,0.0000,0,0,0,0,"2021-07-03 21:00:00"
"RocketReports","MINT0117",20.0000,200,0,69,131,0.0000,0,0,0,0,0.0000,0,0,0,0,0.0000,0,0,0,0,0.0000,0,0,0,0,"2021-07-03 21:00:00"
"RocketReports","MINT0118",20.0000,150,0,80,70,0.0000,0,0,0,0,0.0000,0,0,0,0,0.0000,0,0,0,0,0.0000,0,0,0,0,"2021-07-03 21:00:00"
"RocketReports","MINT0119",20.0000,140,0,33,107,0.0000,0,0,0,0,0.0000,0,0,0,0,0.0000,0,0,0,0,0.0000,0,0,0,0,"2021-07-03 21:00:00"
"RocketReports","MINT0120",20.0000,150,0,13,137,0.0000,0,0,0,0,0.0000,0,0,0,0,0.0000,0,0,0,0,0.0000,0,0,0,0,"2021-07-03 21:00:00"
"RocketReports","MINT0121",20.0000,350,0,119,231,0.0000,0,0,0,0,0.0000,0,0,0,0,0.0000,0,0,0,0,0.0000,0,0,0,0,"2021-07-03 21:00:00"
"RocketReports","MINT0122",20.0000,250,0,125,125,0.0000,0,0,0,0,0.0000,0,0,0,0,0.0000,0,0,0,0,0.0000,0,0,0,0,"2021-07-03 21:00:00"
"RocketReports","MINT0123",20.0000,149,0,72,77,0.0000,0,0,0,0,0.0000,0,0,0,0,0.0000,0,0,0,0,0.0000,0,0,0,0,"2021-07-03 21:00:00"
"RocketReports","MINT0124",20.0000,197,0,142,55,0.0000,0,0,0,0,0.0000,0,0,0,0,0.0000,0,0,0,0,0.0000,0,0,0,0,"2021-07-03 21:00:00"
"RocketReports","MINT0125",20.0000,416,0,187,229,0.0000,0,0,0,0,0.0000,0,0,0,0,0.0000,0,0,0,0,0.0000,0,0,0,0,"2021-07-03 21:00:00"
"RocketReports","MINT0126",20.0000,200,0,91,109,0.0000,0,0,0,0,0.0000,0,0,0,0,0.0000,0,0,0,0,0.0000,0,0,0,0,"2021-07-03 21:00:00"
"RocketReports","MINT0127",20.0000,350,0,178,172,0.0000,0,0,0,0,0.0000,0,0,0,0,0.0000,0,0,0,0,0.0000,0,0,0,0,"2021-07-03 21:00:00"
"RocketReports","MINT0128",20.0000,100,0,29,71,0.0000,0,0,0,0,0.0000,0,0,0,0,0.0000,0,0,0,0,0.0000,0,0,0,0,"2021-07-03 21:00:00"
"RocketReports","MINT0129",20.0000,250,0,64,186,0.0000,0,0,0,0,0.0000,0,0,0,0,0.0000,0,0,0,0,0.0000,0,0,0,0,"2021-07-03 21:00:00"
"RocketReports","MINT0130",20.0000,96,0,24,72,0.0000,0,0,0,0,0.0000,0,0,0,0,0.0000,0,0,0,0,0.0000,0,0,0,0,"2021-07-03 21:00:00"
"RocketReports","MINT0131",20.0000,100,0,3,97,0.0000,0,0,0,0,0.0000,0,0,0,0,0.0000,0,0,0,0,0.0000,0,0,0,0,"2021-07-03 21:00:00"
"RocketReports","MINT0132",20.0000,100,0,1,99,0.0000,0,0,0,0,0.0000,0,0,0,0,0.0000,0,0,0,0,0.0000,0,0,0,0,"2021-07-03 21:00:00"
"RocketReports","MINT0133",20.0000,150,0,2,148,0.0000,0,0,0,0,0.0000,0,0,0,0,0.0000,0,0,0,0,0.0000,0,0,0,0,"2021-07-03 21:00:00"
"RocketReports","MINT0134",20.0000,50,0,50,0,0.0000,0,0,0,0,0.0000,0,0,0,0,0.0000,0,0,0,0,0.0000,0,0,0,0,"2021-07-03 21:00:00"
"RocketReports","MINT0135",20.0000,300,0,173,127,0.0000,0,0,0,0,0.0000,0,0,0,0,0.0000,0,0,0,0,0.0000,0,0,0,0,"2021-07-03 21:00:00"
"RocketReports","MINT0136",20.0000,0,0,0,0,0.0000,0,0,0,0,0.0000,0,0,0,0,0.0000,0,0,0,0,0.0000,0,0,0,0,"2021-07-03 21:00:00"
"RocketReports","MINT0137",20.0000,337,0,51,286,0.0000,0,0,0,0,0.0000,0,0,0,0,0.0000,0,0,0,0,0.0000,0,0,0,0,"2021-07-03 21:00:00"
"RocketReports","MINT0138",20.0000,300,0,16,284,0.0000,0,0,0,0,0.0000,0,0,0,0,0.0000,0,0,0,0,0.0000,0,0,0,0,"2021-07-03 21:00:00"
"RocketReports","MINT0139",20.0000,250,0,148,102,0.0000,0,0,0,0,0.0000,0,0,0,0,0.0000,0,0,0,0,0.0000,0,0,0,0,"2021-07-03 21:00:00"
"RocketReports","MINT0141",20.0000,0,0,0,0,0.0000,0,0,0,0,0.0000,0,0,0,0,0.0000,0,0,0,0,0.0000,0,0,0,0,"2021-07-03 21:00:00"
"RocketReports","MINT0142",20.0000,144,0,79,65,0.0000,0,0,0,0,0.0000,0,0,0,0,0.0000,0,0,0,0,0.0000,0,0,0,0,"2021-07-03 21:00:00"
"RocketReports","MINT0143",20.0000,250,0,0,250,0.0000,0,0,0,0,0.0000,0,0,0,0,0.0000,0,0,0,0,0.0000,0,0,0,0,"2021-07-03 21:00:00"
"RocketReports","MINT0144",20.0000,148,0,75,73,0.0000,0,0,0,0,0.0000,0,0,0,0,0.0000,0,0,0,0,0.0000,0,0,0,0,"2021-07-03 21:00:00"
"RocketReports","MINT0145",20.0000,109,0,12,97,0.0000,0,0,0,0,0.0000,0,0,0,0,0.0000,0,0,0,0,0.0000,0,0,0,0,"2021-07-03 21:00:00"
"RocketReports","MINT0146",20.0000,264,0,7,257,0.0000,0,0,0,0,0.0000,0,0,0,0,0.0000,0,0,0,0,0.0000,0,0,0,0,"2021-07-03 21:00:00"
"RocketReports","MINT0147",20.0000,100,0,28,72,0.0000,0,0,0,0,0.0000,0,0,0,0,0.0000,0,0,0,0,0.0000,0,0,0,0,"2021-07-03 21:00:00"
"RocketReports","MINT0148",20.0000,150,0,1,149,0.0000,0,0,0,0,0.0000,0,0,0,0,0.0000,0,0,0,0,0.0000,0,0,0,0,"2021-07-03 21:00:00"
"RocketReports","MINT0149",20.0000,111,0,57,54,0.0000,0,0,0,0,0.0000,0,0,0,0,0.0000,0,0,0,0,0.0000,0,0,0,0,"2021-07-03 21:00:00"
"RocketReports","MINT0150",20.0000,239,0,9,230,0.0000,0,0,0,0,0.0000,0,0,0,0,0.0000,0,0,0,0,0.0000,0,0,0,0,"2021-07-03 21:00:00"
"RocketReports","MINT0151",20.0000,34,0,26,8,0.0000,0,0,0,0,0.0000,0,0,0,0,0.0000,0,0,0,0,0.0000,0,0,0,0,"2021-07-03 21:00:00"
"RocketReports","MINT0152",20.0000,250,0,136,114,0.0000,0,0,0,0,0.0000,0,0,0,0,0.0000,0,0,0,0,0.0000,0,0,0,0,"2021-07-03 21:00:00"
"RocketReports","MINT0153",20.0000,125,0,8,117,0.0000,0,0,0,0,0.0000,0,0,0,0,0.0000,0,0,0,0,0.0000,0,0,0,0,"2021-07-03 21:00:00"
"RocketReports","MINT0154",20.0000,307,0,244,63,0.0000,0,0,0,0,0.0000,0,0,0,0,0.0000,0,0,0,0,0.0000,0,0,0,0,"2021-07-03 21:00:00"
"RocketReports","MINT0155",20.0000,191,0,42,149,0.0000,0,0,0,0,0.0000,0,0,0,0,0.0000,0,0,0,0,0.0000,0,0,0,0,"2021-07-03 21:00:00"
"RocketReports","MINT0155",0.0000,0,0,0,0,5.0000,41,0,2,39,0.0000,0,0,0,0,0.0000,0,0,0,0,0.0000,0,0,0,0,"2021-07-03 21:00:00"
"RocketReports","MINT0156",20.0000,75,0,13,62,0.0000,0,0,0,0,0.0000,0,0,0,0,0.0000,0,0,0,0,0.0000,0,0,0,0,"2021-07-03 21:00:00"
"RocketReports","MINT0157",20.0000,1763,0,1737,26,0.0000,0,0,0,0,0.0000,0,0,0,0,0.0000,0,0,0,0,0.0000,0,0,0,0,"2021-07-03 21:00:00"
"RocketReports","MINT0160",20.0000,311,0,213,98,0.0000,0,0,0,0,0.0000,0,0,0,0,0.0000,0,0,0,0,0.0000,0,0,0,0,"2021-07-03 21:00:00"
"RocketReports","MINT0161",20.0000,250,0,50,200,0.0000,0,0,0,0,0.0000,0,0,0,0,0.0000,0,0,0,0,0.0000,0,0,0,0,"2021-07-03 21:00:00"
"RocketReports","MINT0162",20.0000,300,0,141,159,0.0000,0,0,0,0,0.0000,0,0,0,0,0.0000,0,0,0,0,0.0000,0,0,0,0,"2021-07-03 21:00:00"
"RocketReports","MINT0163",10.0000,500,0,5,495,0.0000,0,0,0,0,0.0000,0,0,0,0,0.0000,0,0,0,0,0.0000,0,0,0,0,"2021-07-03 21:00:00"
"RocketReports","MINT0163",0.0000,0,0,0,0,20.0000,100,0,98,2,0.0000,0,0,0,0,0.0000,0,0,0,0,0.0000,0,0,0,0,"2021-07-03 21:00:00"
"RocketReports","MINT0201",20.0000,60,0,33,27,0.0000,0,0,0,0,0.0000,0,0,0,0,0.0000,0,0,0,0,0.0000,0,0,0,0,"2021-07-03 21:00:00"
"RocketReports","MINT0203",20.0000,50,0,5,45,0.0000,0,0,0,0,0.0000,0,0,0,0,0.0000,0,0,0,0,0.0000,0,0,0,0,"2021-07-03 21:00:00"
"RocketReports","MINT0204",20.0000,109,0,0,109,0.0000,0,0,0,0,0.0000,0,0,0,0,0.0000,0,0,0,0,0.0000,0,0,0,0,"2021-07-03 21:00:00"
"RocketReports","MINT0205",20.0000,399,0,352,47,0.0000,0,0,0,0,0.0000,0,0,0,0,0.0000,0,0,0,0,0.0000,0,0,0,0,"2021-07-03 21:00:00"
"RocketReports","MINT0206",20.0000,300,0,0,300,0.0000,0,0,0,0,0.0000,0,0,0,0,0.0000,0,0,0,0,0.0000,0,0,0,0,"2021-07-03 21:00:00"
"RocketReports","MINT0207",20.0000,283,0,8,275,0.0000,0,0,0,0,0.0000,0,0,0,0,0.0000,0,0,0,0,0.0000,0,0,0,0,"2021-07-03 21:00:00"
"RocketReports","MINT0208",20.0000,307,0,252,55,0.0000,0,0,0,0,0.0000,0,0,0,0,0.0000,0,0,0,0,0.0000,0,0,0,0,"2021-07-03 21:00:00"
"RocketReports","MINT0209",20.0000,463,0,85,378,0.0000,0,0,0,0,0.0000,0,0,0,0,0.0000,0,0,0,0,0.0000,0,0,0,0,"2021-07-03 21:00:00"
"RocketReports","MINT0304",20.0000,200,0,70,130,0.0000,0,0,0,0,0.0000,0,0,0,0,0.0000,0,0,0,0,0.0000,0,0,0,0,"2021-07-03 21:00:00"
"RocketReports","MINT0305",20.0000,509,0,105,404,0.0000,0,0,0,0,0.0000,0,0,0,0,0.0000,0,0,0,0,0.0000,0,0,0,0,"2021-07-03 21:00:00"
"RocketReports","MINT0306",20.0000,278,0,87,191,0.0000,0,0,0,0,0.0000,0,0,0,0,0.0000,0,0,0,0,0.0000,0,0,0,0,"2021-07-03 21:00:00"
"RocketReports","MINT0308",20.0000,540,0,459,81,0.0000,0,0,0,0,0.0000,0,0,0,0,0.0000,0,0,0,0,0.0000,0,0,0,0,"2021-07-03 21:00:00"
"RocketReports","MINT0350",20.0000,1394,0,1119,275,0.0000,0,0,0,0,0.0000,0,0,0,0,0.0000,0,0,0,0,0.0000,0,0,0,0,"2021-07-03 21:00:00"
"RocketReports","MINT0351",20.0000,200,0,141,59,0.0000,0,0,0,0,0.0000,0,0,0,0,0.0000,0,0,0,0,0.0000,0,0,0,0,"2021-07-03 21:00:00"
"RocketReports","MINT0352",20.0000,375,0,21,354,0.0000,0,0,0,0,0.0000,0,0,0,0,0.0000,0,0,0,0,0.0000,0,0,0,0,"2021-07-03 21:00:00"
"RocketReports","MINT0353",20.0000,598,0,317,281,0.0000,0,0,0,0,0.0000,0,0,0,0,0.0000,0,0,0,0,0.0000,0,0,0,0,"2021-07-03 21:00:00"
"RocketReports","MINT0355",20.0000,576,0,114,462,0.0000,0,0,0,0,0.0000,0,0,0,0,0.0000,0,0,0,0,0.0000,0,0,0,0,"2021-07-03 21:00:00"
"RocketReports","MINT0356",20.0000,396,0,97,299,0.0000,0,0,0,0,0.0000,0,0,0,0,0.0000,0,0,0,0,0.0000,0,0,0,0,"2021-07-03 21:00:00"
"RocketReports","MINT0357",20.0000,748,0,600,148,0.0000,0,0,0,0,0.0000,0,0,0,0,0.0000,0,0,0,0,0.0000,0,0,0,0,"2021-07-03 21:00:00"
"RocketReports","MINT0358",20.0000,0,0,0,0,0.0000,0,0,0,0,0.0000,0,0,0,0,0.0000,0,0,0,0,0.0000,0,0,0,0,"2021-07-03 21:00:00"
"RocketReports","MINT0359",20.0000,7538,0,7369,169,0.0000,0,0,0,0,0.0000,0,0,0,0,0.0000,0,0,0,0,0.0000,0,0,0,0,"2021-07-03 21:00:00"
"RocketReports","MINT0360",20.0000,400,0,150,250,0.0000,0,0,0,0,0.0000,0,0,0,0,0.0000,0,0,0,0,0.0000,0,0,0,0,"2021-07-03 21:00:00"
"RocketReports","MINT0400",20.0000,63,0,38,25,0.0000,0,0,0,0,0.0000,0,0,0,0,0.0000,0,0,0,0,0.0000,0,0,0,0,"2021-07-03 21:00:00"
"RocketReports","MINT0401",20.0000,50,0,50,0,0.0000,0,0,0,0,0.0000,0,0,0,0,0.0000,0,0,0,0,0.0000,0,0,0,0,"2021-07-03 21:00:00"
"RocketReports","MINT0402",20.0000,183,0,119,64,0.0000,0,0,0,0,0.0000,0,0,0,0,0.0000,0,0,0,0,0.0000,0,0,0,0,"2021-07-03 21:00:00"
"RocketReports","MINT0403",20.0000,160,0,35,125,0.0000,0,0,0,0,0.0000,0,0,0,0,0.0000,0,0,0,0,0.0000,0,0,0,0,"2021-07-03 21:00:00"
"RocketReports","MINT0404",20.0000,61,0,36,25,0.0000,0,0,0,0,0.0000,0,0,0,0,0.0000,0,0,0,0,0.0000,0,0,0,0,"2021-07-03 21:00:00"
"RocketReports","MINT0405",20.0000,28,0,25,3,0.0000,0,0,0,0,0.0000,0,0,0,0,0.0000,0,0,0,0,0.0000,0,0,0,0,"2021-07-03 21:00:00"
"RocketReports","MINT0406",20.0000,31,0,2,29,0.0000,0,0,0,0,0.0000,0,0,0,0,0.0000,0,0,0,0,0.0000,0,0,0,0,"2021-07-03 21:00:00"
"RocketReports","MINT0407",20.0000,10,0,0,10,0.0000,0,0,0,0,0.0000,0,0,0,0,0.0000,0,0,0,0,0.0000,0,0,0,0,"2021-07-03 21:00:00"
"RocketReports","MINT0408",20.0000,25,0,1,24,0.0000,0,0,0,0,0.0000,0,0,0,0,0.0000,0,0,0,0,0.0000,0,0,0,0,"2021-07-03 21:00:00"
"RocketReports","MINT0409",20.0000,181,0,10,171,0.0000,0,0,0,0,0.0000,0,0,0,0,0.0000,0,0,0,0,0.0000,0,0,0,0,"2021-07-03 21:00:00"
"RocketReports","MINT0410",20.0000,102,0,102,0,0.0000,0,0,0,0,0.0000,0,0,0,0,0.0000,0,0,0,0,0.0000,0,0,0,0,"2021-07-03 21:00:00"
"RocketReports","MINT0411",20.0000,1051,0,895,156,0.0000,0,0,0,0,0.0000,0,0,0,0,0.0000,0,0,0,0,0.0000,0,0,0,0,"2021-07-03 21:00:00"
"RocketReports","MINT0412",20.0000,50,0,26,24,0.0000,0,0,0,0,0.0000,0,0,0,0,0.0000,0,0,0,0,0.0000,0,0,0,0,"2021-07-03 21:00:00"
"RocketReports","MINT0413",20.0000,123,0,22,101,0.0000,0,0,0,0,0.0000,0,0,0,0,0.0000,0,0,0,0,0.0000,0,0,0,0,"2021-07-03 21:00:00"
"RocketReports","MINT0414",20.0000,180,0,180,0,0.0000,0,0,0,0,0.0000,0,0,0,0,0.0000,0,0,0,0,0.0000,0,0,0,0,"2021-07-03 21:00:00"
"RocketReports","MINT0415",20.0000,61,0,6,55,0.0000,0,0,0,0,0.0000,0,0,0,0,0.0000,0,0,0,0,0.0000,0,0,0,0,"2021-07-03 21:00:00"
"RocketReports","MINT0416",20.0000,83,0,11,72,0.0000,0,0,0,0,0.0000,0,0,0,0,0.0000,0,0,0,0,0.0000,0,0,0,0,"2021-07-03 21:00:00"
"RocketReports","MINT0417",20.0000,97,0,4,93,0.0000,0,0,0,0,0.0000,0,0,0,0,0.0000,0,0,0,0,0.0000,0,0,0,0,"2021-07-03 21:00:00"
"RocketReports","MINT0418",20.0000,63,0,32,31,0.0000,0,0,0,0,0.0000,0,0,0,0,0.0000,0,0,0,0,0.0000,0,0,0,0,"2021-07-03 21:00:00"
"RocketReports","MINT0494",20.0000,2837,0,2810,27,0.0000,0,0,0,0,0.0000,0,0,0,0,0.0000,0,0,0,0,0.0000,0,0,0,0,"2021-07-03 21:00:00"
"RocketReports","MINT0495",20.0000,200,0,115,85,0.0000,0,0,0,0,0.0000,0,0,0,0,0.0000,0,0,0,0,0.0000,0,0,0,0,"2021-07-03 21:00:00"
"RocketReports","MINT0496",20.0000,1489,0,1183,306,0.0000,0,0,0,0,0.0000,0,0,0,0,0.0000,0,0,0,0,0.0000,0,0,0,0,"2021-07-03 21:00:00"
"RocketReports","MINT0497",20.0000,5287,0,5137,150,0.0000,0,0,0,0,0.0000,0,0,0,0,0.0000,0,0,0,0,0.0000,0,0,0,0,"2021-07-03 21:00:00"
"RocketReports","MINT0498",20.0000,1629,0,1492,137,0.0000,0,0,0,0,0.0000,0,0,0,0,0.0000,0,0,0,0,0.0000,0,0,0,0,"2021-07-03 21:00:00"
"RocketReports","MINT0499",20.0000,841,0,841,0,0.0000,0,0,0,0,0.0000,0,0,0,0,0.0000,0,0,0,0,0.0000,0,0,0,0,"2021-07-03 21:00:00"
"RocketReports","MINT0501",20.0000,3222,0,3185,37,0.0000,0,0,0,0,0.0000,0,0,0,0,0.0000,0,0,0,0,0.0000,0,0,0,0,"2021-07-03 21:00:00"
"RocketReports","MINT0503",20.0000,4264,0,3544,720,0.0000,0,0,0,0,0.0000,0,0,0,0,0.0000,0,0,0,0,0.0000,0,0,0,0,"2021-07-03 21:00:00"
"RocketReports","MINT0504",20.0000,407,0,274,133,0.0000,0,0,0,0,0.0000,0,0,0,0,0.0000,0,0,0,0,0.0000,0,0,0,0,"2021-07-03 21:00:00"
"RocketReports","MINT0508",20.0000,6417,0,6330,87,0.0000,0,0,0,0,0.0000,0,0,0,0,0.0000,0,0,0,0,0.0000,0,0,0,0,"2021-07-03 21:00:00"
"RocketReports","MINT0509",20.0000,775,0,745,30,0.0000,0,0,0,0,0.0000,0,0,0,0,0.0000,0,0,0,0,0.0000,0,0,0,0,"2021-07-03 21:00:00"
"RocketReports","MINT0509",0.0000,0,0,0,0,10.0000,0,0,0,0,0.0000,0,0,0,0,0.0000,0,0,0,0,0.0000,0,0,0,0,"2021-07-03 21:00:00"
"RocketReports","MINT0519",20.0000,86,0,52,34,0.0000,0,0,0,0,0.0000,0,0,0,0,0.0000,0,0,0,0,0.0000,0,0,0,0,"2021-07-03 21:00:00"
"RocketReports","MINT0520",20.0000,600,0,9,591,0.0000,0,0,0,0,0.0000,0,0,0,0,0.0000,0,0,0,0,0.0000,0,0,0,0,"2021-07-03 21:00:00"
"RocketReports","MINT0527",20.0000,70,0,10,60,0.0000,0,0,0,0,0.0000,0,0,0,0,0.0000,0,0,0,0,0.0000,0,0,0,0,"2021-07-03 21:00:00"
"RocketReports","MINT0529",20.0000,190,0,151,39,0.0000,0,0,0,0,0.0000,0,0,0,0,0.0000,0,0,0,0,0.0000,0,0,0,0,"2021-07-03 21:00:00"
"RocketReports","MINT0531",20.0000,1801,0,1743,58,0.0000,0,0,0,0,0.0000,0,0,0,0,0.0000,0,0,0,0,0.0000,0,0,0,0,"2021-07-03 21:00:00"
"RocketReports","MINT0532",20.0000,4416,0,4210,206,0.0000,0,0,0,0,0.0000,0,0,0,0,0.0000,0,0,0,0,0.0000,0,0,0,0,"2021-07-03 21:00:00"
"RocketReports","MINT0533",10.0000,0,0,0,0,0.0000,0,0,0,0,0.0000,0,0,0,0,0.0000,0,0,0,0,0.0000,0,0,0,0,"2021-07-03 21:00:00"
"RocketReports","MINT0533",0.0000,0,0,0,0,20.0000,2016,0,1886,130,0.0000,0,0,0,0,0.0000,0,0,0,0,0.0000,0,0,0,0,"2021-07-03 21:00:00"
"RocketReports","MINT0534",20.0000,200,0,126,74,0.0000,0,0,0,0,0.0000,0,0,0,0,0.0000,0,0,0,0,0.0000,0,0,0,0,"2021-07-03 21:00:00"
"RocketReports","MINT0535",20.0000,76,0,63,13,0.0000,0,0,0,0,0.0000,0,0,0,0,0.0000,0,0,0,0,0.0000,0,0,0,0,"2021-07-03 21:00:00"
"RocketReports","MINT0536",20.0000,300,0,211,89,0.0000,0,0,0,0,0.0000,0,0,0,0,0.0000,0,0,0,0,0.0000,0,0,0,0,"2021-07-03 21:00:00"
"RocketReports","MINT0537",20.0000,100,0,47,53,0.0000,0,0,0,0,0.0000,0,0,0,0,0.0000,0,0,0,0,0.0000,0,0,0,0,"2021-07-03 21:00:00"
"RocketReports","MINT0538",20.0000,731,0,659,72,0.0000,0,0,0,0,0.0000,0,0,0,0,0.0000,0,0,0,0,0.0000,0,0,0,0,"2021-07-03 21:00:00"
"RocketReports","MINT0539",20.0000,1357,0,1211,146,0.0000,0,0,0,0,0.0000,0,0,0,0,0.0000,0,0,0,0,0.0000,0,0,0,0,"2021-07-03 21:00:00"
"RocketReports","MINT0540",20.0000,53,0,46,7,0.0000,0,0,0,0,0.0000,0,0,0,0,0.0000,0,0,0,0,0.0000,0,0,0,0,"2021-07-03 21:00:00"
"RocketReports","MINT0542",20.0000,100,0,64,36,0.0000,0,0,0,0,0.0000,0,0,0,0,0.0000,0,0,0,0,0.0000,0,0,0,0,"2021-07-03 21:00:00"
"RocketReports","MINT0543",20.0000,203,0,141,62,0.0000,0,0,0,0,0.0000,0,0,0,0,0.0000,0,0,0,0,0.0000,0,0,0,0,"2021-07-03 21:00:00"
"RocketReports","MINT0544",20.0000,10,0,0,10,0.0000,0,0,0,0,0.0000,0,0,0,0,0.0000,0,0,0,0,0.0000,0,0,0,0,"2021-07-03 21:00:00"
"RocketReports","MINT0545",20.0000,200,0,70,130,0.0000,0,0,0,0,0.0000,0,0,0,0,0.0000,0,0,0,0,0.0000,0,0,0,0,"2021-07-03 21:00:00"
"RocketReports","MINT0546",20.0000,54,0,19,35,0.0000,0,0,0,0,0.0000,0,0,0,0,0.0000,0,0,0,0,0.0000,0,0,0,0,"2021-07-03 21:00:00"
"RocketReports","MINT0547",20.0000,396,0,222,174,0.0000,0,0,0,0,0.0000,0,0,0,0,0.0000,0,0,0,0,0.0000,0,0,0,0,"2021-07-03 21:00:00"
"RocketReports","MINT0548",20.0000,1100,0,989,111,0.0000,0,0,0,0,0.0000,0,0,0,0,0.0000,0,0,0,0,0.0000,0,0,0,0,"2021-07-03 21:00:00"
"RocketReports","MINT0549",20.0000,1498,0,1490,8,0.0000,0,0,0,0,0.0000,0,0,0,0,0.0000,0,0,0,0,0.0000,0,0,0,0,"2021-07-03 21:00:00"
"RocketReports","MINT0550",20.0000,529,0,322,207,0.0000,0,0,0,0,0.0000,0,0,0,0,0.0000,0,0,0,0,0.0000,0,0,0,0,"2021-07-03 21:00:00"
"RocketReports","MINT0551",20.0000,310,0,210,100,0.0000,0,0,0,0,0.0000,0,0,0,0,0.0000,0,0,0,0,0.0000,0,0,0,0,"2021-07-03 21:00:00"
"RocketReports","MINT0552",20.0000,148,0,0,148,0.0000,0,0,0,0,0.0000,0,0,0,0,0.0000,0,0,0,0,0.0000,0,0,0,0,"2021-07-03 21:00:00"
"RocketReports","MINT0553",20.0000,1098,0,1007,91,0.0000,0,0,0,0,0.0000,0,0,0,0,0.0000,0,0,0,0,0.0000,0,0,0,0,"2021-07-03 21:00:00"
"RocketReports","MINT0554",20.0000,1000,0,881,119,0.0000,0,0,0,0,0.0000,0,0,0,0,0.0000,0,0,0,0,0.0000,0,0,0,0,"2021-07-03 21:00:00"
"RocketReports","MINT0555",20.0000,218,0,162,56,0.0000,0,0,0,0,0.0000,0,0,0,0,0.0000,0,0,0,0,0.0000,0,0,0,0,"2021-07-03 21:00:00"
"RocketReports","MINT0556",20.0000,2603,0,2518,85,0.0000,0,0,0,0,0.0000,0,0,0,0,0.0000,0,0,0,0,0.0000,0,0,0,0,"2021-07-03 21:00:00"
"RocketReports","MINT0557",20.0000,86,0,54,32,0.0000,0,0,0,0,0.0000,0,0,0,0,0.0000,0,0,0,0,0.0000,0,0,0,0,"2021-07-03 21:00:00"
"RocketReports","MINT0558",20.0000,551,0,507,44,0.0000,0,0,0,0,0.0000,0,0,0,0,0.0000,0,0,0,0,0.0000,0,0,0,0,"2021-07-03 21:00:00"
"RocketReports","MINT0559",20.0000,65,0,13,52,0.0000,0,0,0,0,0.0000,0,0,0,0,0.0000,0,0,0,0,0.0000,0,0,0,0,"2021-07-03 21:00:00"
"RocketReports","MINT0560",20.0000,740,0,657,83,0.0000,0,0,0,0,0.0000,0,0,0,0,0.0000,0,0,0,0,0.0000,0,0,0,0,"2021-07-03 21:00:00"
"RocketReports","MINT0561",20.0000,61,0,22,39,0.0000,0,0,0,0,0.0000,0,0,0,0,0.0000,0,0,0,0,0.0000,0,0,0,0,"2021-07-03 21:00:00"
"RocketReports","MINT0562",20.0000,5200,0,5024,176,0.0000,0,0,0,0,0.0000,0,0,0,0,0.0000,0,0,0,0,0.0000,0,0,0,0,"2021-07-03 21:00:00"
"RocketReports","MINT0563",20.0000,885,0,792,93,0.0000,0,0,0,0,0.0000,0,0,0,0,0.0000,0,0,0,0,0.0000,0,0,0,0,"2021-07-03 21:00:00"
"RocketReports","MINT0564",20.0000,3037,0,2972,65,0.0000,0,0,0,0,0.0000,0,0,0,0,0.0000,0,0,0,0,0.0000,0,0,0,0,"2021-07-03 21:00:00"
"RocketReports","MINT0565",20.0000,243,0,182,61,0.0000,0,0,0,0,0.0000,0,0,0,0,0.0000,0,0,0,0,0.0000,0,0,0,0,"2021-07-03 21:00:00"
"RocketReports","MINT0566",20.0000,510,0,399,111,0.0000,0,0,0,0,0.0000,0,0,0,0,0.0000,0,0,0,0,0.0000,0,0,0,0,"2021-07-03 21:00:00"
"RocketReports","MINT0567",20.0000,2191,0,1901,290,0.0000,0,0,0,0,0.0000,0,0,0,0,0.0000,0,0,0,0,0.0000,0,0,0,0,"2021-07-03 21:00:00"
"RocketReports","MINT0568",20.0000,350,0,250,100,0.0000,0,0,0,0,0.0000,0,0,0,0,0.0000,0,0,0,0,0.0000,0,0,0,0,"2021-07-03 21:00:00"
"RocketReports","MINT0569",20.0000,8997,0,8774,223,0.0000,0,0,0,0,0.0000,0,0,0,0,0.0000,0,0,0,0,0.0000,0,0,0,0,"2021-07-03 21:00:00"
"RocketReports","MINT0570",20.0000,5396,0,5282,114,0.0000,0,0,0,0,0.0000,0,0,0,0,0.0000,0,0,0,0,0.0000,0,0,0,0,"2021-07-03 21:00:00"
"RocketReports","MINT0571",20.0000,2318,0,2254,64,0.0000,0,0,0,0,0.0000,0,0,0,0,0.0000,0,0,0,0,0.0000,0,0,0,0,"2021-07-03 21:00:00"
"RocketReports","MINT0572",20.0000,4843,0,4688,155,0.0000,0,0,0,0,0.0000,0,0,0,0,0.0000,0,0,0,0,0.0000,0,0,0,0,"2021-07-03 21:00:00"
"RocketReports","MINT0573",20.0000,1200,0,990,210,0.0000,0,0,0,0,0.0000,0,0,0,0,0.0000,0,0,0,0,0.0000,0,0,0,0,"2021-07-03 21:00:00"
"RocketReports","MINT0574",20.0000,5616,0,5561,55,0.0000,0,0,0,0,0.0000,0,0,0,0,0.0000,0,0,0,0,0.0000,0,0,0,0,"2021-07-03 21:00:00"
"RocketReports","MINT0575",20.0000,25,0,0,25,0.0000,0,0,0,0,0.0000,0,0,0,0,0.0000,0,0,0,0,0.0000,0,0,0,0,"2021-07-03 21:00:00"
"RocketReports","MINT0576",20.0000,366,0,300,66,0.0000,0,0,0,0,0.0000,0,0,0,0,0.0000,0,0,0,0,0.0000,0,0,0,0,"2021-07-03 21:00:00"
"RocketReports","MINT0577",20.0000,515,0,462,53,0.0000,0,0,0,0,0.0000,0,0,0,0,0.0000,0,0,0,0,0.0000,0,0,0,0,"2021-07-03 21:00:00"
"RocketReports","MINT0578",20.0000,73,0,0,73,0.0000,0,0,0,0,0.0000,0,0,0,0,0.0000,0,0,0,0,0.0000,0,0,0,0,"2021-07-03 21:00:00"
"RocketReports","MINT0579",20.0000,20,0,20,0,0.0000,0,0,0,0,0.0000,0,0,0,0,0.0000,0,0,0,0,0.0000,0,0,0,0,"2021-07-03 21:00:00"
"RocketReports","MINT0580",20.0000,200,0,5,195,0.0000,0,0,0,0,0.0000,0,0,0,0,0.0000,0,0,0,0,0.0000,0,0,0,0,"2021-07-03 21:00:00"
"RocketReports","MINT0581",20.0000,110,0,78,32,0.0000,0,0,0,0,0.0000,0,0,0,0,0.0000,0,0,0,0,0.0000,0,0,0,0,"2021-07-03 21:00:00"
"RocketReports","MINT0582",20.0000,120,0,80,40,0.0000,0,0,0,0,0.0000,0,0,0,0,0.0000,0,0,0,0,0.0000,0,0,0,0,"2021-07-03 21:00:00"
"RocketReports","MINT0583",20.0000,43,0,8,35,0.0000,0,0,0,0,0.0000,0,0,0,0,0.0000,0,0,0,0,0.0000,0,0,0,0,"2021-07-03 21:00:00"
"RocketReports","MINT0584",20.0000,199,0,113,86,0.0000,0,0,0,0,0.0000,0,0,0,0,0.0000,0,0,0,0,0.0000,0,0,0,0,"2021-07-03 21:00:00"
"RocketReports","MINT0585",20.0000,5475,0,5267,208,0.0000,0,0,0,0,0.0000,0,0,0,0,0.0000,0,0,0,0,0.0000,0,0,0,0,"2021-07-03 21:00:00"
"RocketReports","MINT0586",20.0000,1046,0,1006,40,0.0000,0,0,0,0,0.0000,0,0,0,0,0.0000,0,0,0,0,0.0000,0,0,0,0,"2021-07-03 21:00:00"
"RocketReports","MINT0587",20.0000,25,0,0,25,0.0000,0,0,0,0,0.0000,0,0,0,0,0.0000,0,0,0,0,0.0000,0,0,0,0,"2021-07-03 21:00:00"
"RocketReports","MINT0588",20.0000,115,0,86,29,0.0000,0,0,0,0,0.0000,0,0,0,0,0.0000,0,0,0,0,0.0000,0,0,0,0,"2021-07-03 21:00:00"
"RocketReports","MINT0589",20.0000,150,0,115,35,0.0000,0,0,0,0,0.0000,0,0,0,0,0.0000,0,0,0,0,0.0000,0,0,0,0,"2021-07-03 21:00:00"
"RocketReports","MINT0590",20.0000,705,0,643,62,0.0000,0,0,0,0,0.0000,0,0,0,0,0.0000,0,0,0,0,0.0000,0,0,0,0,"2021-07-03 21:00:00"
"RocketReports","MINT0591",20.0000,350,0,255,95,0.0000,0,0,0,0,0.0000,0,0,0,0,0.0000,0,0,0,0,0.0000,0,0,0,0,"2021-07-03 21:00:00"
"RocketReports","MINT0592",20.0000,70,0,14,56,0.0000,0,0,0,0,0.0000,0,0,0,0,0.0000,0,0,0,0,0.0000,0,0,0,0,"2021-07-03 21:00:00"
"RocketReports","MINT0593",20.0000,95,0,91,4,0.0000,0,0,0,0,0.0000,0,0,0,0,0.0000,0,0,0,0,0.0000,0,0,0,0,"2021-07-03 21:00:00"
"RocketReports","MINT0594",20.0000,74,0,15,59,0.0000,0,0,0,0,0.0000,0,0,0,0,0.0000,0,0,0,0,0.0000,0,0,0,0,"2021-07-03 21:00:00"
"RocketReports","MINT0595",20.0000,67,0,4,63,0.0000,0,0,0,0,0.0000,0,0,0,0,0.0000,0,0,0,0,0.0000,0,0,0,0,"2021-07-03 21:00:00"
"RocketReports","MINT0596",20.0000,2801,0,2611,190,0.0000,0,0,0,0,0.0000,0,0,0,0,0.0000,0,0,0,0,0.0000,0,0,0,0,"2021-07-03 21:00:00"
"RocketReports","MINT0597",20.0000,54,0,12,42,0.0000,0,0,0,0,0.0000,0,0,0,0,0.0000,0,0,0,0,0.0000,0,0,0,0,"2021-07-03 21:00:00"
"RocketReports","MINT0598",20.0000,117,0,73,44,0.0000,0,0,0,0,0.0000,0,0,0,0,0.0000,0,0,0,0,0.0000,0,0,0,0,"2021-07-03 21:00:00"
"RocketReports","MINT0599",20.0000,2956,0,2641,315,0.0000,0,0,0,0,0.0000,0,0,0,0,0.0000,0,0,0,0,0.0000,0,0,0,0,"2021-07-03 21:00:00"
"RocketReports","MINT0600",20.0000,198,0,104,94,0.0000,0,0,0,0,0.0000,0,0,0,0,0.0000,0,0,0,0,0.0000,0,0,0,0,"2021-07-03 21:00:00"
"RocketReports","MINT0601",20.0000,578,0,533,45,0.0000,0,0,0,0,0.0000,0,0,0,0,0.0000,0,0,0,0,0.0000,0,0,0,0,"2021-07-03 21:00:00"
"RocketReports","MINT0602",20.0000,354,0,293,61,0.0000,0,0,0,0,0.0000,0,0,0,0,0.0000,0,0,0,0,0.0000,0,0,0,0,"2021-07-03 21:00:00"
"RocketReports","MINT0603",20.0000,950,0,499,451,0.0000,0,0,0,0,0.0000,0,0,0,0,0.0000,0,0,0,0,0.0000,0,0,0,0,"2021-07-03 21:00:00"
"RocketReports","MINT0604",20.0000,50,0,39,11,0.0000,0,0,0,0,0.0000,0,0,0,0,0.0000,0,0,0,0,0.0000,0,0,0,0,"2021-07-03 21:00:00"
"RocketReports","MINT0606",20.0000,472,0,354,118,0.0000,0,0,0,0,0.0000,0,0,0,0,0.0000,0,0,0,0,0.0000,0,0,0,0,"2021-07-03 21:00:00"
"RocketReports","MINT0608",20.0000,548,0,497,51,0.0000,0,0,0,0,0.0000,0,0,0,0,0.0000,0,0,0,0,0.0000,0,0,0,0,"2021-07-03 21:00:00"
"RocketReports","MINT0609",20.0000,250,0,80,170,0.0000,0,0,0,0,0.0000,0,0,0,0,0.0000,0,0,0,0,0.0000,0,0,0,0,"2021-07-03 21:00:00"
"RocketReports","MINT0610",20.0000,250,0,135,115,0.0000,0,0,0,0,0.0000,0,0,0,0,0.0000,0,0,0,0,0.0000,0,0,0,0,"2021-07-03 21:00:00"
"RocketReports","MINT0611",20.0000,1412,0,1387,25,0.0000,0,0,0,0,0.0000,0,0,0,0,0.0000,0,0,0,0,0.0000,0,0,0,0,"2021-07-03 21:00:00"
"RocketReports","MINT0707",20.0000,252,0,246,6,0.0000,0,0,0,0,0.0000,0,0,0,0,0.0000,0,0,0,0,0.0000,0,0,0,0,"2021-07-03 21:00:00"
"RocketReports","MINT0709",20.0000,927,0,925,2,0.0000,0,0,0,0,0.0000,0,0,0,0,0.0000,0,0,0,0,0.0000,0,0,0,0,"2021-07-03 21:00:00"
"RocketReports","MINT0711",10.0000,543,0,485,58,0.0000,0,0,0,0,0.0000,0,0,0,0,0.0000,0,0,0,0,0.0000,0,0,0,0,"2021-07-03 21:00:00"
"RocketReports","MINT0712",10.0000,2240,0,2234,6,0.0000,0,0,0,0,0.0000,0,0,0,0,0.0000,0,0,0,0,0.0000,0,0,0,0,"2021-07-03 21:00:00"
"RocketReports","MINT0820",20.0000,100,0,100,0,0.0000,0,0,0,0,0.0000,0,0,0,0,0.0000,0,0,0,0,0.0000,0,0,0,0,"2021-07-03 21:00:00"
"RocketReports","MINT0900",20.0000,85,0,9,76,0.0000,0,0,0,0,0.0000,0,0,0,0,0.0000,0,0,0,0,0.0000,0,0,0,0,"2021-07-03 21:00:00"
"RocketReports","MINT0901",20.0000,100,0,22,78,0.0000,0,0,0,0,0.0000,0,0,0,0,0.0000,0,0,0,0,0.0000,0,0,0,0,"2021-07-03 21:00:00"
"RocketReports","MINT0902",20.0000,100,0,29,71,0.0000,0,0,0,0,0.0000,0,0,0,0,0.0000,0,0,0,0,0.0000,0,0,0,0,"2021-07-03 21:00:00"
"RocketReports","MINT0903",20.0000,105,0,32,73,0.0000,0,0,0,0,0.0000,0,0,0,0,0.0000,0,0,0,0,0.0000,0,0,0,0,"2021-07-03 21:00:00"
"RocketReports","MINT0904",20.0000,1,0,0,1,0.0000,0,0,0,0,0.0000,0,0,0,0,0.0000,0,0,0,0,0.0000,0,0,0,0,"2021-07-03 21:00:00"
"RocketReports","MINT0905",20.0000,100,0,10,90,0.0000,0,0,0,0,0.0000,0,0,0,0,0.0000,0,0,0,0,0.0000,0,0,0,0,"2021-07-03 21:00:00"
"RocketReports","MINT0906",20.0000,101,0,37,64,0.0000,0,0,0,0,0.0000,0,0,0,0,0.0000,0,0,0,0,0.0000,0,0,0,0,"2021-07-03 21:00:00"
"RocketReports","MINT0907",20.0000,83,0,1,82,0.0000,0,0,0,0,0.0000,0,0,0,0,0.0000,0,0,0,0,0.0000,0,0,0,0,"2021-07-03 21:00:00"
"RocketReports","MINT0908",20.0000,128,0,72,56,0.0000,0,0,0,0,0.0000,0,0,0,0,0.0000,0,0,0,0,0.0000,0,0,0,0,"2021-07-03 21:00:00"
"RocketReports","MINT0909",20.0000,143,0,55,88,0.0000,0,0,0,0,0.0000,0,0,0,0,0.0000,0,0,0,0,0.0000,0,0,0,0,"2021-07-03 21:00:00"
"RocketReports","MINT0910",20.0000,130,0,54,76,0.0000,0,0,0,0,0.0000,0,0,0,0,0.0000,0,0,0,0,0.0000,0,0,0,0,"2021-07-03 21:00:00"
"RocketReports","MINT0912",20.0000,224,0,134,90,0.0000,0,0,0,0,0.0000,0,0,0,0,0.0000,0,0,0,0,0.0000,0,0,0,0,"2021-07-03 21:00:00"
"RocketReports","MINT0913",20.0000,420,0,246,174,0.0000,0,0,0,0,0.0000,0,0,0,0,0.0000,0,0,0,0,0.0000,0,0,0,0,"2021-07-03 21:00:00"
"RocketReports","MINT0914",20.0000,89,0,12,77,0.0000,0,0,0,0,0.0000,0,0,0,0,0.0000,0,0,0,0,0.0000,0,0,0,0,"2021-07-03 21:00:00"
"RocketReports","MINT0915",20.0000,213,0,150,63,0.0000,0,0,0,0,0.0000,0,0,0,0,0.0000,0,0,0,0,0.0000,0,0,0,0,"2021-07-03 21:00:00"
"RocketReports","MINT0916",20.0000,165,0,138,27,0.0000,0,0,0,0,0.0000,0,0,0,0,0.0000,0,0,0,0,0.0000,0,0,0,0,"2021-07-03 21:00:00"
"RocketReports","MINT0917",20.0000,70,0,18,52,0.0000,0,0,0,0,0.0000,0,0,0,0,0.0000,0,0,0,0,0.0000,0,0,0,0,"2021-07-03 21:00:00"
"RocketReports","MINT0918",20.0000,100,0,51,49,0.0000,0,0,0,0,0.0000,0,0,0,0,0.0000,0,0,0,0,0.0000,0,0,0,0,"2021-07-03 21:00:00"
"RocketReports","MINT0919",20.0000,1000,0,808,192,0.0000,0,0,0,0,0.0000,0,0,0,0,0.0000,0,0,0,0,0.0000,0,0,0,0,"2021-07-03 21:00:00"
"RocketReports","MINT0920",20.0000,183,0,108,75,0.0000,0,0,0,0,0.0000,0,0,0,0,0.0000,0,0,0,0,0.0000,0,0,0,0,"2021-07-03 21:00:00"
"RocketReports","MINT0921",20.0000,137,0,30,107,0.0000,0,0,0,0,0.0000,0,0,0,0,0.0000,0,0,0,0,0.0000,0,0,0,0,"2021-07-03 21:00:00"
"RocketReports","MINT0922",20.0000,5924,0,5827,97,0.0000,0,0,0,0,0.0000,0,0,0,0,0.0000,0,0,0,0,0.0000,0,0,0,0,"2021-07-03 21:00:00"
"RocketReports","MINT0923",20.0000,105,0,20,85,0.0000,0,0,0,0,0.0000,0,0,0,0,0.0000,0,0,0,0,0.0000,0,0,0,0,"2021-07-03 21:00:00"
"RocketReports","MINT0924",20.0000,1,0,0,1,0.0000,0,0,0,0,0.0000,0,0,0,0,0.0000,0,0,0,0,0.0000,0,0,0,0,"2021-07-03 21:00:00"
"RocketReports","MINT0925",20.0000,148,0,0,148,0.0000,0,0,0,0,0.0000,0,0,0,0,0.0000,0,0,0,0,0.0000,0,0,0,0,"2021-07-03 21:00:00"
"RocketReports","MINT0926",20.0000,97,0,46,51,0.0000,0,0,0,0,0.0000,0,0,0,0,0.0000,0,0,0,0,0.0000,0,0,0,0,"2021-07-03 21:00:00"
"RocketReports","MINT1000",20.0000,300,0,88,212,0.0000,0,0,0,0,0.0000,0,0,0,0,0.0000,0,0,0,0,0.0000,0,0,0,0,"2021-07-03 21:00:00"
"RocketReports","MINT1001",20.0000,350,0,124,226,0.0000,0,0,0,0,0.0000,0,0,0,0,0.0000,0,0,0,0,0.0000,0,0,0,0,"2021-07-03 21:00:00"
"RocketReports","MINT1002",20.0000,310,0,66,244,0.0000,0,0,0,0,0.0000,0,0,0,0,0.0000,0,0,0,0,0.0000,0,0,0,0,"2021-07-03 21:00:00"
"RocketReports","MINT1003",20.0000,100,0,0,100,0.0000,0,0,0,0,0.0000,0,0,0,0,0.0000,0,0,0,0,0.0000,0,0,0,0,"2021-07-03 21:00:00"
"RocketReports","MINT1004",20.0000,631,0,477,154,0.0000,0,0,0,0,0.0000,0,0,0,0,0.0000,0,0,0,0,0.0000,0,0,0,0,"2021-07-03 21:00:00"
"RocketReports","MINT1006",20.0000,200,0,103,97,0.0000,0,0,0,0,0.0000,0,0,0,0,0.0000,0,0,0,0,0.0000,0,0,0,0,"2021-07-03 21:00:00"
"RocketReports","MINT1007",20.0000,1767,0,1540,227,0.0000,0,0,0,0,0.0000,0,0,0,0,0.0000,0,0,0,0,0.0000,0,0,0,0,"2021-07-03 21:00:00"
"RocketReports","MINT1009",20.0000,2,0,0,2,0.0000,0,0,0,0,0.0000,0,0,0,0,0.0000,0,0,0,0,0.0000,0,0,0,0,"2021-07-03 21:00:00"
"RocketReports","MINT1010",20.0000,0,0,0,0,0.0000,0,0,0,0,0.0000,0,0,0,0,0.0000,0,0,0,0,0.0000,0,0,0,0,"2021-07-03 21:00:00"
"RocketReports","MINT1011",20.0000,150,0,20,130,0.0000,0,0,0,0,0.0000,0,0,0,0,0.0000,0,0,0,0,0.0000,0,0,0,0,"2021-07-03 21:00:00"
"RocketReports","MINT1012",20.0000,6337,0,6031,306,0.0000,0,0,0,0,0.0000,0,0,0,0,0.0000,0,0,0,0,0.0000,0,0,0,0,"2021-07-03 21:00:00"
"RocketReports","MINT1014",20.0000,2898,0,2873,25,0.0000,0,0,0,0,0.0000,0,0,0,0,0.0000,0,0,0,0,0.0000,0,0,0,0,"2021-07-03 21:00:00"
"RocketReports","MINT1015",20.0000,200,0,35,165,0.0000,0,0,0,0,0.0000,0,0,0,0,0.0000,0,0,0,0,0.0000,0,0,0,0,"2021-07-03 21:00:00"
"RocketReports","MINT1016",20.0000,451,0,329,122,0.0000,0,0,0,0,0.0000,0,0,0,0,0.0000,0,0,0,0,0.0000,0,0,0,0,"2021-07-03 21:00:00"
"RocketReports","MINT1017",20.0000,150,0,0,150,0.0000,0,0,0,0,0.0000,0,0,0,0,0.0000,0,0,0,0,0.0000,0,0,0,0,"2021-07-03 21:00:00"
"RocketReports","MINT1018",20.0000,100,0,5,95,0.0000,0,0,0,0,0.0000,0,0,0,0,0.0000,0,0,0,0,0.0000,0,0,0,0,"2021-07-03 21:00:00"
"RocketReports","MINT1019",20.0000,150,0,131,19,0.0000,0,0,0,0,0.0000,0,0,0,0,0.0000,0,0,0,0,0.0000,0,0,0,0,"2021-07-03 21:00:00"
"RocketReports","MINT1030",20.0000,15,0,1,14,0.0000,0,0,0,0,0.0000,0,0,0,0,0.0000,0,0,0,0,0.0000,0,0,0,0,"2021-07-03 21:00:00"
"RocketReports","MINT1041",20.0000,250,0,74,176,0.0000,0,0,0,0,0.0000,0,0,0,0,0.0000,0,0,0,0,0.0000,0,0,0,0,"2021-07-03 21:00:00"
"RocketReports","MINT1050",20.0000,4116,0,4047,69,0.0000,0,0,0,0,0.0000,0,0,0,0,0.0000,0,0,0,0,0.0000,0,0,0,0,"2021-07-03 21:00:00"
"RocketReports","MINT1061",20.0000,150,0,6,144,0.0000,0,0,0,0,0.0000,0,0,0,0,0.0000,0,0,0,0,0.0000,0,0,0,0,"2021-07-03 21:00:00"
"RocketReports","MINT1062",20.0000,200,0,108,92,0.0000,0,0,0,0,0.0000,0,0,0,0,0.0000,0,0,0,0,0.0000,0,0,0,0,"2021-07-03 21:00:00"
"RocketReports","MINT1063",20.0000,384,0,253,131,0.0000,0,0,0,0,0.0000,0,0,0,0,0.0000,0,0,0,0,0.0000,0,0,0,0,"2021-07-03 21:00:00"
"RocketReports","MINT1066",20.0000,86,0,0,86,0.0000,0,0,0,0,0.0000,0,0,0,0,0.0000,0,0,0,0,0.0000,0,0,0,0,"2021-07-03 21:00:00"
"RocketReports","MINT1067",20.0000,100,0,1,99,0.0000,0,0,0,0,0.0000,0,0,0,0,0.0000,0,0,0,0,0.0000,0,0,0,0,"2021-07-03 21:00:00"
"RocketReports","MINT1068",20.0000,96,0,9,87,0.0000,0,0,0,0,0.0000,0,0,0,0,0.0000,0,0,0,0,0.0000,0,0,0,0,"2021-07-03 21:00:00"
"RocketReports","MINT1069",20.0000,228,0,39,189,0.0000,0,0,0,0,0.0000,0,0,0,0,0.0000,0,0,0,0,0.0000,0,0,0,0,"2021-07-03 21:00:00"
"RocketReports","MINT1070",20.0000,75,0,35,40,0.0000,0,0,0,0,0.0000,0,0,0,0,0.0000,0,0,0,0,0.0000,0,0,0,0,"2021-07-03 21:00:00"
"RocketReports","MINT1071",20.0000,106,0,10,96,0.0000,0,0,0,0,0.0000,0,0,0,0,0.0000,0,0,0,0,0.0000,0,0,0,0,"2021-07-03 21:00:00"
"RocketReports","MINT1072",20.0000,90,0,50,40,0.0000,0,0,0,0,0.0000,0,0,0,0,0.0000,0,0,0,0,0.0000,0,0,0,0,"2021-07-03 21:00:00"
"RocketReports","MINT1073",20.0000,134,0,77,57,0.0000,0,0,0,0,0.0000,0,0,0,0,0.0000,0,0,0,0,0.0000,0,0,0,0,"2021-07-03 21:00:00"
"RocketReports","MINT1074",20.0000,6178,0,6176,2,0.0000,0,0,0,0,0.0000,0,0,0,0,0.0000,0,0,0,0,0.0000,0,0,0,0,"2021-07-03 21:00:00"
"RocketReports","MINT1075",20.0000,656,0,171,485,0.0000,0,0,0,0,0.0000,0,0,0,0,0.0000,0,0,0,0,0.0000,0,0,0,0,"2021-07-03 21:00:00"
"RocketReports","MINT1076",20.0000,600,0,185,415,0.0000,0,0,0,0,0.0000,0,0,0,0,0.0000,0,0,0,0,0.0000,0,0,0,0,"2021-07-03 21:00:00"
"RocketReports","MINT1077",20.0000,500,0,391,109,0.0000,0,0,0,0,0.0000,0,0,0,0,0.0000,0,0,0,0,0.0000,0,0,0,0,"2021-07-03 21:00:00"
"RocketReports","MINT1078",20.0000,1054,0,964,90,0.0000,0,0,0,0,0.0000,0,0,0,0,0.0000,0,0,0,0,0.0000,0,0,0,0,"2021-07-03 21:00:00"
"RocketReports","MINT1079",20.0000,15,0,0,15,0.0000,0,0,0,0,0.0000,0,0,0,0,0.0000,0,0,0,0,0.0000,0,0,0,0,"2021-07-03 21:00:00"
"RocketReports","MINT1080",20.0000,1504,0,1451,53,0.0000,0,0,0,0,0.0000,0,0,0,0,0.0000,0,0,0,0,0.0000,0,0,0,0,"2021-07-03 21:00:00"
"RocketReports","MINT1081",20.0000,58,0,16,42,0.0000,0,0,0,0,0.0000,0,0,0,0,0.0000,0,0,0,0,0.0000,0,0,0,0,"2021-07-03 21:00:00"
"RocketReports","MINT1082",20.0000,50,0,0,50,0.0000,0,0,0,0,0.0000,0,0,0,0,0.0000,0,0,0,0,0.0000,0,0,0,0,"2021-07-03 21:00:00"
"RocketReports","MINT1083",20.0000,157,0,65,92,0.0000,0,0,0,0,0.0000,0,0,0,0,0.0000,0,0,0,0,0.0000,0,0,0,0,"2021-07-03 21:00:00"
"RocketReports","MINT1084",20.0000,111,0,62,49,0.0000,0,0,0,0,0.0000,0,0,0,0,0.0000,0,0,0,0,0.0000,0,0,0,0,"2021-07-03 21:00:00"
"RocketReports","MINT1085",20.0000,200,0,42,158,0.0000,0,0,0,0,0.0000,0,0,0,0,0.0000,0,0,0,0,0.0000,0,0,0,0,"2021-07-03 21:00:00"
"RocketReports","MINT1086",20.0000,200,0,53,147,0.0000,0,0,0,0,0.0000,0,0,0,0,0.0000,0,0,0,0,0.0000,0,0,0,0,"2021-07-03 21:00:00"
"RocketReports","MINT1087",20.0000,50,0,0,50,0.0000,0,0,0,0,0.0000,0,0,0,0,0.0000,0,0,0,0,0.0000,0,0,0,0,"2021-07-03 21:00:00"
"RocketReports","MINT1090",20.0000,10,0,0,10,0.0000,0,0,0,0,0.0000,0,0,0,0,0.0000,0,0,0,0,0.0000,0,0,0,0,"2021-07-03 21:00:00"
"RocketReports","MINT1091",20.0000,325,0,102,223,0.0000,0,0,0,0,0.0000,0,0,0,0,0.0000,0,0,0,0,0.0000,0,0,0,0,"2021-07-03 21:00:00"
"RocketReports","MINT1093",20.0000,500,0,62,438,0.0000,0,0,0,0,0.0000,0,0,0,0,0.0000,0,0,0,0,0.0000,0,0,0,0,"2021-07-03 21:00:00"
"RocketReports","MINT1094",20.0000,100,0,4,96,0.0000,0,0,0,0,0.0000,0,0,0,0,0.0000,0,0,0,0,0.0000,0,0,0,0,"2021-07-03 21:00:00"
"RocketReports","MINT2000",20.0000,12,0,9,3,0.0000,0,0,0,0,0.0000,0,0,0,0,0.0000,0,0,0,0,0.0000,0,0,0,0,"2021-07-03 21:00:00"
"RocketReports","MINT3000",20.0000,226,0,10,216,0.0000,0,0,0,0,0.0000,0,0,0,0,0.0000,0,0,0,0,0.0000,0,0,0,0,"2021-07-03 21:00:00"
"RocketReports","MINT3001",20.0000,176,0,60,116,0.0000,0,0,0,0,0.0000,0,0,0,0,0.0000,0,0,0,0,0.0000,0,0,0,0,"2021-07-03 21:00:00"
"RocketReports","MINT3002",20.0000,150,0,125,25,0.0000,0,0,0,0,0.0000,0,0,0,0,0.0000,0,0,0,0,0.0000,0,0,0,0,"2021-07-03 21:00:00"
"RocketReports","MINT3003",20.0000,110,0,107,3,0.0000,0,0,0,0,0.0000,0,0,0,0,0.0000,0,0,0,0,0.0000,0,0,0,0,"2021-07-03 21:00:00"
"RocketReports","MINT4000",20.0000,6229,0,5919,310,0.0000,0,0,0,0,0.0000,0,0,0,0,0.0000,0,0,0,0,0.0000,0,0,0,0,"2021-07-03 21:00:00"
"RocketReports","MINT4001",20.0000,311,0,107,204,0.0000,0,0,0,0,0.0000,0,0,0,0,0.0000,0,0,0,0,0.0000,0,0,0,0,"2021-07-03 21:00:00"
"RocketReports","MINT4002",20.0000,100,0,62,38,0.0000,0,0,0,0,0.0000,0,0,0,0,0.0000,0,0,0,0,0.0000,0,0,0,0,"2021-07-03 21:00:00"
"RocketReports","MINT4003",20.0000,715,0,470,245,0.0000,0,0,0,0,0.0000,0,0,0,0,0.0000,0,0,0,0,0.0000,0,0,0,0,"2021-07-03 21:00:00"
"RocketReports","MINT4004",20.0000,239,0,0,239,0.0000,0,0,0,0,0.0000,0,0,0,0,0.0000,0,0,0,0,0.0000,0,0,0,0,"2021-07-03 21:00:00"
"RocketReports","MINT4005",20.0000,1500,0,1238,262,0.0000,0,0,0,0,0.0000,0,0,0,0,0.0000,0,0,0,0,0.0000,0,0,0,0,"2021-07-03 21:00:00"
"RocketReports","MINT4006",20.0000,240,0,18,222,0.0000,0,0,0,0,0.0000,0,0,0,0,0.0000,0,0,0,0,0.0000,0,0,0,0,"2021-07-03 21:00:00"
"RocketReports","MINT4007",20.0000,1,0,0,1,0.0000,0,0,0,0,0.0000,0,0,0,0,0.0000,0,0,0,0,0.0000,0,0,0,0,"2021-07-03 21:00:00"
"RocketReports","MINT4008",20.0000,50,0,0,50,0.0000,0,0,0,0,0.0000,0,0,0,0,0.0000,0,0,0,0,0.0000,0,0,0,0,"2021-07-03 21:00:00"
"RocketReports","MINT4009",20.0000,1356,0,78,1278,0.0000,0,0,0,0,0.0000,0,0,0,0,0.0000,0,0,0,0,0.0000,0,0,0,0,"2021-07-03 21:00:00"
"RocketReports","MINT4010",20.0000,2162,0,1048,1114,0.0000,0,0,0,0,0.0000,0,0,0,0,0.0000,0,0,0,0,0.0000,0,0,0,0,"2021-07-03 21:00:00"
"RocketReports","MINT4011",20.0000,544,0,0,544,0.0000,0,0,0,0,0.0000,0,0,0,0,0.0000,0,0,0,0,0.0000,0,0,0,0,"2021-07-03 21:00:00"
"RocketReports","MINT4012",20.0000,1246,0,1245,1,0.0000,0,0,0,0,0.0000,0,0,0,0,0.0000,0,0,0,0,0.0000,0,0,0,0,"2021-07-03 21:00:00"
"RocketReports","MINT4013",20.0000,25,0,0,25,0.0000,0,0,0,0,0.0000,0,0,0,0,0.0000,0,0,0,0,0.0000,0,0,0,0,"2021-07-03 21:00:00"
"RocketReports","MINT4014",20.0000,477,0,126,351,0.0000,0,0,0,0,0.0000,0,0,0,0,0.0000,0,0,0,0,0.0000,0,0,0,0,"2021-07-03 21:00:00"
"RocketReports","MINT4015",20.0000,400,0,45,355,0.0000,0,0,0,0,0.0000,0,0,0,0,0.0000,0,0,0,0,0.0000,0,0,0,0,"2021-07-03 21:00:00"
"RocketReports","MINT4016",20.0000,100,0,10,90,0.0000,0,0,0,0,0.0000,0,0,0,0,0.0000,0,0,0,0,0.0000,0,0,0,0,"2021-07-03 21:00:00"
"RocketReports","MINT4018",20.0000,145,0,69,76,0.0000,0,0,0,0,0.0000,0,0,0,0,0.0000,0,0,0,0,0.0000,0,0,0,0,"2021-07-03 21:00:00"
"RocketReports","MINT4019",20.0000,98,0,73,25,0.0000,0,0,0,0,0.0000,0,0,0,0,0.0000,0,0,0,0,0.0000,0,0,0,0,"2021-07-03 21:00:00"
"RocketReports","MINT4020",20.0000,226,0,215,11,0.0000,0,0,0,0,0.0000,0,0,0,0,0.0000,0,0,0,0,0.0000,0,0,0,0,"2021-07-03 21:00:00"
"RocketReports","MINT4021",20.0000,509,0,448,61,0.0000,0,0,0,0,0.0000,0,0,0,0,0.0000,0,0,0,0,0.0000,0,0,0,0,"2021-07-03 21:00:00"
"RocketReports","MINT4022",20.0000,895,0,143,752,0.0000,0,0,0,0,0.0000,0,0,0,0,0.0000,0,0,0,0,0.0000,0,0,0,0,"2021-07-03 21:00:00"
"RocketReports","MINT4023",20.0000,224,0,72,152,0.0000,0,0,0,0,0.0000,0,0,0,0,0.0000,0,0,0,0,0.0000,0,0,0,0,"2021-07-03 21:00:00"
"RocketReports","MINT4024",20.0000,929,0,83,846,0.0000,0,0,0,0,0.0000,0,0,0,0,0.0000,0,0,0,0,0.0000,0,0,0,0,"2021-07-03 21:00:00"
"RocketReports","MINT4025",20.0000,4053,0,3982,71,0.0000,0,0,0,0,0.0000,0,0,0,0,0.0000,0,0,0,0,0.0000,0,0,0,0,"2021-07-03 21:00:00"
"RocketReports","MINT4026",20.0000,204,0,100,104,0.0000,0,0,0,0,0.0000,0,0,0,0,0.0000,0,0,0,0,0.0000,0,0,0,0,"2021-07-03 21:00:00"
"RocketReports","MINT4027",20.0000,250,0,12,238,0.0000,0,0,0,0,0.0000,0,0,0,0,0.0000,0,0,0,0,0.0000,0,0,0,0,"2021-07-03 21:00:00"
"RocketReports","MINT4028",20.0000,100,0,11,89,0.0000,0,0,0,0,0.0000,0,0,0,0,0.0000,0,0,0,0,0.0000,0,0,0,0,"2021-07-03 21:00:00"
"RocketReports","MINT4029",20.0000,250,0,0,250,0.0000,0,0,0,0,0.0000,0,0,0,0,0.0000,0,0,0,0,0.0000,0,0,0,0,"2021-07-03 21:00:00"
"RocketReports","MINT4030",20.0000,197,0,185,12,0.0000,0,0,0,0,0.0000,0,0,0,0,0.0000,0,0,0,0,0.0000,0,0,0,0,"2021-07-03 21:00:00"
"RocketReports","MINT4031",20.0000,5356,0,5296,60,0.0000,0,0,0,0,0.0000,0,0,0,0,0.0000,0,0,0,0,0.0000,0,0,0,0,"2021-07-03 21:00:00"
"RocketReports","MINT4032",20.0000,94,0,83,11,0.0000,0,0,0,0,0.0000,0,0,0,0,0.0000,0,0,0,0,0.0000,0,0,0,0,"2021-07-03 21:00:00"
"RocketReports","MINT4033",20.0000,625,0,371,254,0.0000,0,0,0,0,0.0000,0,0,0,0,0.0000,0,0,0,0,0.0000,0,0,0,0,"2021-07-03 21:00:00"
"RocketReports","MINT4034",20.0000,25,0,25,0,0.0000,0,0,0,0,0.0000,0,0,0,0,0.0000,0,0,0,0,0.0000,0,0,0,0,"2021-07-03 21:00:00"
"RocketReports","MINT4035",20.0000,135,0,98,37,0.0000,0,0,0,0,0.0000,0,0,0,0,0.0000,0,0,0,0,0.0000,0,0,0,0,"2021-07-03 21:00:00"
"RocketReports","MINT4036",20.0000,1028,0,869,159,0.0000,0,0,0,0,0.0000,0,0,0,0,0.0000,0,0,0,0,0.0000,0,0,0,0,"2021-07-03 21:00:00"
"RocketReports","MINT4037",20.0000,184,0,90,94,0.0000,0,0,0,0,0.0000,0,0,0,0,0.0000,0,0,0,0,0.0000,0,0,0,0,"2021-07-03 21:00:00"
"RocketReports","MINT5000",20.0000,398,0,204,194,0.0000,0,0,0,0,0.0000,0,0,0,0,0.0000,0,0,0,0,0.0000,0,0,0,0,"2021-07-03 21:00:00"
"RocketReports","MINT5001",20.0000,528,0,402,126,0.0000,0,0,0,0,0.0000,0,0,0,0,0.0000,0,0,0,0,0.0000,0,0,0,0,"2021-07-03 21:00:00"
"RocketReports","MINT5002",20.0000,310,0,30,280,0.0000,0,0,0,0,0.0000,0,0,0,0,0.0000,0,0,0,0,0.0000,0,0,0,0,"2021-07-03 21:00:00"
"RocketReports","MINT5003",20.0000,58,0,7,51,0.0000,0,0,0,0,0.0000,0,0,0,0,0.0000,0,0,0,0,0.0000,0,0,0,0,"2021-07-03 21:00:00"
"RocketReports","MINT5004",20.0000,56,0,34,22,0.0000,0,0,0,0,0.0000,0,0,0,0,0.0000,0,0,0,0,0.0000,0,0,0,0,"2021-07-03 21:00:00"
"RocketReports","MINT5005",20.0000,98,0,85,13,0.0000,0,0,0,0,0.0000,0,0,0,0,0.0000,0,0,0,0,0.0000,0,0,0,0,"2021-07-03 21:00:00"
"RocketReports","MINT5006",20.0000,53,0,5,48,0.0000,0,0,0,0,0.0000,0,0,0,0,0.0000,0,0,0,0,0.0000,0,0,0,0,"2021-07-03 21:00:00"
"RocketReports","MINT5007",20.0000,110,0,29,81,0.0000,0,0,0,0,0.0000,0,0,0,0,0.0000,0,0,0,0,0.0000,0,0,0,0,"2021-07-03 21:00:00"
"RocketReports","MINT9997",20.0000,50,0,0,50,0.0000,0,0,0,0,0.0000,0,0,0,0,0.0000,0,0,0,0,0.0000,0,0,0,0,"2021-07-03 21:00:00"
"RocketReports","MINT9998",20.0000,50,0,0,50,0.0000,0,0,0,0,0.0000,0,0,0,0,0.0000,0,0,0,0,0.0000,0,0,0,0,"2021-07-03 21:00:00"
"RocketReports","MINT9999",20.0000,50,0,0,50,0.0000,0,0,0,0,0.0000,0,0,0,0,0.0000,0,0,0,0,0.0000,0,0,0,0,"2021-07-03 21:00:00"
"RocketReports","MINT9999",0.0000,0,0,0,0,20.0000,100,0,0,100,0.0000,0,0,0,0,0.0000,0,0,0,0,0.0000,0,0,0,0,"2021-07-03 21:00:00"
"RocketReports","MINTHI11",20.0000,499,0,100,399,0.0000,0,0,0,0,0.0000,0,0,0,0,0.0000,0,0,0,0,0.0000,0,0,0,0,"2021-07-03 21:00:00"
"RocketReports","MINTHI21",20.0000,500,0,231,269,0.0000,0,0,0,0,0.0000,0,0,0,0,0.0000,0,0,0,0,0.0000,0,0,0,0,"2021-07-03 21:00:00"
"RocketReports","MINTHI21",0.0000,0,0,0,0,20.0000,500,0,234,266,0.0000,0,0,0,0,0.0000,0,0,0,0,0.0000,0,0,0,0,"2021-07-03 21:00:00"
"RocketReports","MINTHI31",20.0000,594,0,240,354,0.0000,0,0,0,0,0.0000,0,0,0,0,0.0000,0,0,0,0,0.0000,0,0,0,0,"2021-07-03 21:00:00"
"RocketReports","MINTHI31",0.0000,0,0,0,0,20.0000,591,0,229,362,0.0000,0,0,0,0,0.0000,0,0,0,0,0.0000,0,0,0,0,"2021-07-03 21:00:00"
"RocketReports","MINTHI32",20.0000,391,0,35,356,0.0000,0,0,0,0,0.0000,0,0,0,0,0.0000,0,0,0,0,0.0000,0,0,0,0,"2021-07-03 21:00:00"
"RocketReports","MINTHI41",20.0000,500,0,136,364,0.0000,0,0,0,0,0.0000,0,0,0,0,0.0000,0,0,0,0,0.0000,0,0,0,0,"2021-07-03 21:00:00"
"RocketReports","MINTHI42",20.0000,119,0,64,55,0.0000,0,0,0,0,0.0000,0,0,0,0,0.0000,0,0,0,0,0.0000,0,0,0,0,"2021-07-03 21:00:00"
"RocketReports","MINTHI51",20.0000,193,0,110,83,0.0000,0,0,0,0,0.0000,0,0,0,0,0.0000,0,0,0,0,0.0000,0,0,0,0,"2021-07-03 21:00:00"
"RocketReports","MINTHI51",0.0000,0,0,0,0,20.0000,250,0,173,77,0.0000,0,0,0,0,0.0000,0,0,0,0,0.0000,0,0,0,0,"2021-07-03 21:00:00"
"RocketReports","MINTHI52",20.0000,250,0,26,224,0.0000,0,0,0,0,0.0000,0,0,0,0,0.0000,0,0,0,0,0.0000,0,0,0,0,"2021-07-03 21:00:00"
"RocketReports","MINTHI61",20.0000,286,0,0,286,0.0000,0,0,0,0,0.0000,0,0,0,0,0.0000,0,0,0,0,0.0000,0,0,0,0,"2021-07-03 21:00:00"
"RocketReports","MINTHI61",0.0000,0,0,0,0,20.0000,287,0,0,287,0.0000,0,0,0,0,0.0000,0,0,0,0,0.0000,0,0,0,0,"2021-07-03 21:00:00"
"RocketReports","MINTHI62",20.0000,731,0,123,608,0.0000,0,0,0,0,0.0000,0,0,0,0,0.0000,0,0,0,0,0.0000,0,0,0,0,"2021-07-03 21:00:00"
"RocketReports","MINTHI71",20.0000,1780,0,1570,210,0.0000,0,0,0,0,0.0000,0,0,0,0,0.0000,0,0,0,0,0.0000,0,0,0,0,"2021-07-03 21:00:00"
"RocketReports","MINTHI71",0.0000,0,0,0,0,20.0000,0,0,0,0,0.0000,0,0,0,0,0.0000,0,0,0,0,0.0000,0,0,0,0,"2021-07-03 21:00:00"
"RocketReports","MINTPLB1",20.0000,150,0,75,75,0.0000,0,0,0,0,0.0000,0,0,0,0,0.0000,0,0,0,0,0.0000,0,0,0,0,"2021-07-03 21:00:00"
"RocketReports","MINTPLB2",20.0000,175,0,72,103,0.0000,0,0,0,0,0.0000,0,0,0,0,0.0000,0,0,0,0,0.0000,0,0,0,0,"2021-07-03 21:00:00"
"RocketReports","MINTPLB3",20.0000,250,0,197,53,0.0000,0,0,0,0,0.0000,0,0,0,0,0.0000,0,0,0,0,0.0000,0,0,0,0,"2021-07-03 21:00:00"
"RocketReports","MINTPLB4",20.0000,350,0,141,209,0.0000,0,0,0,0,0.0000,0,0,0,0,0.0000,0,0,0,0,0.0000,0,0,0,0,"2021-07-03 21:00:00"
"RocketReports","MINTPLB5",20.0000,350,0,148,202,0.0000,0,0,0,0,0.0000,0,0,0,0,0.0000,0,0,0,0,0.0000,0,0,0,0,"2021-07-03 21:00:00"
"RocketReports","MINTPMH1",20.0000,450,0,276,174,0.0000,0,0,0,0,0.0000,0,0,0,0,0.0000,0,0,0,0,0.0000,0,0,0,0,"2021-07-03 21:00:00"
"RocketReports","MINTPMH2",20.0000,544,0,278,266,0.0000,0,0,0,0,0.0000,0,0,0,0,0.0000,0,0,0,0,0.0000,0,0,0,0,"2021-07-03 21:00:00"
"RocketReports","MINTPMH3",20.0000,250,0,78,172,0.0000,0,0,0,0,0.0000,0,0,0,0,0.0000,0,0,0,0,0.0000,0,0,0,0,"2021-07-03 21:00:00"
"RocketReports","TNS5GBZ3",20.0000,580,0,73,507,0.0000,0,0,0,0,0.0000,0,0,0,0,0.0000,0,0,0,0,0.0000,0,0,0,0,"2021-07-03 21:00:00"
"RocketReports","TNS5GBZ4",20.0000,213,0,68,145,0.0000,0,0,0,0,0.0000,0,0,0,0,0.0000,0,0,0,0,0.0000,0,0,0,0,"2021-07-03 21:00:00"
