"RocketReports","MINT0009",65,50,0.7692,15,0.2307,5,3,1,0,0,0,6
"RocketReports","MINT0025",10,7,0.7000,3,0.3000,2,1,0,0,0,0,0
"RocketReports","MINT0026",3,3,1.0000,0,0.0000,0,0,0,0,0,0,0
"RocketReports","MINT0027",8,7,0.8750,1,0.1250,1,0,0,0,0,0,0
"RocketReports","MINT0028",2,2,1.0000,0,0.0000,0,0,0,0,0,0,0
"RocketReports","MINT0032",13,13,1.0000,0,0.0000,0,0,0,0,0,0,0
"RocketReports","MINT0034",6,6,1.0000,0,0.0000,0,0,0,0,0,0,0
"RocketReports","MINT0037",1,1,1.0000,0,0.0000,0,0,0,0,0,0,0
"RocketReports","MINT0041",6,5,0.8333,1,0.1666,0,0,0,0,0,0,1
"RocketReports","MINT0042",17,11,0.6470,6,0.3529,4,2,0,0,0,0,0
"RocketReports","MINT0049",9,8,0.8888,1,0.1111,1,0,0,0,0,0,0
"RocketReports","MINT0053",1,1,1.0000,0,0.0000,0,0,0,0,0,0,0
"RocketReports","MINT0054",3,3,1.0000,0,0.0000,0,0,0,0,0,0,0
"RocketReports","MINT0055",1,1,1.0000,0,0.0000,0,0,0,0,0,0,0
"RocketReports","MINT0056",4,4,1.0000,0,0.0000,0,0,0,0,0,0,0
"RocketReports","MINT0058",1,1,1.0000,0,0.0000,0,0,0,0,0,0,0
"RocketReports","MINT0059",9,8,0.8888,1,0.1111,0,1,0,0,0,0,0
"RocketReports","MINT0062",27,25,0.9259,2,0.0740,0,1,0,0,0,0,1
"RocketReports","MINT0063",2,2,1.0000,0,0.0000,0,0,0,0,0,0,0
"RocketReports","MINT0067",8,5,0.6250,3,0.3750,0,1,0,0,0,0,2
"RocketReports","MINT0068",5,5,1.0000,0,0.0000,0,0,0,0,0,0,0
"RocketReports","MINT0069",77,72,0.9350,5,0.0649,1,3,0,0,0,0,1
"RocketReports","MINT0101",6,6,1.0000,0,0.0000,0,0,0,0,0,0,0
"RocketReports","MINT0104",3,3,1.0000,0,0.0000,0,0,0,0,0,0,0
"RocketReports","MINT0106",3,3,1.0000,0,0.0000,0,0,0,0,0,0,0
"RocketReports","MINT0107",7,7,1.0000,0,0.0000,0,0,0,0,0,0,0
"RocketReports","MINT0108",9,9,1.0000,0,0.0000,0,0,0,0,0,0,0
"RocketReports","MINT0109",6,6,1.0000,0,0.0000,0,0,0,0,0,0,0
"RocketReports","MINT0110",2,2,1.0000,0,0.0000,0,0,0,0,0,0,0
"RocketReports","MINT0111",4,2,0.5000,2,0.5000,0,0,2,0,0,0,0
"RocketReports","MINT0112",3,3,1.0000,0,0.0000,0,0,0,0,0,0,0
"RocketReports","MINT0113",26,19,0.7307,7,0.2692,0,4,0,0,0,0,3
"RocketReports","MINT0115",4,4,1.0000,0,0.0000,0,0,0,0,0,0,0
"RocketReports","MINT0116",2,2,1.0000,0,0.0000,0,0,0,0,0,0,0
"RocketReports","MINT0117",114,109,0.9561,5,0.0438,0,2,0,0,0,0,3
"RocketReports","MINT0118",6,5,0.8333,1,0.1666,0,0,0,0,0,0,1
"RocketReports","MINT0120",2,2,1.0000,0,0.0000,0,0,0,0,0,0,0
"RocketReports","MINT0121",8,7,0.8750,1,0.1250,1,0,0,0,0,0,0
"RocketReports","MINT0123",1,1,1.0000,0,0.0000,0,0,0,0,0,0,0
"RocketReports","MINT0124",1,1,1.0000,0,0.0000,0,0,0,0,0,0,0
"RocketReports","MINT0125",20,20,1.0000,0,0.0000,0,0,0,0,0,0,0
"RocketReports","MINT0126",2,2,1.0000,0,0.0000,0,0,0,0,0,0,0
"RocketReports","MINT0127",18,12,0.6666,6,0.3333,4,0,1,0,0,1,0
"RocketReports","MINT0130",2,2,1.0000,0,0.0000,0,0,0,0,0,0,0
"RocketReports","MINT0133",2,2,1.0000,0,0.0000,0,0,0,0,0,0,0
"RocketReports","MINT0135",1,1,1.0000,0,0.0000,0,0,0,0,0,0,0
"RocketReports","MINT0137",7,6,0.8571,1,0.1428,1,0,0,0,0,0,0
"RocketReports","MINT0142",1,1,1.0000,0,0.0000,0,0,0,0,0,0,0
"RocketReports","MINT0143",6,5,0.8333,1,0.1666,0,1,0,0,0,0,0
"RocketReports","MINT0144",5,4,0.8000,1,0.2000,1,0,0,0,0,0,0
"RocketReports","MINT0145",4,3,0.7500,1,0.2500,1,0,0,0,0,0,0
"RocketReports","MINT0149",2,1,0.5000,1,0.5000,0,0,1,0,0,0,0
"RocketReports","MINT0153",1,1,1.0000,0,0.0000,0,0,0,0,0,0,0
"RocketReports","MINT0154",2,2,1.0000,0,0.0000,0,0,0,0,0,0,0
"RocketReports","MINT0155",22,16,0.7272,6,0.2727,3,0,3,0,0,0,0
"RocketReports","MINT0156",1,1,1.0000,0,0.0000,0,0,0,0,0,0,0
"RocketReports","MINT0157",4,3,0.7500,1,0.2500,0,0,0,0,0,0,1
"RocketReports","MINT0162",5,4,0.8000,1,0.2000,0,0,0,0,0,0,1
"RocketReports","MINT0163",2,2,1.0000,0,0.0000,0,0,0,0,0,0,0
"RocketReports","MINT0205",1,1,1.0000,0,0.0000,0,0,0,0,0,0,0
"RocketReports","MINT0207",1,1,1.0000,0,0.0000,0,0,0,0,0,0,0
"RocketReports","MINT0209",7,7,1.0000,0,0.0000,0,0,0,0,0,0,0
"RocketReports","MINT0305",1,1,1.0000,0,0.0000,0,0,0,0,0,0,0
"RocketReports","MINT0350",1,1,1.0000,0,0.0000,0,0,0,0,0,0,0
"RocketReports","MINT0351",6,3,0.5000,3,0.5000,3,0,0,0,0,0,0
"RocketReports","MINT0352",1,1,1.0000,0,0.0000,0,0,0,0,0,0,0
"RocketReports","MINT0353",12,12,1.0000,0,0.0000,0,0,0,0,0,0,0
"RocketReports","MINT0355",11,11,1.0000,0,0.0000,0,0,0,0,0,0,0
"RocketReports","MINT0356",2,1,0.5000,1,0.5000,0,0,0,0,0,0,1
"RocketReports","MINT0357",2,2,1.0000,0,0.0000,0,0,0,0,0,0,0
"RocketReports","MINT0359",6,4,0.6666,2,0.3333,0,1,0,0,0,0,1
"RocketReports","MINT0360",7,6,0.8571,1,0.1428,1,0,0,0,0,0,0
"RocketReports","MINT0400",2,2,1.0000,0,0.0000,0,0,0,0,0,0,0
"RocketReports","MINT0401",4,4,1.0000,0,0.0000,0,0,0,0,0,0,0
"RocketReports","MINT0402",22,13,0.5909,9,0.4090,1,2,4,0,0,1,1
"RocketReports","MINT0403",11,11,1.0000,0,0.0000,0,0,0,0,0,0,0
"RocketReports","MINT0405",3,3,1.0000,0,0.0000,0,0,0,0,0,0,0
"RocketReports","MINT0409",3,3,1.0000,0,0.0000,0,0,0,0,0,0,0
"RocketReports","MINT0411",3,3,1.0000,0,0.0000,0,0,0,0,0,0,0
"RocketReports","MINT0412",1,1,1.0000,0,0.0000,0,0,0,0,0,0,0
"RocketReports","MINT0414",16,12,0.7500,4,0.2500,0,0,4,0,0,0,0
"RocketReports","MINT0418",2,2,1.0000,0,0.0000,0,0,0,0,0,0,0
"RocketReports","MINT0494",4,3,0.7500,1,0.2500,1,0,0,0,0,0,0
"RocketReports","MINT0495",5,5,1.0000,0,0.0000,0,0,0,0,0,0,0
"RocketReports","MINT0497",12,12,1.0000,0,0.0000,0,0,0,0,0,0,0
"RocketReports","MINT0498",2,2,1.0000,0,0.0000,0,0,0,0,0,0,0
"RocketReports","MINT0508",41,39,0.9512,2,0.0487,2,0,0,0,0,0,0
"RocketReports","MINT0527",5,4,0.8000,1,0.2000,0,1,0,0,0,0,0
"RocketReports","MINT0531",3,3,1.0000,0,0.0000,0,0,0,0,0,0,0
"RocketReports","MINT0532",8,6,0.7500,2,0.2500,2,0,0,0,0,0,0
"RocketReports","MINT0533",1,1,1.0000,0,0.0000,0,0,0,0,0,0,0
"RocketReports","MINT0534",4,4,1.0000,0,0.0000,0,0,0,0,0,0,0
"RocketReports","MINT0535",4,4,1.0000,0,0.0000,0,0,0,0,0,0,0
"RocketReports","MINT0537",6,5,0.8333,1,0.1666,0,1,0,0,0,0,0
"RocketReports","MINT0539",1,1,1.0000,0,0.0000,0,0,0,0,0,0,0
"RocketReports","MINT0542",2,2,1.0000,0,0.0000,0,0,0,0,0,0,0
"RocketReports","MINT0545",6,3,0.5000,3,0.5000,2,0,0,0,0,0,1
"RocketReports","MINT0546",9,9,1.0000,0,0.0000,0,0,0,0,0,0,0
"RocketReports","MINT0547",3,2,0.6666,1,0.3333,0,1,0,0,0,0,0
"RocketReports","MINT0550",18,18,1.0000,0,0.0000,0,0,0,0,0,0,0
"RocketReports","MINT0554",2,2,1.0000,0,0.0000,0,0,0,0,0,0,0
"RocketReports","MINT0555",10,6,0.6000,4,0.4000,1,2,1,0,0,0,0
"RocketReports","MINT0556",6,5,0.8333,1,0.1666,0,1,0,0,0,0,0
"RocketReports","MINT0557",9,8,0.8888,1,0.1111,1,0,0,0,0,0,0
"RocketReports","MINT0559",5,5,1.0000,0,0.0000,0,0,0,0,0,0,0
"RocketReports","MINT0560",1,1,1.0000,0,0.0000,0,0,0,0,0,0,0
"RocketReports","MINT0561",9,9,1.0000,0,0.0000,0,0,0,0,0,0,0
"RocketReports","MINT0562",9,8,0.8888,1,0.1111,0,0,0,0,0,0,1
"RocketReports","MINT0563",8,8,1.0000,0,0.0000,0,0,0,0,0,0,0
"RocketReports","MINT0564",6,6,1.0000,0,0.0000,0,0,0,0,0,0,0
"RocketReports","MINT0566",1,1,1.0000,0,0.0000,0,0,0,0,0,0,0
"RocketReports","MINT0567",2,1,0.5000,1,0.5000,0,1,0,0,0,0,0
"RocketReports","MINT0568",1,1,1.0000,0,0.0000,0,0,0,0,0,0,0
"RocketReports","MINT0569",12,9,0.7500,3,0.2500,0,1,0,0,0,0,2
"RocketReports","MINT0570",6,6,1.0000,0,0.0000,0,0,0,0,0,0,0
"RocketReports","MINT0571",8,8,1.0000,0,0.0000,0,0,0,0,0,0,0
"RocketReports","MINT0572",13,11,0.8461,2,0.1538,0,0,0,0,0,0,2
"RocketReports","MINT0574",8,6,0.7500,2,0.2500,0,2,0,0,0,0,0
"RocketReports","MINT0581",5,5,1.0000,0,0.0000,0,0,0,0,0,0,0
"RocketReports","MINT0582",6,6,1.0000,0,0.0000,0,0,0,0,0,0,0
"RocketReports","MINT0584",15,14,0.9333,1,0.0666,0,0,0,0,0,0,1
"RocketReports","MINT0585",2,2,1.0000,0,0.0000,0,0,0,0,0,0,0
"RocketReports","MINT0588",5,3,0.6000,2,0.4000,2,0,0,0,0,0,0
"RocketReports","MINT0592",5,5,1.0000,0,0.0000,0,0,0,0,0,0,0
"RocketReports","MINT0593",11,10,0.9090,1,0.0909,0,0,0,0,0,1,0
"RocketReports","MINT0594",7,7,1.0000,0,0.0000,0,0,0,0,0,0,0
"RocketReports","MINT0595",2,2,1.0000,0,0.0000,0,0,0,0,0,0,0
"RocketReports","MINT0596",15,14,0.9333,1,0.0666,0,0,0,0,0,0,1
"RocketReports","MINT0598",6,6,1.0000,0,0.0000,0,0,0,0,0,0,0
"RocketReports","MINT0599",34,32,0.9411,2,0.0588,2,0,0,0,0,0,0
"RocketReports","MINT0600",6,6,1.0000,0,0.0000,0,0,0,0,0,0,0
"RocketReports","MINT0602",4,4,1.0000,0,0.0000,0,0,0,0,0,0,0
"RocketReports","MINT0603",140,123,0.8785,17,0.1214,2,2,3,0,0,1,9
"RocketReports","MINT0604",3,3,1.0000,0,0.0000,0,0,0,0,0,0,0
"RocketReports","MINT0606",10,8,0.8000,2,0.2000,0,2,0,0,0,0,0
"RocketReports","MINT0609",6,6,1.0000,0,0.0000,0,0,0,0,0,0,0
"RocketReports","MINT0610",4,4,1.0000,0,0.0000,0,0,0,0,0,0,0
"RocketReports","MINT0707",6,5,0.8333,1,0.1666,0,0,0,0,0,0,1
"RocketReports","MINT0711",1,1,1.0000,0,0.0000,0,0,0,0,0,0,0
"RocketReports","MINT0902",2,2,1.0000,0,0.0000,0,0,0,0,0,0,0
"RocketReports","MINT0903",1,1,1.0000,0,0.0000,0,0,0,0,0,0,0
"RocketReports","MINT0906",3,3,1.0000,0,0.0000,0,0,0,0,0,0,0
"RocketReports","MINT0908",1,1,1.0000,0,0.0000,0,0,0,0,0,0,0
"RocketReports","MINT0910",3,3,1.0000,0,0.0000,0,0,0,0,0,0,0
"RocketReports","MINT0912",19,17,0.8947,2,0.1052,1,1,0,0,0,0,0
"RocketReports","MINT0913",17,17,1.0000,0,0.0000,0,0,0,0,0,0,0
"RocketReports","MINT0915",16,16,1.0000,0,0.0000,0,0,0,0,0,0,0
"RocketReports","MINT0916",7,7,1.0000,0,0.0000,0,0,0,0,0,0,0
"RocketReports","MINT0917",2,2,1.0000,0,0.0000,0,0,0,0,0,0,0
"RocketReports","MINT0919",30,30,1.0000,0,0.0000,0,0,0,0,0,0,0
"RocketReports","MINT0920",1,1,1.0000,0,0.0000,0,0,0,0,0,0,0
"RocketReports","MINT0924",1,0,0.0000,1,1.0000,0,1,0,0,0,0,0
"RocketReports","MINT0926",2,2,1.0000,0,0.0000,0,0,0,0,0,0,0
"RocketReports","MINT1000",31,30,0.9677,1,0.0322,0,1,0,0,0,0,0
"RocketReports","MINT1001",49,43,0.8775,6,0.1224,5,0,0,0,0,0,1
"RocketReports","MINT1002",15,14,0.9333,1,0.0666,0,1,0,0,0,0,0
"RocketReports","MINT1003",15,15,1.0000,0,0.0000,0,0,0,0,0,0,0
"RocketReports","MINT1004",55,47,0.8545,8,0.1454,1,0,3,0,0,0,4
"RocketReports","MINT1006",43,37,0.8604,6,0.1395,1,1,0,0,0,0,4
"RocketReports","MINT1016",12,12,1.0000,0,0.0000,0,0,0,0,0,0,0
"RocketReports","MINT1019",4,4,1.0000,0,0.0000,0,0,0,0,0,0,0
"RocketReports","MINT1041",15,12,0.8000,3,0.2000,3,0,0,0,0,0,0
"RocketReports","MINT1050",1,1,1.0000,0,0.0000,0,0,0,0,0,0,0
"RocketReports","MINT1061",2,2,1.0000,0,0.0000,0,0,0,0,0,0,0
"RocketReports","MINT1062",4,4,1.0000,0,0.0000,0,0,0,0,0,0,0
"RocketReports","MINT1063",63,61,0.9682,2,0.0317,2,0,0,0,0,0,0
"RocketReports","MINT1066",22,21,0.9545,1,0.0454,0,0,0,0,0,0,1
"RocketReports","MINT1069",7,7,1.0000,0,0.0000,0,0,0,0,0,0,0
"RocketReports","MINT1070",4,3,0.7500,1,0.2500,0,1,0,0,0,0,0
"RocketReports","MINT1072",2,2,1.0000,0,0.0000,0,0,0,0,0,0,0
"RocketReports","MINT1073",1,1,1.0000,0,0.0000,0,0,0,0,0,0,0
"RocketReports","MINT1074",5,5,1.0000,0,0.0000,0,0,0,0,0,0,0
"RocketReports","MINT1075",19,15,0.7894,4,0.2105,3,0,0,0,0,0,1
"RocketReports","MINT1076",6,6,1.0000,0,0.0000,0,0,0,0,0,0,0
"RocketReports","MINT1079",1,0,0.0000,1,1.0000,0,0,0,0,0,1,0
"RocketReports","MINT1080",18,15,0.8333,3,0.1666,1,0,0,0,0,0,2
"RocketReports","MINT1083",8,8,1.0000,0,0.0000,0,0,0,0,0,0,0
"RocketReports","MINT1085",9,9,1.0000,0,0.0000,0,0,0,0,0,0,0
"RocketReports","MINT1086",10,10,1.0000,0,0.0000,0,0,0,0,0,0,0
"RocketReports","MINT1087",10,8,0.8000,2,0.2000,0,0,0,0,0,0,2
"RocketReports","MINT1091",19,14,0.7368,5,0.2631,0,0,2,0,0,0,3
"RocketReports","MINT1093",1,1,1.0000,0,0.0000,0,0,0,0,0,0,0
"RocketReports","MINT1094",2,1,0.5000,1,0.5000,1,0,0,0,0,0,0
"RocketReports","MINT2000",1,1,1.0000,0,0.0000,0,0,0,0,0,0,0
"RocketReports","MINT3000",28,27,0.9642,1,0.0357,0,0,1,0,0,0,0
"RocketReports","MINT3001",5,5,1.0000,0,0.0000,0,0,0,0,0,0,0
"RocketReports","MINT4000",22,22,1.0000,0,0.0000,0,0,0,0,0,0,0
"RocketReports","MINT4001",7,7,1.0000,0,0.0000,0,0,0,0,0,0,0
"RocketReports","MINT4002",3,3,1.0000,0,0.0000,0,0,0,0,0,0,0
"RocketReports","MINT4003",26,21,0.8076,5,0.1923,3,0,0,0,0,0,2
"RocketReports","MINT4005",13,12,0.9230,1,0.0769,1,0,0,0,0,0,0
"RocketReports","MINT4009",31,24,0.7741,7,0.2258,4,3,0,0,0,0,0
"RocketReports","MINT4010",39,31,0.7948,8,0.2051,3,1,4,0,0,0,0
"RocketReports","MINT4014",25,18,0.7200,7,0.2800,1,0,0,0,0,0,6
"RocketReports","MINT4015",15,13,0.8666,2,0.1333,2,0,0,0,0,0,0
"RocketReports","MINT4016",6,3,0.5000,3,0.5000,0,0,0,0,0,0,3
"RocketReports","MINT4020",12,10,0.8333,2,0.1666,1,0,0,0,0,1,0
"RocketReports","MINT4022",52,44,0.8461,8,0.1538,4,1,1,0,0,0,2
"RocketReports","MINT4024",29,26,0.8965,3,0.1034,1,0,1,0,0,0,1
"RocketReports","MINT4025",26,25,0.9615,1,0.0384,1,0,0,0,0,0,0
"RocketReports","MINT4026",8,7,0.8750,1,0.1250,0,0,1,0,0,0,0
"RocketReports","MINT4027",2,2,1.0000,0,0.0000,0,0,0,0,0,0,0
"RocketReports","MINT4031",5,5,1.0000,0,0.0000,0,0,0,0,0,0,0
"RocketReports","MINT4033",12,12,1.0000,0,0.0000,0,0,0,0,0,0,0
"RocketReports","MINT4035",16,16,1.0000,0,0.0000,0,0,0,0,0,0,0
"RocketReports","MINT4036",4,3,0.7500,1,0.2500,1,0,0,0,0,0,0
"RocketReports","MINT5001",9,9,1.0000,0,0.0000,0,0,0,0,0,0,0
"RocketReports","MINT5002",4,4,1.0000,0,0.0000,0,0,0,0,0,0,0
"RocketReports","MINT5003",1,1,1.0000,0,0.0000,0,0,0,0,0,0,0
"RocketReports","MINT5004",2,2,1.0000,0,0.0000,0,0,0,0,0,0,0
"RocketReports","MINTHI11",4,4,1.0000,0,0.0000,0,0,0,0,0,0,0
"RocketReports","MINTHI21",13,12,0.9230,1,0.0769,0,1,0,0,0,0,0
"RocketReports","MINTHI31",33,31,0.9393,2,0.0606,1,0,1,0,0,0,0
"RocketReports","MINTHI41",6,6,1.0000,0,0.0000,0,0,0,0,0,0,0
"RocketReports","MINTHI51",27,20,0.7407,7,0.2592,0,0,6,0,0,0,1
"RocketReports","MINTHI61",1,1,1.0000,0,0.0000,0,0,0,0,0,0,0
"RocketReports","MINTHI62",12,11,0.9166,1,0.0833,0,0,1,0,0,0,0
"RocketReports","MINTHI71",6,2,0.3333,4,0.6666,4,0,0,0,0,0,0
"RocketReports","MINTPLB1",6,6,1.0000,0,0.0000,0,0,0,0,0,0,0
"RocketReports","MINTPLB2",2,2,1.0000,0,0.0000,0,0,0,0,0,0,0
"RocketReports","MINTPLB3",9,8,0.8888,1,0.1111,1,0,0,0,0,0,0
"RocketReports","MINTPLB4",5,5,1.0000,0,0.0000,0,0,0,0,0,0,0
"RocketReports","MINTPLB5",9,8,0.8888,1,0.1111,1,0,0,0,0,0,0
"RocketReports","MINTPMH1",6,6,1.0000,0,0.0000,0,0,0,0,0,0,0
"RocketReports","MINTPMH2",2,2,1.0000,0,0.0000,0,0,0,0,0,0,0
"RocketReports","TNS5GBZ3",8,7,0.8750,1,0.1250,0,1,0,0,0,0,0
"RocketReports","TNS5GBZ4",3,3,1.0000,0,0.0000,0,0,0,0,0,0,0
