"MintATM","MINT0009",57,50,0.8771,7,0.1228,4,0,0,0,0,0,3
"MintATM","MINT0010",69,65,0.9420,4,0.0579,0,2,0,0,0,0,2
"MintATM","MINT0025",2,2,1.0000,0,0.0000,0,0,0,0,0,0,0
"MintATM","MINT0026",3,3,1.0000,0,0.0000,0,0,0,0,0,0,0
"MintATM","MINT0028",2,2,1.0000,0,0.0000,0,0,0,0,0,0,0
"MintATM","MINT0032",15,15,1.0000,0,0.0000,0,0,0,0,0,0,0
"MintATM","MINT0034",22,17,0.7727,5,0.2272,4,1,0,0,0,0,0
"MintATM","MINT0037",3,3,1.0000,0,0.0000,0,0,0,0,0,0,0
"MintATM","MINT0041",11,6,0.5454,5,0.4545,0,0,0,0,0,0,5
"MintATM","MINT0042",7,5,0.7142,2,0.2857,1,0,0,0,0,0,1
"MintATM","MINT0044",4,3,0.7500,1,0.2500,0,0,0,0,0,0,1
"MintATM","MINT0049",8,7,0.8750,1,0.1250,1,0,0,0,0,0,0
"MintATM","MINT0050",2,2,1.0000,0,0.0000,0,0,0,0,0,0,0
"MintATM","MINT0053",2,2,1.0000,0,0.0000,0,0,0,0,0,0,0
"MintATM","MINT0056",3,3,1.0000,0,0.0000,0,0,0,0,0,0,0
"MintATM","MINT0058",2,2,1.0000,0,0.0000,0,0,0,0,0,0,0
"MintATM","MINT0059",3,3,1.0000,0,0.0000,0,0,0,0,0,0,0
"MintATM","MINT0062",7,7,1.0000,0,0.0000,0,0,0,0,0,0,0
"MintATM","MINT0063",3,3,1.0000,0,0.0000,0,0,0,0,0,0,0
"MintATM","MINT0065",6,5,0.8333,1,0.1666,0,1,0,0,0,0,0
"MintATM","MINT0066",2,0,0.0000,2,1.0000,2,0,0,0,0,0,0
"MintATM","MINT0067",11,9,0.8181,2,0.1818,0,0,0,0,0,0,2
"MintATM","MINT0102",1,1,1.0000,0,0.0000,0,0,0,0,0,0,0
"MintATM","MINT0106",11,9,0.8181,2,0.1818,1,1,0,0,0,0,0
"MintATM","MINT0107",3,3,1.0000,0,0.0000,0,0,0,0,0,0,0
"MintATM","MINT0109",9,9,1.0000,0,0.0000,0,0,0,0,0,0,0
"MintATM","MINT0112",2,2,1.0000,0,0.0000,0,0,0,0,0,0,0
"MintATM","MINT0116",7,6,0.8571,1,0.1428,0,0,1,0,0,0,0
"MintATM","MINT0118",6,6,1.0000,0,0.0000,0,0,0,0,0,0,0
"MintATM","MINT0120",1,1,1.0000,0,0.0000,0,0,0,0,0,0,0
"MintATM","MINT0121",16,16,1.0000,0,0.0000,0,0,0,0,0,0,0
"MintATM","MINT0125",15,13,0.8666,2,0.1333,0,0,0,0,0,0,2
"MintATM","MINT0126",6,6,1.0000,0,0.0000,0,0,0,0,0,0,0
"MintATM","MINT0127",6,5,0.8333,1,0.1666,0,1,0,0,0,0,0
"MintATM","MINT0132",1,1,1.0000,0,0.0000,0,0,0,0,0,0,0
"MintATM","MINT0133",7,6,0.8571,1,0.1428,0,0,0,0,0,1,0
"MintATM","MINT0135",9,6,0.6666,3,0.3333,1,1,1,0,0,0,0
"MintATM","MINT0137",3,3,1.0000,0,0.0000,0,0,0,0,0,0,0
"MintATM","MINT0138",4,4,1.0000,0,0.0000,0,0,0,0,0,0,0
"MintATM","MINT0141",1,1,1.0000,0,0.0000,0,0,0,0,0,0,0
"MintATM","MINT0142",1,1,1.0000,0,0.0000,0,0,0,0,0,0,0
"MintATM","MINT0143",7,7,1.0000,0,0.0000,0,0,0,0,0,0,0
"MintATM","MINT0144",4,4,1.0000,0,0.0000,0,0,0,0,0,0,0
"MintATM","MINT0145",7,7,1.0000,0,0.0000,0,0,0,0,0,0,0
"MintATM","MINT0152",7,7,1.0000,0,0.0000,0,0,0,0,0,0,0
"MintATM","MINT0153",1,1,1.0000,0,0.0000,0,0,0,0,0,0,0
"MintATM","MINT0154",17,17,1.0000,0,0.0000,0,0,0,0,0,0,0
"MintATM","MINT0155",23,23,1.0000,0,0.0000,0,0,0,0,0,0,0
"MintATM","MINT0305",1,1,1.0000,0,0.0000,0,0,0,0,0,0,0
"MintATM","MINT0351",2,1,0.5000,1,0.5000,1,0,0,0,0,0,0
"MintATM","MINT0353",10,10,1.0000,0,0.0000,0,0,0,0,0,0,0
"MintATM","MINT0355",1,1,1.0000,0,0.0000,0,0,0,0,0,0,0
"MintATM","MINT0356",9,8,0.8888,1,0.1111,0,0,0,0,0,0,1
"MintATM","MINT0357",4,4,1.0000,0,0.0000,0,0,0,0,0,0,0
"MintATM","MINT0360",2,2,1.0000,0,0.0000,0,0,0,0,0,0,0
"MintATM","MINT0401",1,1,1.0000,0,0.0000,0,0,0,0,0,0,0
"MintATM","MINT0402",2,2,1.0000,0,0.0000,0,0,0,0,0,0,0
"MintATM","MINT0403",9,7,0.7777,2,0.2222,2,0,0,0,0,0,0
"MintATM","MINT0407",1,1,1.0000,0,0.0000,0,0,0,0,0,0,0
"MintATM","MINT0409",2,1,0.5000,1,0.5000,0,0,0,0,0,0,1
"MintATM","MINT0412",1,1,1.0000,0,0.0000,0,0,0,0,0,0,0
"MintATM","MINT0414",5,5,1.0000,0,0.0000,0,0,0,0,0,0,0
"MintATM","MINT0416",3,3,1.0000,0,0.0000,0,0,0,0,0,0,0
"MintATM","MINT0417",1,1,1.0000,0,0.0000,0,0,0,0,0,0,0
"MintATM","MINT0501",1,1,1.0000,0,0.0000,0,0,0,0,0,0,0
"MintATM","MINT0504",3,3,1.0000,0,0.0000,0,0,0,0,0,0,0
"MintATM","MINT0508",60,57,0.9500,3,0.0500,1,0,0,0,0,0,2
"MintATM","MINT0509",3,3,1.0000,0,0.0000,0,0,0,0,0,0,0
"MintATM","MINT0522",9,9,1.0000,0,0.0000,0,0,0,0,0,0,0
"MintATM","MINT0532",38,34,0.8947,4,0.1052,3,1,0,0,0,0,0
"MintATM","MINT0533",37,31,0.8378,6,0.1621,1,0,0,0,0,0,5
"MintATM","MINT0540",1,1,1.0000,0,0.0000,0,0,0,0,0,0,0
"MintATM","MINT0542",7,7,1.0000,0,0.0000,0,0,0,0,0,0,0
"MintATM","MINT0546",4,4,1.0000,0,0.0000,0,0,0,0,0,0,0
"MintATM","MINT0548",3,3,1.0000,0,0.0000,0,0,0,0,0,0,0
"MintATM","MINT0550",124,119,0.9596,5,0.0403,3,0,2,0,0,0,0
"MintATM","MINT0556",4,4,1.0000,0,0.0000,0,0,0,0,0,0,0
"MintATM","MINT0557",7,7,1.0000,0,0.0000,0,0,0,0,0,0,0
"MintATM","MINT0559",2,2,1.0000,0,0.0000,0,0,0,0,0,0,0
"MintATM","MINT0562",10,9,0.9000,1,0.1000,1,0,0,0,0,0,0
"MintATM","MINT0563",9,8,0.8888,1,0.1111,1,0,0,0,0,0,0
"MintATM","MINT0564",2,2,1.0000,0,0.0000,0,0,0,0,0,0,0
"MintATM","MINT0567",18,15,0.8333,3,0.1666,3,0,0,0,0,0,0
"MintATM","MINT0568",2,2,1.0000,0,0.0000,0,0,0,0,0,0,0
"MintATM","MINT0569",12,10,0.8333,2,0.1666,2,0,0,0,0,0,0
"MintATM","MINT0570",4,4,1.0000,0,0.0000,0,0,0,0,0,0,0
"MintATM","MINT0574",4,4,1.0000,0,0.0000,0,0,0,0,0,0,0
"MintATM","MINT0577",3,3,1.0000,0,0.0000,0,0,0,0,0,0,0
"MintATM","MINT0579",6,6,1.0000,0,0.0000,0,0,0,0,0,0,0
"MintATM","MINT0581",1,1,1.0000,0,0.0000,0,0,0,0,0,0,0
"MintATM","MINT0582",6,6,1.0000,0,0.0000,0,0,0,0,0,0,0
"MintATM","MINT0585",2,1,0.5000,1,0.5000,0,0,1,0,0,0,0
"MintATM","MINT0586",4,3,0.7500,1,0.2500,1,0,0,0,0,0,0
"MintATM","MINT0590",1,1,1.0000,0,0.0000,0,0,0,0,0,0,0
"MintATM","MINT0591",49,41,0.8367,8,0.1632,2,0,0,0,0,0,6
"MintATM","MINT0592",3,3,1.0000,0,0.0000,0,0,0,0,0,0,0
"MintATM","MINT0593",3,3,1.0000,0,0.0000,0,0,0,0,0,0,0
"MintATM","MINT0594",8,8,1.0000,0,0.0000,0,0,0,0,0,0,0
"MintATM","MINT0595",10,10,1.0000,0,0.0000,0,0,0,0,0,0,0
"MintATM","MINT0596",14,14,1.0000,0,0.0000,0,0,0,0,0,0,0
"MintATM","MINT0597",1,1,1.0000,0,0.0000,0,0,0,0,0,0,0
"MintATM","MINT0598",16,13,0.8125,3,0.1875,2,1,0,0,0,0,0
"MintATM","MINT0599",4,2,0.5000,2,0.5000,0,0,0,0,0,0,2
"MintATM","MINT0705",3,1,0.3333,2,0.6666,0,0,0,0,0,0,2
"MintATM","MINT0707",3,2,0.6666,1,0.3333,1,0,0,0,0,0,0
"MintATM","MINT0711",2,2,1.0000,0,0.0000,0,0,0,0,0,0,0
"MintATM","MINT0712",3,3,1.0000,0,0.0000,0,0,0,0,0,0,0
"MintATM","MINT0728",2,2,1.0000,0,0.0000,0,0,0,0,0,0,0
"MintATM","MINT0901",5,5,1.0000,0,0.0000,0,0,0,0,0,0,0
"MintATM","MINT0903",1,1,1.0000,0,0.0000,0,0,0,0,0,0,0
"MintATM","MINT0905",1,1,1.0000,0,0.0000,0,0,0,0,0,0,0
"MintATM","MINT0906",1,1,1.0000,0,0.0000,0,0,0,0,0,0,0
"MintATM","MINT0912",17,17,1.0000,0,0.0000,0,0,0,0,0,0,0
"MintATM","MINT0913",30,26,0.8666,4,0.1333,4,0,0,0,0,0,0
"MintATM","MINT0915",2,1,0.5000,1,0.5000,0,1,0,0,0,0,0
"MintATM","MINT0916",4,4,1.0000,0,0.0000,0,0,0,0,0,0,0
"MintATM","MINT0917",1,1,1.0000,0,0.0000,0,0,0,0,0,0,0
"MintATM","MINT0918",2,2,1.0000,0,0.0000,0,0,0,0,0,0,0
"MintATM","MINT0919",23,20,0.8695,3,0.1304,0,1,2,0,0,0,0
"MintATM","MINT0922",8,8,1.0000,0,0.0000,0,0,0,0,0,0,0
"MintATM","MINT1012",2,2,1.0000,0,0.0000,0,0,0,0,0,0,0
"MintATM","MINT1014",1,1,1.0000,0,0.0000,0,0,0,0,0,0,0
"MintATM","MINT1050",5,5,1.0000,0,0.0000,0,0,0,0,0,0,0
"MintATM","MINT1063",31,30,0.9677,1,0.0322,1,0,0,0,0,0,0
"MintATM","MINT1070",3,3,1.0000,0,0.0000,0,0,0,0,0,0,0
"MintATM","MINT1071",1,1,1.0000,0,0.0000,0,0,0,0,0,0,0
"MintATM","MINT1074",4,4,1.0000,0,0.0000,0,0,0,0,0,0,0
"MintATM","MINT1075",12,11,0.9166,1,0.0833,1,0,0,0,0,0,0
"MintATM","MINT1076",18,10,0.5555,8,0.4444,2,0,5,0,0,0,1
"MintATM","MINT3000",9,9,1.0000,0,0.0000,0,0,0,0,0,0,0
"MintATM","MINT3001",4,4,1.0000,0,0.0000,0,0,0,0,0,0,0
"MintATM","MINTHI11",4,3,0.7500,1,0.2500,1,0,0,0,0,0,0
"MintATM","MINTHI21",11,9,0.8181,2,0.1818,0,0,0,0,0,0,2
"MintATM","MINTHI31",2,2,1.0000,0,0.0000,0,0,0,0,0,0,0
"MintATM","MINTHI41",7,7,1.0000,0,0.0000,0,0,0,0,0,0,0
"MintATM","MINTHI51",19,19,1.0000,0,0.0000,0,0,0,0,0,0,0
"MintATM","MINTHI61",1,1,1.0000,0,0.0000,0,0,0,0,0,0,0
"MintATM","MINTHI62",5,4,0.8000,1,0.2000,1,0,0,0,0,0,0
"MintATM","MINTHI71",21,19,0.9047,2,0.0952,0,2,0,0,0,0,0
"MintATM","TNS5GBZ3",19,18,0.9473,1,0.0526,0,0,0,0,0,0,1
