"RocketReports","MINT0009",83,65,0.7831,18,0.2168,13,1,2,0,0,0,2
"RocketReports","MINT0010",3,2,0.6666,1,0.3333,0,1,0,0,0,0,0
"RocketReports","MINT0014",2,2,1.0000,0,0.0000,0,0,0,0,0,0,0
"RocketReports","MINT0026",4,4,1.0000,0,0.0000,0,0,0,0,0,0,0
"RocketReports","MINT0028",4,4,1.0000,0,0.0000,0,0,0,0,0,0,0
"RocketReports","MINT0032",14,13,0.9285,1,0.0714,0,0,0,0,0,0,1
"RocketReports","MINT0041",2,2,1.0000,0,0.0000,0,0,0,0,0,0,0
"RocketReports","MINT0042",11,6,0.5454,5,0.4545,5,0,0,0,0,0,0
"RocketReports","MINT0050",1,1,1.0000,0,0.0000,0,0,0,0,0,0,0
"RocketReports","MINT0054",2,1,0.5000,1,0.5000,1,0,0,0,0,0,0
"RocketReports","MINT0056",1,1,1.0000,0,0.0000,0,0,0,0,0,0,0
"RocketReports","MINT0058",1,1,1.0000,0,0.0000,0,0,0,0,0,0,0
"RocketReports","MINT0059",10,10,1.0000,0,0.0000,0,0,0,0,0,0,0
"RocketReports","MINT0067",3,3,1.0000,0,0.0000,0,0,0,0,0,0,0
"RocketReports","MINT0068",2,2,1.0000,0,0.0000,0,0,0,0,0,0,0
"RocketReports","MINT0069",24,21,0.8750,3,0.1250,1,0,0,0,0,0,2
"RocketReports","MINT0102",1,1,1.0000,0,0.0000,0,0,0,0,0,0,0
"RocketReports","MINT0107",2,2,1.0000,0,0.0000,0,0,0,0,0,0,0
"RocketReports","MINT0108",2,2,1.0000,0,0.0000,0,0,0,0,0,0,0
"RocketReports","MINT0109",5,3,0.6000,2,0.4000,0,2,0,0,0,0,0
"RocketReports","MINT0110",2,2,1.0000,0,0.0000,0,0,0,0,0,0,0
"RocketReports","MINT0112",1,1,1.0000,0,0.0000,0,0,0,0,0,0,0
"RocketReports","MINT0116",4,4,1.0000,0,0.0000,0,0,0,0,0,0,0
"RocketReports","MINT0121",11,7,0.6363,4,0.3636,3,0,0,0,0,0,1
"RocketReports","MINT0123",1,1,1.0000,0,0.0000,0,0,0,0,0,0,0
"RocketReports","MINT0127",5,5,1.0000,0,0.0000,0,0,0,0,0,0,0
"RocketReports","MINT0131",1,1,1.0000,0,0.0000,0,0,0,0,0,0,0
"RocketReports","MINT0133",1,1,1.0000,0,0.0000,0,0,0,0,0,0,0
"RocketReports","MINT0137",4,3,0.7500,1,0.2500,0,0,0,0,0,0,1
"RocketReports","MINT0138",2,2,1.0000,0,0.0000,0,0,0,0,0,0,0
"RocketReports","MINT0144",2,2,1.0000,0,0.0000,0,0,0,0,0,0,0
"RocketReports","MINT0149",2,2,1.0000,0,0.0000,0,0,0,0,0,0,0
"RocketReports","MINT0152",18,3,0.1666,15,0.8333,1,0,0,0,0,0,14
"RocketReports","MINT0153",1,1,1.0000,0,0.0000,0,0,0,0,0,0,0
"RocketReports","MINT0154",6,4,0.6666,2,0.3333,1,0,0,0,0,0,1
"RocketReports","MINT0156",2,2,1.0000,0,0.0000,0,0,0,0,0,0,0
"RocketReports","MINT0157",3,2,0.6666,1,0.3333,1,0,0,0,0,0,0
"RocketReports","MINT0206",1,1,1.0000,0,0.0000,0,0,0,0,0,0,0
"RocketReports","MINT0208",2,2,1.0000,0,0.0000,0,0,0,0,0,0,0
"RocketReports","MINT0209",4,4,1.0000,0,0.0000,0,0,0,0,0,0,0
"RocketReports","MINT0351",2,1,0.5000,1,0.5000,0,0,0,0,0,0,1
"RocketReports","MINT0353",5,5,1.0000,0,0.0000,0,0,0,0,0,0,0
"RocketReports","MINT0356",3,1,0.3333,2,0.6666,1,0,0,0,0,0,1
"RocketReports","MINT0357",2,0,0.0000,2,1.0000,2,0,0,0,0,0,0
"RocketReports","MINT0358",1,1,1.0000,0,0.0000,0,0,0,0,0,0,0
"RocketReports","MINT0359",1,1,1.0000,0,0.0000,0,0,0,0,0,0,0
"RocketReports","MINT0360",3,3,1.0000,0,0.0000,0,0,0,0,0,0,0
"RocketReports","MINT0411",1,1,1.0000,0,0.0000,0,0,0,0,0,0,0
"RocketReports","MINT0412",1,1,1.0000,0,0.0000,0,0,0,0,0,0,0
"RocketReports","MINT0413",1,1,1.0000,0,0.0000,0,0,0,0,0,0,0
"RocketReports","MINT0414",1,1,1.0000,0,0.0000,0,0,0,0,0,0,0
"RocketReports","MINT0494",3,3,1.0000,0,0.0000,0,0,0,0,0,0,0
"RocketReports","MINT0495",2,2,1.0000,0,0.0000,0,0,0,0,0,0,0
"RocketReports","MINT0496",4,4,1.0000,0,0.0000,0,0,0,0,0,0,0
"RocketReports","MINT0497",12,11,0.9166,1,0.0833,0,0,1,0,0,0,0
"RocketReports","MINT0501",2,2,1.0000,0,0.0000,0,0,0,0,0,0,0
"RocketReports","MINT0508",50,44,0.8800,6,0.1200,3,1,0,0,0,0,2
"RocketReports","MINT0527",7,6,0.8571,1,0.1428,1,0,0,0,0,0,0
"RocketReports","MINT0531",5,5,1.0000,0,0.0000,0,0,0,0,0,0,0
"RocketReports","MINT0532",17,17,1.0000,0,0.0000,0,0,0,0,0,0,0
"RocketReports","MINT0533",7,6,0.8571,1,0.1428,1,0,0,0,0,0,0
"RocketReports","MINT0534",1,1,1.0000,0,0.0000,0,0,0,0,0,0,0
"RocketReports","MINT0535",3,3,1.0000,0,0.0000,0,0,0,0,0,0,0
"RocketReports","MINT0539",5,5,1.0000,0,0.0000,0,0,0,0,0,0,0
"RocketReports","MINT0540",4,4,1.0000,0,0.0000,0,0,0,0,0,0,0
"RocketReports","MINT0545",3,3,1.0000,0,0.0000,0,0,0,0,0,0,0
"RocketReports","MINT0546",1,1,1.0000,0,0.0000,0,0,0,0,0,0,0
"RocketReports","MINT0550",23,21,0.9130,2,0.0869,2,0,0,0,0,0,0
"RocketReports","MINT0557",7,7,1.0000,0,0.0000,0,0,0,0,0,0,0
"RocketReports","MINT0558",1,1,1.0000,0,0.0000,0,0,0,0,0,0,0
"RocketReports","MINT0559",4,4,1.0000,0,0.0000,0,0,0,0,0,0,0
"RocketReports","MINT0561",7,6,0.8571,1,0.1428,0,0,0,0,0,0,1
"RocketReports","MINT0562",5,5,1.0000,0,0.0000,0,0,0,0,0,0,0
"RocketReports","MINT0563",1,1,1.0000,0,0.0000,0,0,0,0,0,0,0
"RocketReports","MINT0564",1,1,1.0000,0,0.0000,0,0,0,0,0,0,0
"RocketReports","MINT0565",1,1,1.0000,0,0.0000,0,0,0,0,0,0,0
"RocketReports","MINT0567",11,7,0.6363,4,0.3636,0,0,2,0,0,0,2
"RocketReports","MINT0569",4,4,1.0000,0,0.0000,0,0,0,0,0,0,0
"RocketReports","MINT0570",1,1,1.0000,0,0.0000,0,0,0,0,0,0,0
"RocketReports","MINT0571",5,3,0.6000,2,0.4000,0,0,2,0,0,0,0
"RocketReports","MINT0572",5,4,0.8000,1,0.2000,1,0,0,0,0,0,0
"RocketReports","MINT0574",7,4,0.5714,3,0.4285,0,1,0,0,0,0,2
"RocketReports","MINT0582",1,1,1.0000,0,0.0000,0,0,0,0,0,0,0
"RocketReports","MINT0585",3,3,1.0000,0,0.0000,0,0,0,0,0,0,0
"RocketReports","MINT0592",5,5,1.0000,0,0.0000,0,0,0,0,0,0,0
"RocketReports","MINT0594",11,10,0.9090,1,0.0909,0,1,0,0,0,0,0
"RocketReports","MINT0595",7,7,1.0000,0,0.0000,0,0,0,0,0,0,0
"RocketReports","MINT0596",12,10,0.8333,2,0.1666,1,1,0,0,0,0,0
"RocketReports","MINT0597",1,1,1.0000,0,0.0000,0,0,0,0,0,0,0
"RocketReports","MINT0599",28,28,1.0000,0,0.0000,0,0,0,0,0,0,0
"RocketReports","MINT0711",3,2,0.6666,1,0.3333,0,0,0,0,0,1,0
"RocketReports","MINT0902",1,0,0.0000,1,1.0000,0,0,0,0,0,0,1
"RocketReports","MINT0903",3,3,1.0000,0,0.0000,0,0,0,0,0,0,0
"RocketReports","MINT0905",1,1,1.0000,0,0.0000,0,0,0,0,0,0,0
"RocketReports","MINT0906",1,1,1.0000,0,0.0000,0,0,0,0,0,0,0
"RocketReports","MINT0909",2,2,1.0000,0,0.0000,0,0,0,0,0,0,0
"RocketReports","MINT0910",1,1,1.0000,0,0.0000,0,0,0,0,0,0,0
"RocketReports","MINT0913",3,1,0.3333,2,0.6666,2,0,0,0,0,0,0
"RocketReports","MINT0916",2,2,1.0000,0,0.0000,0,0,0,0,0,0,0
"RocketReports","MINT0918",1,1,1.0000,0,0.0000,0,0,0,0,0,0,0
"RocketReports","MINT0920",1,1,1.0000,0,0.0000,0,0,0,0,0,0,0
"RocketReports","MINT0923",2,2,1.0000,0,0.0000,0,0,0,0,0,0,0
"RocketReports","MINT1012",4,3,0.7500,1,0.2500,1,0,0,0,0,0,0
"RocketReports","MINT1016",10,10,1.0000,0,0.0000,0,0,0,0,0,0,0
"RocketReports","MINT1017",1,1,1.0000,0,0.0000,0,0,0,0,0,0,0
"RocketReports","MINT1041",9,9,1.0000,0,0.0000,0,0,0,0,0,0,0
"RocketReports","MINT1050",5,3,0.6000,2,0.4000,2,0,0,0,0,0,0
"RocketReports","MINT1062",1,1,1.0000,0,0.0000,0,0,0,0,0,0,0
"RocketReports","MINT1063",22,20,0.9090,2,0.0909,2,0,0,0,0,0,0
"RocketReports","MINT1069",1,1,1.0000,0,0.0000,0,0,0,0,0,0,0
"RocketReports","MINT1070",1,1,1.0000,0,0.0000,0,0,0,0,0,0,0
"RocketReports","MINT1071",1,1,1.0000,0,0.0000,0,0,0,0,0,0,0
"RocketReports","MINT1074",1,1,1.0000,0,0.0000,0,0,0,0,0,0,0
"RocketReports","MINT1075",11,11,1.0000,0,0.0000,0,0,0,0,0,0,0
"RocketReports","MINT1076",2,2,1.0000,0,0.0000,0,0,0,0,0,0,0
"RocketReports","MINT1077",3,3,1.0000,0,0.0000,0,0,0,0,0,0,0
"RocketReports","MINT1078",1,1,1.0000,0,0.0000,0,0,0,0,0,0,0
"RocketReports","MINT1083",4,4,1.0000,0,0.0000,0,0,0,0,0,0,0
"RocketReports","MINT3000",2,2,1.0000,0,0.0000,0,0,0,0,0,0,0
"RocketReports","MINT3001",4,4,1.0000,0,0.0000,0,0,0,0,0,0,0
"RocketReports","MINT4003",23,22,0.9565,1,0.0434,0,0,0,0,0,1,0
"RocketReports","MINT4005",1,1,1.0000,0,0.0000,0,0,0,0,0,0,0
"RocketReports","MINT4010",1,1,1.0000,0,0.0000,0,0,0,0,0,0,0
"RocketReports","MINT4013",1,1,1.0000,0,0.0000,0,0,0,0,0,0,0
"RocketReports","MINT4014",4,4,1.0000,0,0.0000,0,0,0,0,0,0,0
"RocketReports","MINT4015",1,1,1.0000,0,0.0000,0,0,0,0,0,0,0
"RocketReports","MINT4024",2,2,1.0000,0,0.0000,0,0,0,0,0,0,0
"RocketReports","MINT4031",12,10,0.8333,2,0.1666,1,1,0,0,0,0,0
"RocketReports","MINT4033",14,14,1.0000,0,0.0000,0,0,0,0,0,0,0
"RocketReports","MINT5001",14,14,1.0000,0,0.0000,0,0,0,0,0,0,0
"RocketReports","MINT5002",3,3,1.0000,0,0.0000,0,0,0,0,0,0,0
"RocketReports","MINT5004",1,1,1.0000,0,0.0000,0,0,0,0,0,0,0
"RocketReports","MINT5007",4,3,0.7500,1,0.2500,0,0,1,0,0,0,0
"RocketReports","MINTHI11",3,3,1.0000,0,0.0000,0,0,0,0,0,0,0
"RocketReports","MINTHI21",1,1,1.0000,0,0.0000,0,0,0,0,0,0,0
"RocketReports","MINTHI31",1,1,1.0000,0,0.0000,0,0,0,0,0,0,0
"RocketReports","MINTHI61",2,2,1.0000,0,0.0000,0,0,0,0,0,0,0
"RocketReports","MINTHI62",12,12,1.0000,0,0.0000,0,0,0,0,0,0,0
"RocketReports","MINTHI71",31,21,0.6774,10,0.3225,7,1,0,0,0,0,2
"RocketReports","MINTPLB3",5,4,0.8000,1,0.2000,1,0,0,0,0,0,0
"RocketReports","MINTPLB4",7,7,1.0000,0,0.0000,0,0,0,0,0,0,0
"RocketReports","MINTPLB5",7,6,0.8571,1,0.1428,1,0,0,0,0,0,0
"RocketReports","TNS5GBZ3",15,14,0.9333,1,0.0666,0,1,0,0,0,0,0
"RocketReports","TNS5GBZ4",1,1,1.0000,0,0.0000,0,0,0,0,0,0,0
