"RocketReports","MINT0009",36,31,0.8611,5,0.1388,3,0,0,0,0,0,2
"RocketReports","MINT0025",5,4,0.8000,1,0.2000,0,0,1,0,0,0,0
"RocketReports","MINT0026",4,4,1.0000,0,0.0000,0,0,0,0,0,0,0
"RocketReports","MINT0027",2,2,1.0000,0,0.0000,0,0,0,0,0,0,0
"RocketReports","MINT0028",1,1,1.0000,0,0.0000,0,0,0,0,0,0,0
"RocketReports","MINT0032",6,5,0.8333,1,0.1666,0,1,0,0,0,0,0
"RocketReports","MINT0034",10,10,1.0000,0,0.0000,0,0,0,0,0,0,0
"RocketReports","MINT0037",11,9,0.8181,2,0.1818,0,1,0,0,0,0,1
"RocketReports","MINT0041",3,3,1.0000,0,0.0000,0,0,0,0,0,0,0
"RocketReports","MINT0042",25,20,0.8000,5,0.2000,5,0,0,0,0,0,0
"RocketReports","MINT0044",1,0,0.0000,1,1.0000,1,0,0,0,0,0,0
"RocketReports","MINT0049",7,6,0.8571,1,0.1428,1,0,0,0,0,0,0
"RocketReports","MINT0050",5,3,0.6000,2,0.4000,2,0,0,0,0,0,0
"RocketReports","MINT0053",1,1,1.0000,0,0.0000,0,0,0,0,0,0,0
"RocketReports","MINT0054",4,4,1.0000,0,0.0000,0,0,0,0,0,0,0
"RocketReports","MINT0056",4,4,1.0000,0,0.0000,0,0,0,0,0,0,0
"RocketReports","MINT0058",1,1,1.0000,0,0.0000,0,0,0,0,0,0,0
"RocketReports","MINT0059",3,3,1.0000,0,0.0000,0,0,0,0,0,0,0
"RocketReports","MINT0062",14,14,1.0000,0,0.0000,0,0,0,0,0,0,0
"RocketReports","MINT0063",5,5,1.0000,0,0.0000,0,0,0,0,0,0,0
"RocketReports","MINT0067",5,5,1.0000,0,0.0000,0,0,0,0,0,0,0
"RocketReports","MINT0069",63,60,0.9523,3,0.0476,0,1,0,0,0,0,2
"RocketReports","MINT0101",3,3,1.0000,0,0.0000,0,0,0,0,0,0,0
"RocketReports","MINT0106",4,4,1.0000,0,0.0000,0,0,0,0,0,0,0
"RocketReports","MINT0107",5,5,1.0000,0,0.0000,0,0,0,0,0,0,0
"RocketReports","MINT0108",5,5,1.0000,0,0.0000,0,0,0,0,0,0,0
"RocketReports","MINT0109",3,3,1.0000,0,0.0000,0,0,0,0,0,0,0
"RocketReports","MINT0111",1,1,1.0000,0,0.0000,0,0,0,0,0,0,0
"RocketReports","MINT0112",3,3,1.0000,0,0.0000,0,0,0,0,0,0,0
"RocketReports","MINT0115",1,1,1.0000,0,0.0000,0,0,0,0,0,0,0
"RocketReports","MINT0116",1,1,1.0000,0,0.0000,0,0,0,0,0,0,0
"RocketReports","MINT0118",2,2,1.0000,0,0.0000,0,0,0,0,0,0,0
"RocketReports","MINT0120",1,1,1.0000,0,0.0000,0,0,0,0,0,0,0
"RocketReports","MINT0121",12,12,1.0000,0,0.0000,0,0,0,0,0,0,0
"RocketReports","MINT0123",1,1,1.0000,0,0.0000,0,0,0,0,0,0,0
"RocketReports","MINT0125",26,23,0.8846,3,0.1153,1,0,0,0,0,0,2
"RocketReports","MINT0127",4,4,1.0000,0,0.0000,0,0,0,0,0,0,0
"RocketReports","MINT0130",3,3,1.0000,0,0.0000,0,0,0,0,0,0,0
"RocketReports","MINT0135",10,6,0.6000,4,0.4000,1,0,0,0,0,0,3
"RocketReports","MINT0137",8,6,0.7500,2,0.2500,2,0,0,0,0,0,0
"RocketReports","MINT0143",1,1,1.0000,0,0.0000,0,0,0,0,0,0,0
"RocketReports","MINT0144",5,4,0.8000,1,0.2000,1,0,0,0,0,0,0
"RocketReports","MINT0148",1,1,1.0000,0,0.0000,0,0,0,0,0,0,0
"RocketReports","MINT0149",1,1,1.0000,0,0.0000,0,0,0,0,0,0,0
"RocketReports","MINT0153",2,2,1.0000,0,0.0000,0,0,0,0,0,0,0
"RocketReports","MINT0154",17,17,1.0000,0,0.0000,0,0,0,0,0,0,0
"RocketReports","MINT0155",26,25,0.9615,1,0.0384,0,0,0,0,0,0,1
"RocketReports","MINT0157",9,7,0.7777,2,0.2222,1,0,0,0,0,0,1
"RocketReports","MINT0162",4,4,1.0000,0,0.0000,0,0,0,0,0,0,0
"RocketReports","MINT0205",1,1,1.0000,0,0.0000,0,0,0,0,0,0,0
"RocketReports","MINT0207",1,1,1.0000,0,0.0000,0,0,0,0,0,0,0
"RocketReports","MINT0305",1,1,1.0000,0,0.0000,0,0,0,0,0,0,0
"RocketReports","MINT0350",1,1,1.0000,0,0.0000,0,0,0,0,0,0,0
"RocketReports","MINT0351",2,0,0.0000,2,1.0000,2,0,0,0,0,0,0
"RocketReports","MINT0353",9,9,1.0000,0,0.0000,0,0,0,0,0,0,0
"RocketReports","MINT0355",7,5,0.7142,2,0.2857,1,0,0,0,0,0,1
"RocketReports","MINT0356",3,2,0.6666,1,0.3333,1,0,0,0,0,0,0
"RocketReports","MINT0360",5,4,0.8000,1,0.2000,0,0,0,0,0,0,1
"RocketReports","MINT0400",5,4,0.8000,1,0.2000,0,0,0,0,0,0,1
"RocketReports","MINT0402",8,4,0.5000,4,0.5000,0,0,1,0,0,0,3
"RocketReports","MINT0403",22,18,0.8181,4,0.1818,0,0,0,0,0,0,4
"RocketReports","MINT0409",1,1,1.0000,0,0.0000,0,0,0,0,0,0,0
"RocketReports","MINT0411",9,8,0.8888,1,0.1111,1,0,0,0,0,0,0
"RocketReports","MINT0413",2,2,1.0000,0,0.0000,0,0,0,0,0,0,0
"RocketReports","MINT0414",20,19,0.9500,1,0.0500,0,0,1,0,0,0,0
"RocketReports","MINT0418",1,1,1.0000,0,0.0000,0,0,0,0,0,0,0
"RocketReports","MINT0494",3,2,0.6666,1,0.3333,1,0,0,0,0,0,0
"RocketReports","MINT0495",9,7,0.7777,2,0.2222,2,0,0,0,0,0,0
"RocketReports","MINT0497",6,6,1.0000,0,0.0000,0,0,0,0,0,0,0
"RocketReports","MINT0498",1,0,0.0000,1,1.0000,1,0,0,0,0,0,0
"RocketReports","MINT0508",28,28,1.0000,0,0.0000,0,0,0,0,0,0,0
"RocketReports","MINT0519",4,3,0.7500,1,0.2500,1,0,0,0,0,0,0
"RocketReports","MINT0527",3,3,1.0000,0,0.0000,0,0,0,0,0,0,0
"RocketReports","MINT0529",2,2,1.0000,0,0.0000,0,0,0,0,0,0,0
"RocketReports","MINT0531",2,2,1.0000,0,0.0000,0,0,0,0,0,0,0
"RocketReports","MINT0532",12,10,0.8333,2,0.1666,2,0,0,0,0,0,0
"RocketReports","MINT0533",2,2,1.0000,0,0.0000,0,0,0,0,0,0,0
"RocketReports","MINT0534",7,6,0.8571,1,0.1428,0,0,0,0,0,0,1
"RocketReports","MINT0537",6,5,0.8333,1,0.1666,0,1,0,0,0,0,0
"RocketReports","MINT0538",1,1,1.0000,0,0.0000,0,0,0,0,0,0,0
"RocketReports","MINT0542",1,1,1.0000,0,0.0000,0,0,0,0,0,0,0
"RocketReports","MINT0543",1,1,1.0000,0,0.0000,0,0,0,0,0,0,0
"RocketReports","MINT0545",3,3,1.0000,0,0.0000,0,0,0,0,0,0,0
"RocketReports","MINT0550",12,12,1.0000,0,0.0000,0,0,0,0,0,0,0
"RocketReports","MINT0551",1,1,1.0000,0,0.0000,0,0,0,0,0,0,0
"RocketReports","MINT0553",2,2,1.0000,0,0.0000,0,0,0,0,0,0,0
"RocketReports","MINT0554",1,1,1.0000,0,0.0000,0,0,0,0,0,0,0
"RocketReports","MINT0555",9,7,0.7777,2,0.2222,1,0,0,0,0,0,1
"RocketReports","MINT0560",1,1,1.0000,0,0.0000,0,0,0,0,0,0,0
"RocketReports","MINT0563",6,4,0.6666,2,0.3333,1,1,0,0,0,0,0
"RocketReports","MINT0564",1,1,1.0000,0,0.0000,0,0,0,0,0,0,0
"RocketReports","MINT0565",1,1,1.0000,0,0.0000,0,0,0,0,0,0,0
"RocketReports","MINT0567",10,9,0.9000,1,0.1000,0,0,0,0,0,0,1
"RocketReports","MINT0569",4,4,1.0000,0,0.0000,0,0,0,0,0,0,0
"RocketReports","MINT0570",2,2,1.0000,0,0.0000,0,0,0,0,0,0,0
"RocketReports","MINT0571",7,4,0.5714,3,0.4285,0,0,0,0,0,0,3
"RocketReports","MINT0572",5,5,1.0000,0,0.0000,0,0,0,0,0,0,0
"RocketReports","MINT0574",6,6,1.0000,0,0.0000,0,0,0,0,0,0,0
"RocketReports","MINT0576",1,1,1.0000,0,0.0000,0,0,0,0,0,0,0
"RocketReports","MINT0581",5,5,1.0000,0,0.0000,0,0,0,0,0,0,0
"RocketReports","MINT0582",2,2,1.0000,0,0.0000,0,0,0,0,0,0,0
"RocketReports","MINT0585",3,3,1.0000,0,0.0000,0,0,0,0,0,0,0
"RocketReports","MINT0593",1,1,1.0000,0,0.0000,0,0,0,0,0,0,0
"RocketReports","MINT0594",7,6,0.8571,1,0.1428,0,0,0,0,0,0,1
"RocketReports","MINT0595",4,4,1.0000,0,0.0000,0,0,0,0,0,0,0
"RocketReports","MINT0596",10,9,0.9000,1,0.1000,0,0,0,0,0,0,1
"RocketReports","MINT0599",37,34,0.9189,3,0.0810,2,0,0,0,0,0,1
"RocketReports","MINT0600",7,5,0.7142,2,0.2857,1,0,0,0,0,0,1
"RocketReports","MINT0602",1,1,1.0000,0,0.0000,0,0,0,0,0,0,0
"RocketReports","MINT0603",143,126,0.8811,17,0.1188,6,2,0,0,0,1,8
"RocketReports","MINT0604",3,3,1.0000,0,0.0000,0,0,0,0,0,0,0
"RocketReports","MINT0606",9,8,0.8888,1,0.1111,0,1,0,0,0,0,0
"RocketReports","MINT0609",4,4,1.0000,0,0.0000,0,0,0,0,0,0,0
"RocketReports","MINT0610",5,5,1.0000,0,0.0000,0,0,0,0,0,0,0
"RocketReports","MINT0707",4,2,0.5000,2,0.5000,0,0,0,0,0,0,2
"RocketReports","MINT0905",1,1,1.0000,0,0.0000,0,0,0,0,0,0,0
"RocketReports","MINT0912",13,13,1.0000,0,0.0000,0,0,0,0,0,0,0
"RocketReports","MINT0913",17,12,0.7058,5,0.2941,4,0,0,0,0,0,1
"RocketReports","MINT0916",5,4,0.8000,1,0.2000,0,0,0,0,0,0,1
"RocketReports","MINT0919",17,16,0.9411,1,0.0588,0,0,1,0,0,0,0
"RocketReports","MINT0920",2,2,1.0000,0,0.0000,0,0,0,0,0,0,0
"RocketReports","MINT0922",3,3,1.0000,0,0.0000,0,0,0,0,0,0,0
"RocketReports","MINT1000",75,62,0.8266,13,0.1733,4,4,0,0,0,1,4
"RocketReports","MINT1001",71,65,0.9154,6,0.0845,3,2,0,0,0,0,1
"RocketReports","MINT1002",24,24,1.0000,0,0.0000,0,0,0,0,0,0,0
"RocketReports","MINT1003",21,20,0.9523,1,0.0476,1,0,0,0,0,0,0
"RocketReports","MINT1004",33,32,0.9696,1,0.0303,1,0,0,0,0,0,0
"RocketReports","MINT1006",40,37,0.9250,3,0.0750,2,0,0,0,0,0,1
"RocketReports","MINT1016",17,15,0.8823,2,0.1176,0,0,1,0,0,0,1
"RocketReports","MINT1017",2,2,1.0000,0,0.0000,0,0,0,0,0,0,0
"RocketReports","MINT1019",3,2,0.6666,1,0.3333,0,0,1,0,0,0,0
"RocketReports","MINT1041",4,4,1.0000,0,0.0000,0,0,0,0,0,0,0
"RocketReports","MINT1061",2,2,1.0000,0,0.0000,0,0,0,0,0,0,0
"RocketReports","MINT1062",4,4,1.0000,0,0.0000,0,0,0,0,0,0,0
"RocketReports","MINT1063",46,46,1.0000,0,0.0000,0,0,0,0,0,0,0
"RocketReports","MINT1066",20,19,0.9500,1,0.0500,0,0,0,0,0,0,1
"RocketReports","MINT1069",3,3,1.0000,0,0.0000,0,0,0,0,0,0,0
"RocketReports","MINT1070",2,2,1.0000,0,0.0000,0,0,0,0,0,0,0
"RocketReports","MINT1071",1,1,1.0000,0,0.0000,0,0,0,0,0,0,0
"RocketReports","MINT1074",4,4,1.0000,0,0.0000,0,0,0,0,0,0,0
"RocketReports","MINT1075",11,10,0.9090,1,0.0909,1,0,0,0,0,0,0
"RocketReports","MINT1076",6,6,1.0000,0,0.0000,0,0,0,0,0,0,0
"RocketReports","MINT1077",2,2,1.0000,0,0.0000,0,0,0,0,0,0,0
"RocketReports","MINT1080",6,5,0.8333,1,0.1666,1,0,0,0,0,0,0
"RocketReports","MINT1081",2,1,0.5000,1,0.5000,0,1,0,0,0,0,0
"RocketReports","MINT1083",2,2,1.0000,0,0.0000,0,0,0,0,0,0,0
"RocketReports","MINT1085",14,14,1.0000,0,0.0000,0,0,0,0,0,0,0
"RocketReports","MINT1086",17,17,1.0000,0,0.0000,0,0,0,0,0,0,0
"RocketReports","MINT1087",14,9,0.6428,5,0.3571,0,1,0,0,0,0,4
"RocketReports","MINT1091",15,15,1.0000,0,0.0000,0,0,0,0,0,0,0
"RocketReports","MINT3000",48,40,0.8333,8,0.1666,2,1,2,0,0,0,3
"RocketReports","MINT4000",12,11,0.9166,1,0.0833,0,0,1,0,0,0,0
"RocketReports","MINT4001",7,6,0.8571,1,0.1428,0,0,0,0,0,0,1
"RocketReports","MINT4003",16,16,1.0000,0,0.0000,0,0,0,0,0,0,0
"RocketReports","MINT4005",8,8,1.0000,0,0.0000,0,0,0,0,0,0,0
"RocketReports","MINT4009",32,25,0.7812,7,0.2187,3,1,0,0,0,0,3
"RocketReports","MINT4010",22,21,0.9545,1,0.0454,0,1,0,0,0,0,0
"RocketReports","MINT4014",5,5,1.0000,0,0.0000,0,0,0,0,0,0,0
"RocketReports","MINT4015",15,14,0.9333,1,0.0666,1,0,0,0,0,0,0
"RocketReports","MINT4020",2,2,1.0000,0,0.0000,0,0,0,0,0,0,0
"RocketReports","MINT4022",64,58,0.9062,6,0.0937,1,0,2,0,0,0,3
"RocketReports","MINT4024",13,11,0.8461,2,0.1538,2,0,0,0,0,0,0
"RocketReports","MINT4025",10,9,0.9000,1,0.1000,0,0,1,0,0,0,0
"RocketReports","MINT4031",8,8,1.0000,0,0.0000,0,0,0,0,0,0,0
"RocketReports","MINT4033",4,4,1.0000,0,0.0000,0,0,0,0,0,0,0
"RocketReports","MINT4035",2,2,1.0000,0,0.0000,0,0,0,0,0,0,0
"RocketReports","MINT4036",3,3,1.0000,0,0.0000,0,0,0,0,0,0,0
"RocketReports","MINT5001",5,4,0.8000,1,0.2000,1,0,0,0,0,0,0
"RocketReports","MINT5002",2,2,1.0000,0,0.0000,0,0,0,0,0,0,0
"RocketReports","MINT5003",2,2,1.0000,0,0.0000,0,0,0,0,0,0,0
"RocketReports","MINT5007",2,2,1.0000,0,0.0000,0,0,0,0,0,0,0
"RocketReports","MINTHI11",1,1,1.0000,0,0.0000,0,0,0,0,0,0,0
"RocketReports","MINTHI21",10,8,0.8000,2,0.2000,2,0,0,0,0,0,0
"RocketReports","MINTHI31",4,3,0.7500,1,0.2500,0,0,1,0,0,0,0
"RocketReports","MINTHI41",4,4,1.0000,0,0.0000,0,0,0,0,0,0,0
"RocketReports","MINTHI51",35,29,0.8285,6,0.1714,0,0,3,0,0,0,3
"RocketReports","MINTHI52",20,20,1.0000,0,0.0000,0,0,0,0,0,0,0
"RocketReports","MINTHI61",1,1,1.0000,0,0.0000,0,0,0,0,0,0,0
"RocketReports","MINTPLB2",3,3,1.0000,0,0.0000,0,0,0,0,0,0,0
"RocketReports","MINTPLB3",3,3,1.0000,0,0.0000,0,0,0,0,0,0,0
"RocketReports","MINTPLB4",3,3,1.0000,0,0.0000,0,0,0,0,0,0,0
"RocketReports","MINTPLB5",2,2,1.0000,0,0.0000,0,0,0,0,0,0,0
"RocketReports","MINTPMH2",3,3,1.0000,0,0.0000,0,0,0,0,0,0,0
"RocketReports","TNS5GBZ3",9,9,1.0000,0,0.0000,0,0,0,0,0,0,0
