"RocketReports","MINT0009",63,43,0.6825,20,0.3174,18,0,2,0,0,0,0
"RocketReports","MINT0010",11,9,0.8181,2,0.1818,1,0,0,0,0,0,1
"RocketReports","MINT0014",1,0,0.0000,1,1.0000,0,0,0,0,0,0,1
"RocketReports","MINT0026",9,8,0.8888,1,0.1111,1,0,0,0,0,0,0
"RocketReports","MINT0028",1,1,1.0000,0,0.0000,0,0,0,0,0,0,0
"RocketReports","MINT0032",3,3,1.0000,0,0.0000,0,0,0,0,0,0,0
"RocketReports","MINT0034",6,5,0.8333,1,0.1666,1,0,0,0,0,0,0
"RocketReports","MINT0041",7,7,1.0000,0,0.0000,0,0,0,0,0,0,0
"RocketReports","MINT0042",16,9,0.5625,7,0.4375,5,1,0,0,0,0,1
"RocketReports","MINT0050",1,1,1.0000,0,0.0000,0,0,0,0,0,0,0
"RocketReports","MINT0051",2,2,1.0000,0,0.0000,0,0,0,0,0,0,0
"RocketReports","MINT0053",1,1,1.0000,0,0.0000,0,0,0,0,0,0,0
"RocketReports","MINT0054",5,5,1.0000,0,0.0000,0,0,0,0,0,0,0
"RocketReports","MINT0055",1,1,1.0000,0,0.0000,0,0,0,0,0,0,0
"RocketReports","MINT0058",1,1,1.0000,0,0.0000,0,0,0,0,0,0,0
"RocketReports","MINT0059",7,7,1.0000,0,0.0000,0,0,0,0,0,0,0
"RocketReports","MINT0065",1,1,1.0000,0,0.0000,0,0,0,0,0,0,0
"RocketReports","MINT0067",5,3,0.6000,2,0.4000,0,0,0,0,0,0,2
"RocketReports","MINT0069",22,19,0.8636,3,0.1363,0,3,0,0,0,0,0
"RocketReports","MINT0102",2,2,1.0000,0,0.0000,0,0,0,0,0,0,0
"RocketReports","MINT0106",1,1,1.0000,0,0.0000,0,0,0,0,0,0,0
"RocketReports","MINT0107",3,3,1.0000,0,0.0000,0,0,0,0,0,0,0
"RocketReports","MINT0108",8,8,1.0000,0,0.0000,0,0,0,0,0,0,0
"RocketReports","MINT0109",7,6,0.8571,1,0.1428,1,0,0,0,0,0,0
"RocketReports","MINT0110",2,1,0.5000,1,0.5000,0,0,0,0,0,0,1
"RocketReports","MINT0112",3,3,1.0000,0,0.0000,0,0,0,0,0,0,0
"RocketReports","MINT0116",1,1,1.0000,0,0.0000,0,0,0,0,0,0,0
"RocketReports","MINT0118",1,1,1.0000,0,0.0000,0,0,0,0,0,0,0
"RocketReports","MINT0121",10,9,0.9000,1,0.1000,0,0,0,0,0,0,1
"RocketReports","MINT0125",1,1,1.0000,0,0.0000,0,0,0,0,0,0,0
"RocketReports","MINT0126",3,3,1.0000,0,0.0000,0,0,0,0,0,0,0
"RocketReports","MINT0127",9,8,0.8888,1,0.1111,1,0,0,0,0,0,0
"RocketReports","MINT0135",2,0,0.0000,2,1.0000,1,0,1,0,0,0,0
"RocketReports","MINT0137",6,6,1.0000,0,0.0000,0,0,0,0,0,0,0
"RocketReports","MINT0138",5,2,0.4000,3,0.6000,0,2,0,0,0,0,1
"RocketReports","MINT0142",1,1,1.0000,0,0.0000,0,0,0,0,0,0,0
"RocketReports","MINT0144",3,3,1.0000,0,0.0000,0,0,0,0,0,0,0
"RocketReports","MINT0145",1,1,1.0000,0,0.0000,0,0,0,0,0,0,0
"RocketReports","MINT0150",2,0,0.0000,2,1.0000,0,0,0,0,0,0,2
"RocketReports","MINT0152",6,6,1.0000,0,0.0000,0,0,0,0,0,0,0
"RocketReports","MINT0153",1,1,1.0000,0,0.0000,0,0,0,0,0,0,0
"RocketReports","MINT0154",1,1,1.0000,0,0.0000,0,0,0,0,0,0,0
"RocketReports","MINT0155",1,1,1.0000,0,0.0000,0,0,0,0,0,0,0
"RocketReports","MINT0157",3,3,1.0000,0,0.0000,0,0,0,0,0,0,0
"RocketReports","MINT0209",4,3,0.7500,1,0.2500,1,0,0,0,0,0,0
"RocketReports","MINT0305",1,1,1.0000,0,0.0000,0,0,0,0,0,0,0
"RocketReports","MINT0351",11,7,0.6363,4,0.3636,0,0,0,0,0,1,3
"RocketReports","MINT0353",6,5,0.8333,1,0.1666,1,0,0,0,0,0,0
"RocketReports","MINT0355",1,1,1.0000,0,0.0000,0,0,0,0,0,0,0
"RocketReports","MINT0356",9,4,0.4444,5,0.5555,0,0,0,0,0,0,5
"RocketReports","MINT0358",5,5,1.0000,0,0.0000,0,0,0,0,0,0,0
"RocketReports","MINT0360",4,3,0.7500,1,0.2500,0,1,0,0,0,0,0
"RocketReports","MINT0402",2,1,0.5000,1,0.5000,0,0,0,0,0,1,0
"RocketReports","MINT0404",1,1,1.0000,0,0.0000,0,0,0,0,0,0,0
"RocketReports","MINT0411",3,3,1.0000,0,0.0000,0,0,0,0,0,0,0
"RocketReports","MINT0413",4,3,0.7500,1,0.2500,0,0,1,0,0,0,0
"RocketReports","MINT0494",1,1,1.0000,0,0.0000,0,0,0,0,0,0,0
"RocketReports","MINT0495",2,1,0.5000,1,0.5000,0,0,0,0,0,0,1
"RocketReports","MINT0496",5,3,0.6000,2,0.4000,0,0,0,0,0,0,2
"RocketReports","MINT0497",5,5,1.0000,0,0.0000,0,0,0,0,0,0,0
"RocketReports","MINT0504",2,0,0.0000,2,1.0000,2,0,0,0,0,0,0
"RocketReports","MINT0508",64,56,0.8750,8,0.1250,3,0,1,0,0,0,4
"RocketReports","MINT0519",2,2,1.0000,0,0.0000,0,0,0,0,0,0,0
"RocketReports","MINT0529",2,2,1.0000,0,0.0000,0,0,0,0,0,0,0
"RocketReports","MINT0531",10,10,1.0000,0,0.0000,0,0,0,0,0,0,0
"RocketReports","MINT0532",13,12,0.9230,1,0.0769,0,0,0,0,0,0,1
"RocketReports","MINT0534",2,2,1.0000,0,0.0000,0,0,0,0,0,0,0
"RocketReports","MINT0539",3,3,1.0000,0,0.0000,0,0,0,0,0,0,0
"RocketReports","MINT0540",2,2,1.0000,0,0.0000,0,0,0,0,0,0,0
"RocketReports","MINT0545",1,0,0.0000,1,1.0000,0,0,0,0,0,0,1
"RocketReports","MINT0546",2,2,1.0000,0,0.0000,0,0,0,0,0,0,0
"RocketReports","MINT0547",1,1,1.0000,0,0.0000,0,0,0,0,0,0,0
"RocketReports","MINT0550",15,14,0.9333,1,0.0666,0,0,0,0,0,0,1
"RocketReports","MINT0556",1,1,1.0000,0,0.0000,0,0,0,0,0,0,0
"RocketReports","MINT0557",6,5,0.8333,1,0.1666,0,0,0,0,0,0,1
"RocketReports","MINT0559",6,5,0.8333,1,0.1666,0,0,0,0,0,0,1
"RocketReports","MINT0561",4,4,1.0000,0,0.0000,0,0,0,0,0,0,0
"RocketReports","MINT0562",5,5,1.0000,0,0.0000,0,0,0,0,0,0,0
"RocketReports","MINT0563",5,4,0.8000,1,0.2000,1,0,0,0,0,0,0
"RocketReports","MINT0564",1,1,1.0000,0,0.0000,0,0,0,0,0,0,0
"RocketReports","MINT0566",1,0,0.0000,1,1.0000,0,0,0,0,0,0,1
"RocketReports","MINT0567",8,7,0.8750,1,0.1250,0,1,0,0,0,0,0
"RocketReports","MINT0569",10,7,0.7000,3,0.3000,0,0,0,0,0,0,3
"RocketReports","MINT0570",2,2,1.0000,0,0.0000,0,0,0,0,0,0,0
"RocketReports","MINT0572",11,11,1.0000,0,0.0000,0,0,0,0,0,0,0
"RocketReports","MINT0574",3,3,1.0000,0,0.0000,0,0,0,0,0,0,0
"RocketReports","MINT0579",1,1,1.0000,0,0.0000,0,0,0,0,0,0,0
"RocketReports","MINT0585",3,3,1.0000,0,0.0000,0,0,0,0,0,0,0
"RocketReports","MINT0591",2,2,1.0000,0,0.0000,0,0,0,0,0,0,0
"RocketReports","MINT0592",1,1,1.0000,0,0.0000,0,0,0,0,0,0,0
"RocketReports","MINT0593",1,1,1.0000,0,0.0000,0,0,0,0,0,0,0
"RocketReports","MINT0594",11,9,0.8181,2,0.1818,0,1,0,0,0,0,1
"RocketReports","MINT0595",6,6,1.0000,0,0.0000,0,0,0,0,0,0,0
"RocketReports","MINT0596",16,16,1.0000,0,0.0000,0,0,0,0,0,0,0
"RocketReports","MINT0597",2,2,1.0000,0,0.0000,0,0,0,0,0,0,0
"RocketReports","MINT0599",26,22,0.8461,4,0.1538,2,0,1,0,0,0,1
"RocketReports","MINT0711",6,5,0.8333,1,0.1666,0,1,0,0,0,0,0
"RocketReports","MINT0712",4,3,0.7500,1,0.2500,1,0,0,0,0,0,0
"RocketReports","MINT0902",2,2,1.0000,0,0.0000,0,0,0,0,0,0,0
"RocketReports","MINT0903",1,1,1.0000,0,0.0000,0,0,0,0,0,0,0
"RocketReports","MINT0905",1,1,1.0000,0,0.0000,0,0,0,0,0,0,0
"RocketReports","MINT0906",2,2,1.0000,0,0.0000,0,0,0,0,0,0,0
"RocketReports","MINT0908",3,1,0.3333,2,0.6666,0,1,0,0,0,0,1
"RocketReports","MINT0913",4,3,0.7500,1,0.2500,1,0,0,0,0,0,0
"RocketReports","MINT0914",1,1,1.0000,0,0.0000,0,0,0,0,0,0,0
"RocketReports","MINT0916",7,7,1.0000,0,0.0000,0,0,0,0,0,0,0
"RocketReports","MINT0922",2,2,1.0000,0,0.0000,0,0,0,0,0,0,0
"RocketReports","MINT0923",1,1,1.0000,0,0.0000,0,0,0,0,0,0,0
"RocketReports","MINT0926",1,1,1.0000,0,0.0000,0,0,0,0,0,0,0
"RocketReports","MINT1012",7,6,0.8571,1,0.1428,0,0,0,0,0,0,1
"RocketReports","MINT1016",35,33,0.9428,2,0.0571,2,0,0,0,0,0,0
"RocketReports","MINT1041",13,13,1.0000,0,0.0000,0,0,0,0,0,0,0
"RocketReports","MINT1062",2,2,1.0000,0,0.0000,0,0,0,0,0,0,0
"RocketReports","MINT1063",29,28,0.9655,1,0.0344,1,0,0,0,0,0,0
"RocketReports","MINT1072",1,1,1.0000,0,0.0000,0,0,0,0,0,0,0
"RocketReports","MINT1074",3,3,1.0000,0,0.0000,0,0,0,0,0,0,0
"RocketReports","MINT1075",16,13,0.8125,3,0.1875,3,0,0,0,0,0,0
"RocketReports","MINT1076",7,6,0.8571,1,0.1428,1,0,0,0,0,0,0
"RocketReports","MINT1083",3,2,0.6666,1,0.3333,1,0,0,0,0,0,0
"RocketReports","MINT2000",2,1,0.5000,1,0.5000,0,0,0,0,0,0,1
"RocketReports","MINT3000",6,6,1.0000,0,0.0000,0,0,0,0,0,0,0
"RocketReports","MINT3001",2,2,1.0000,0,0.0000,0,0,0,0,0,0,0
"RocketReports","MINT3003",1,1,1.0000,0,0.0000,0,0,0,0,0,0,0
"RocketReports","MINT4001",2,2,1.0000,0,0.0000,0,0,0,0,0,0,0
"RocketReports","MINT4003",5,5,1.0000,0,0.0000,0,0,0,0,0,0,0
"RocketReports","MINT4014",16,16,1.0000,0,0.0000,0,0,0,0,0,0,0
"RocketReports","MINT4018",1,1,1.0000,0,0.0000,0,0,0,0,0,0,0
"RocketReports","MINT4024",1,1,1.0000,0,0.0000,0,0,0,0,0,0,0
"RocketReports","MINT4031",5,5,1.0000,0,0.0000,0,0,0,0,0,0,0
"RocketReports","MINT4033",9,9,1.0000,0,0.0000,0,0,0,0,0,0,0
"RocketReports","MINT5001",15,15,1.0000,0,0.0000,0,0,0,0,0,0,0
"RocketReports","MINT5002",4,4,1.0000,0,0.0000,0,0,0,0,0,0,0
"RocketReports","MINT5006",1,1,1.0000,0,0.0000,0,0,0,0,0,0,0
"RocketReports","MINT5007",6,4,0.6666,2,0.3333,0,1,0,0,0,0,1
"RocketReports","MINTHI11",1,1,1.0000,0,0.0000,0,0,0,0,0,0,0
"RocketReports","MINTHI41",3,3,1.0000,0,0.0000,0,0,0,0,0,0,0
"RocketReports","MINTHI61",1,1,1.0000,0,0.0000,0,0,0,0,0,0,0
"RocketReports","MINTHI62",19,17,0.8947,2,0.1052,0,0,0,0,0,0,2
"RocketReports","MINTHI71",20,16,0.8000,4,0.2000,2,1,0,0,0,0,1
"RocketReports","MINTPLB2",2,2,1.0000,0,0.0000,0,0,0,0,0,0,0
"RocketReports","MINTPLB3",3,3,1.0000,0,0.0000,0,0,0,0,0,0,0
"RocketReports","MINTPLB4",9,7,0.7777,2,0.2222,1,0,0,0,0,0,1
"RocketReports","MINTPLB5",6,3,0.5000,3,0.5000,0,0,0,0,0,0,3
"RocketReports","MINTPMH2",1,1,1.0000,0,0.0000,0,0,0,0,0,0,0
"RocketReports","TNS5GBZ3",9,9,1.0000,0,0.0000,0,0,0,0,0,0,0
"RocketReports","TNS5GBZ4",3,3,1.0000,0,0.0000,0,0,0,0,0,0,0
