"RocketReports","MINT0009",43,4833,4895,4140.0000,96.7500,29,10,0,4,0,0,0,0.0000,"20210428"
"RocketReports","MINT0010",9,519,529,620.0000,20.2500,9,0,0,0,0,0,0,0.0000,"20210428"
"RocketReports","MINT0014",0,566,566,0.0000,0.0000,0,0,0,0,0,0,0,0.0000,"20210428"
"RocketReports","MINT0026",8,1735,1743,1140.0000,24.0000,5,0,0,3,0,0,0,0.0000,"20210428"
"RocketReports","MINT0028",1,9751,9751,200.0000,3.7500,1,0,0,0,0,0,0,0.0000,"20210428"
"RocketReports","MINT0032",3,4951,4953,340.0000,6.7500,1,2,0,0,0,0,0,0.0000,"20210428"
"RocketReports","MINT0034",5,6191,6196,300.0000,11.2500,4,1,0,0,0,0,0,0.0000,"20210428"
"RocketReports","MINT0041",7,1393,1399,600.0000,15.7500,7,0,0,0,0,0,0,0.0000,"20210428"
"RocketReports","MINT0042",9,3460,3475,1080.0000,31.5000,5,2,0,1,1,0,0,0.0000,"20210428"
"RocketReports","MINT0050",1,5923,5923,200.0000,3.0000,1,0,0,0,0,0,0,0.0000,"20210428"
"RocketReports","MINT0051",2,1769,1770,260.0000,7.0000,2,0,0,0,0,0,0,0.0000,"20210428"
"RocketReports","MINT0053",1,7894,7894,60.0000,1.7500,1,0,0,0,0,0,0,0.0000,"20210428"
"RocketReports","MINT0054",5,5009,5013,580.0000,18.7500,4,0,0,1,0,0,0,0.0000,"20210428"
"RocketReports","MINT0055",1,4613,4613,160.0000,3.5000,1,0,0,0,0,0,0,0.0000,"20210428"
"RocketReports","MINT0058",1,9168,9168,20.0000,2.0000,1,0,0,0,0,0,0,0.0000,"20210428"
"RocketReports","MINT0059",7,959,965,1360.0000,19.2500,7,0,0,0,0,0,0,0.0000,"20210428"
"RocketReports","MINT0065",1,6381,6381,20.0000,3.5000,0,1,0,0,0,0,0,0.0000,"20210428"
"RocketReports","MINT0067",3,7377,7381,200.0000,12.0000,1,1,0,0,1,0,0,0.0000,"20210428"
"RocketReports","MINT0069",19,6430,6451,1540.0000,38.0000,16,3,0,0,0,0,0,0.0000,"20210428"
"RocketReports","MINT0102",2,8807,8808,160.0000,7.0000,0,0,2,0,0,0,0,0.0000,"20210428"
"RocketReports","MINT0106",1,6642,6642,20.0000,3.0000,1,0,0,0,0,0,0,0.0000,"20210428"
"RocketReports","MINT0107",3,1729,1731,240.0000,9.0000,3,0,0,0,0,0,0,0.0000,"20210428"
"RocketReports","MINT0108",8,665,672,920.0000,24.0000,5,2,0,1,0,0,0,0.0000,"20210428"
"RocketReports","MINT0109",6,9325,9331,720.0000,18.0000,3,3,0,0,0,0,0,0.0000,"20210428"
"RocketReports","MINT0110",1,6909,6910,160.0000,3.0000,0,1,0,0,0,0,0,0.0000,"20210428"
"RocketReports","MINT0112",3,2910,2912,340.0000,8.2500,2,1,0,0,0,0,0,0.0000,"20210428"
"RocketReports","MINT0116",1,3510,3510,40.0000,3.0000,0,0,1,0,0,0,0,0.0000,"20210428"
"RocketReports","MINT0118",1,3806,3806,100.0000,3.5000,0,1,0,0,0,0,0,0.0000,"20210428"
"RocketReports","MINT0121",9,471,480,1080.0000,27.0000,6,1,0,2,0,0,0,0.0000,"20210428"
"RocketReports","MINT0125",1,9788,9788,100.0000,3.0000,1,0,0,0,0,0,0,0.0000,"20210428"
"RocketReports","MINT0126",3,81,83,60.0000,9.0000,3,0,0,0,0,0,0,0.0000,"20210428"
"RocketReports","MINT0127",8,365,373,700.0000,24.0000,8,0,0,0,0,0,0,0.0000,"20210428"
"RocketReports","MINT0135",0,177,178,0.0000,0.0000,0,0,0,0,0,0,0,0.0000,"20210428"
"RocketReports","MINT0137",6,3148,3153,440.0000,18.0000,2,3,1,0,0,0,0,0.0000,"20210428"
"RocketReports","MINT0138",2,109,113,520.0000,6.0000,2,0,0,0,0,0,0,0.0000,"20210428"
"RocketReports","MINT0142",1,346,346,140.0000,3.9500,1,0,0,0,0,0,0,0.0000,"20210428"
"RocketReports","MINT0144",3,1003,1005,280.0000,9.0000,2,0,0,1,0,0,0,0.0000,"20210428"
"RocketReports","MINT0145",1,851,851,40.0000,3.0000,1,0,0,0,0,0,0,0.0000,"20210428"
"RocketReports","MINT0150",0,954,955,0.0000,0.0000,0,0,0,0,0,0,0,0.0000,"20210428"
"RocketReports","MINT0152",6,1703,1708,400.0000,18.0000,4,1,1,0,0,0,0,0.0000,"20210428"
"RocketReports","MINT0153",1,738,738,60.0000,3.0000,1,0,0,0,0,0,0,0.0000,"20210428"
"RocketReports","MINT0154",1,5087,5087,20.0000,2.7500,1,0,0,0,0,0,0,0.0000,"20210428"
"RocketReports","MINT0155",1,4334,4334,100.0000,3.0000,1,0,0,0,0,0,0,0.0000,"20210428"
"RocketReports","MINT0157",3,436,438,360.0000,7.5000,2,0,1,0,0,0,0,0.0000,"20210428"
"RocketReports","MINT0209",3,5294,5297,420.0000,9.0000,2,0,1,0,0,0,0,0.0000,"20210428"
"RocketReports","MINT0305",1,422,422,100.0000,3.0000,1,0,0,0,0,0,0,0.0000,"20210428"
"RocketReports","MINT0351",7,1433,1443,560.0000,28.0000,6,1,0,0,0,0,0,0.0000,"20210428"
"RocketReports","MINT0353",5,4915,4920,580.0000,18.7500,4,0,0,1,0,0,0,0.0000,"20210428"
"RocketReports","MINT0355",1,2239,2239,280.0000,3.8000,1,0,0,0,0,0,0,0.0000,"20210428"
"RocketReports","MINT0356",4,2489,2497,420.0000,15.0000,1,0,1,1,1,0,0,0.0000,"20210428"
"RocketReports","MINT0358",5,1933,1937,1160.0000,18.7500,4,0,0,1,0,0,0,0.0000,"20210428"
"RocketReports","MINT0360",3,1191,1194,640.0000,11.2500,3,0,0,0,0,0,0,0.0000,"20210428"
"RocketReports","MINT0402",1,2935,2936,100.0000,2.9500,0,0,1,0,0,0,0,0.0000,"20210428"
"RocketReports","MINT0404",1,374,374,40.0000,3.0000,1,0,0,0,0,0,0,0.0000,"20210428"
"RocketReports","MINT0411",3,1171,1173,600.0000,9.7500,2,0,1,0,0,0,0,0.0000,"20210428"
"RocketReports","MINT0413",3,188,191,900.0000,7.5000,3,0,0,0,0,0,0,0.0000,"20210428"
"RocketReports","MINT0494",1,605,605,200.0000,3.0000,1,0,0,0,0,0,0,0.0000,"20210428"
"RocketReports","MINT0495",1,4233,4234,200.0000,3.0000,1,0,0,0,0,0,0,0.0000,"20210428"
"RocketReports","MINT0496",3,536,540,120.0000,9.0000,3,0,0,0,0,0,0,0.0000,"20210428"
"RocketReports","MINT0497",5,8306,8310,560.0000,15.0000,1,2,2,0,0,0,0,0.0000,"20210428"
"RocketReports","MINT0504",0,5689,5690,0.0000,0.0000,0,0,0,0,0,0,0,0.0000,"20210428"
"RocketReports","MINT0508",56,9811,9874,5620.0000,168.0000,47,5,0,4,0,0,0,0.0000,"20210428"
"RocketReports","MINT0519",2,6679,6680,180.0000,6.0000,2,0,0,0,0,0,0,0.0000,"20210428"
"RocketReports","MINT0529",2,570,571,220.0000,6.0000,2,0,0,0,0,0,0,0.0000,"20210428"
"RocketReports","MINT0531",10,9681,9690,460.0000,10.0000,7,3,0,0,0,0,0,0.0000,"20210428"
"RocketReports","MINT0532",12,9854,9866,700.0000,36.0000,10,1,0,1,0,0,0,0.0000,"20210428"
"RocketReports","MINT0534",2,3601,3602,200.0000,6.0000,2,0,0,0,0,0,0,0.0000,"20210428"
"RocketReports","MINT0539",3,7933,7935,180.0000,4.5000,2,1,0,0,0,0,0,0.0000,"20210428"
"RocketReports","MINT0540",2,9673,9674,140.0000,6.0000,2,0,0,0,0,0,0,0.0000,"20210428"
"RocketReports","MINT0545",0,2609,2609,0.0000,0.0000,0,0,0,0,0,0,0,0.0000,"20210428"
"RocketReports","MINT0546",2,2874,2875,60.0000,6.0000,2,0,0,0,0,0,0,0.0000,"20210428"
"RocketReports","MINT0547",1,30,30,80.0000,3.0000,1,0,0,0,0,0,0,0.0000,"20210428"
"RocketReports","MINT0550",14,5652,5666,820.0000,42.0000,12,2,0,0,0,0,0,0.0000,"20210428"
"RocketReports","MINT0556",1,3544,3544,100.0000,1.0000,1,0,0,0,0,0,0,0.0000,"20210428"
"RocketReports","MINT0557",5,3484,3489,340.0000,15.0000,4,0,0,1,0,0,0,0.0000,"20210428"
"RocketReports","MINT0559",5,6468,6473,200.0000,15.0000,5,0,0,0,0,0,0,0.0000,"20210428"
"RocketReports","MINT0561",4,7269,7272,220.0000,12.0000,4,0,0,0,0,0,0,0.0000,"20210428"
"RocketReports","MINT0562",5,2329,2333,380.0000,12.5000,5,0,0,0,0,0,0,0.0000,"20210428"
"RocketReports","MINT0563",4,5977,5981,360.0000,10.0000,4,0,0,0,0,0,0,0.0000,"20210428"
"RocketReports","MINT0564",1,8638,8638,40.0000,2.5000,1,0,0,0,0,0,0,0.0000,"20210428"
"RocketReports","MINT0566",0,3441,3441,0.0000,0.0000,0,0,0,0,0,0,0,0.0000,"20210428"
"RocketReports","MINT0567",7,8331,8338,620.0000,17.5000,6,0,0,0,1,0,0,0.0000,"20210428"
"RocketReports","MINT0569",7,1273,1282,1320.0000,17.5000,5,2,0,0,0,0,0,0.0000,"20210428"
"RocketReports","MINT0570",2,8600,8601,140.0000,5.0000,2,0,0,0,0,0,0,0.0000,"20210428"
"RocketReports","MINT0572",11,6740,6750,740.0000,33.0000,11,0,0,0,0,0,0,0.0000,"20210428"
"RocketReports","MINT0574",3,9899,9901,320.0000,9.0000,3,0,0,0,0,0,0,0.0000,"20210428"
"RocketReports","MINT0579",1,6658,6658,40.0000,1.5000,1,0,0,0,0,0,0,0.0000,"20210428"
"RocketReports","MINT0585",3,5077,5079,420.0000,0.0000,3,0,0,0,0,0,0,0.0000,"20210428"
"RocketReports","MINT0591",2,19,20,280.0000,6.0000,2,0,0,0,0,0,0,0.0000,"20210428"
"RocketReports","MINT0592",1,5865,5865,60.0000,3.0000,1,0,0,0,0,0,0,0.0000,"20210428"
"RocketReports","MINT0593",1,777,777,100.0000,3.0000,1,0,0,0,0,0,0,0.0000,"20210428"
"RocketReports","MINT0594",9,5416,5426,480.0000,27.0000,7,1,0,1,0,0,0,0.0000,"20210428"
"RocketReports","MINT0595",6,6559,6564,280.0000,18.0000,4,1,0,1,0,0,0,0.0000,"20210428"
"RocketReports","MINT0596",16,8429,8444,960.0000,48.0000,11,3,1,0,1,0,0,0.0000,"20210428"
"RocketReports","MINT0597",2,9159,9160,60.0000,6.0000,2,0,0,0,0,0,0,0.0000,"20210428"
"RocketReports","MINT0599",22,2730,2755,1460.0000,66.0000,19,2,0,1,0,0,0,0.0000,"20210428"
"RocketReports","MINT0711",5,682,687,150.0000,15.0000,5,0,0,0,0,0,0,0.0000,"20210428"
"RocketReports","MINT0712",3,3699,3702,100.0000,9.0000,1,2,0,0,0,0,0,0.0000,"20210428"
"RocketReports","MINT0902",2,807,808,440.0000,6.0000,2,0,0,0,0,0,0,0.0000,"20210428"
"RocketReports","MINT0903",1,792,792,300.0000,3.0000,1,0,0,0,0,0,0,0.0000,"20210428"
"RocketReports","MINT0905",1,1219,1219,20.0000,3.0000,1,0,0,0,0,0,0,0.0000,"20210428"
"RocketReports","MINT0906",2,3017,3018,480.0000,6.0000,2,0,0,0,0,0,0,0.0000,"20210428"
"RocketReports","MINT0908",1,328,330,320.0000,3.0000,1,0,0,0,0,0,0,0.0000,"20210428"
"RocketReports","MINT0913",3,453,456,600.0000,9.0000,2,0,0,1,0,0,0,0.0000,"20210428"
"RocketReports","MINT0914",1,921,921,200.0000,3.0000,0,1,0,0,0,0,0,0.0000,"20210428"
"RocketReports","MINT0916",7,520,526,1080.0000,21.0000,4,2,0,1,0,0,0,0.0000,"20210428"
"RocketReports","MINT0922",2,1153,1154,400.0000,6.0000,2,0,0,0,0,0,0,0.0000,"20210428"
"RocketReports","MINT0923",1,190,190,20.0000,3.0000,1,0,0,0,0,0,0,0.0000,"20210428"
"RocketReports","MINT0926",1,55,55,200.0000,3.0000,1,0,0,0,0,0,0,0.0000,"20210428"
"RocketReports","MINT1012",6,3466,3472,420.0000,11.7000,5,0,0,1,0,0,0,0.0000,"20210428"
"RocketReports","MINT1016",33,5237,5271,1820.0000,99.0000,29,3,0,1,0,0,0,0.0000,"20210428"
"RocketReports","MINT1041",13,1416,1428,1460.0000,32.5000,7,5,0,0,1,0,0,0.0000,"20210428"
"RocketReports","MINT1062",2,36,37,600.0000,7.0000,2,0,0,0,0,0,0,0.0000,"20210428"
"RocketReports","MINT1063",28,7859,7887,2080.0000,84.0000,24,4,0,0,0,0,0,0.0000,"20210428"
"RocketReports","MINT1072",1,775,775,60.0000,2.0000,1,0,0,0,0,0,0,0.0000,"20210428"
"RocketReports","MINT1074",3,1033,1035,200.0000,8.2500,3,0,0,0,0,0,0,0.0000,"20210428"
"RocketReports","MINT1075",13,3870,3885,700.0000,39.0000,10,3,0,0,0,0,0,0.0000,"20210428"
"RocketReports","MINT1076",6,2138,2144,460.0000,18.0000,5,1,0,0,0,0,0,0.0000,"20210428"
"RocketReports","MINT1083",2,237,239,500.0000,6.0000,0,0,0,2,0,0,0,0.0000,"20210428"
"RocketReports","MINT2000",1,55,56,40.0000,3.0000,1,0,0,0,0,0,0,0.0000,"20210428"
"RocketReports","MINT3000",6,3317,3322,140.0000,24.0000,6,0,0,0,0,0,0,0.0000,"20210428"
"RocketReports","MINT3001",2,1840,1841,140.0000,5.0000,2,0,0,0,0,0,0,0.0000,"20210428"
"RocketReports","MINT3003",1,26,26,20.0000,3.0000,1,0,0,0,0,0,0,0.0000,"20210428"
"RocketReports","MINT4001",2,1754,1755,60.0000,6.0000,2,0,0,0,0,0,0,0.0000,"20210428"
"RocketReports","MINT4003",5,890,894,340.0000,15.0000,5,0,0,0,0,0,0,0.0000,"20210428"
"RocketReports","MINT4014",16,6506,6521,3420.0000,48.0000,12,4,0,0,0,0,0,0.0000,"20210428"
"RocketReports","MINT4018",1,3,3,40.0000,3.0000,1,0,0,0,0,0,0,0.0000,"20210428"
"RocketReports","MINT4024",1,8793,8793,100.0000,3.0000,1,0,0,0,0,0,0,0.0000,"20210428"
"RocketReports","MINT4031",5,2496,2500,460.0000,10.0000,5,0,0,0,0,0,0,0.0000,"20210428"
"RocketReports","MINT4033",9,520,528,920.0000,27.0000,9,0,0,0,0,0,0,0.0000,"20210428"
"RocketReports","MINT5001",15,2347,2361,940.0000,26.2500,13,1,0,1,0,0,0,0.0000,"20210428"
"RocketReports","MINT5002",4,440,443,400.0000,10.0000,4,0,0,0,0,0,0,0.0000,"20210428"
"RocketReports","MINT5006",1,1094,1094,80.0000,3.0000,1,0,0,0,0,0,0,0.0000,"20210428"
"RocketReports","MINT5007",4,77,82,760.0000,12.0000,4,0,0,0,0,0,0,0.0000,"20210428"
"RocketReports","MINTHI11",1,607,607,40.0000,3.0000,1,0,0,0,0,0,0,0.0000,"20210428"
"RocketReports","MINTHI41",3,1357,1359,880.0000,9.0000,0,0,0,3,0,0,0,0.0000,"20210428"
"RocketReports","MINTHI61",1,419,419,120.0000,3.0000,1,0,0,0,0,0,0,0.0000,"20210428"
"RocketReports","MINTHI62",17,1903,1921,2280.0000,51.0000,16,1,0,0,0,0,0,0.0000,"20210428"
"RocketReports","MINTHI71",16,3760,3780,2000.0000,48.0000,13,0,0,3,0,0,0,0.0000,"20210428"
"RocketReports","MINTPLB2",2,661,662,220.0000,6.0000,1,0,1,0,0,0,0,0.0000,"20210428"
"RocketReports","MINTPLB3",3,825,827,220.0000,9.0000,3,0,0,0,0,0,0,0.0000,"20210428"
"RocketReports","MINTPLB4",7,416,424,560.0000,21.0000,4,0,3,0,0,0,0,0.0000,"20210428"
"RocketReports","MINTPLB5",3,1118,1123,180.0000,9.0000,2,0,1,0,0,0,0,0.0000,"20210428"
"RocketReports","MINTPMH2",1,451,451,20.0000,3.0000,1,0,0,0,0,0,0,0.0000,"20210428"
"RocketReports","TNS5GBZ3",9,3542,3550,840.0000,27.0000,9,0,0,0,0,0,0,0.0000,"20210428"
"RocketReports","TNS5GBZ4",3,8366,8368,100.0000,10.5000,1,2,0,0,0,0,0,0.0000,"20210428"
