"RocketReports","MINT0009",62,44,0.7096,18,0.2903,11,0,3,0,0,0,4
"RocketReports","MINT0025",2,2,1.0000,0,0.0000,0,0,0,0,0,0,0
"RocketReports","MINT0026",5,3,0.6000,2,0.4000,1,1,0,0,0,0,0
"RocketReports","MINT0027",4,4,1.0000,0,0.0000,0,0,0,0,0,0,0
"RocketReports","MINT0028",1,1,1.0000,0,0.0000,0,0,0,0,0,0,0
"RocketReports","MINT0032",8,8,1.0000,0,0.0000,0,0,0,0,0,0,0
"RocketReports","MINT0034",7,7,1.0000,0,0.0000,0,0,0,0,0,0,0
"RocketReports","MINT0037",3,3,1.0000,0,0.0000,0,0,0,0,0,0,0
"RocketReports","MINT0041",4,4,1.0000,0,0.0000,0,0,0,0,0,0,0
"RocketReports","MINT0042",13,10,0.7692,3,0.2307,3,0,0,0,0,0,0
"RocketReports","MINT0049",3,0,0.0000,3,1.0000,0,2,0,0,0,0,1
"RocketReports","MINT0054",2,2,1.0000,0,0.0000,0,0,0,0,0,0,0
"RocketReports","MINT0056",3,3,1.0000,0,0.0000,0,0,0,0,0,0,0
"RocketReports","MINT0059",10,7,0.7000,3,0.3000,3,0,0,0,0,0,0
"RocketReports","MINT0062",4,4,1.0000,0,0.0000,0,0,0,0,0,0,0
"RocketReports","MINT0063",4,4,1.0000,0,0.0000,0,0,0,0,0,0,0
"RocketReports","MINT0065",2,2,1.0000,0,0.0000,0,0,0,0,0,0,0
"RocketReports","MINT0067",4,4,1.0000,0,0.0000,0,0,0,0,0,0,0
"RocketReports","MINT0068",3,3,1.0000,0,0.0000,0,0,0,0,0,0,0
"RocketReports","MINT0069",40,36,0.9000,4,0.1000,0,2,0,0,0,0,2
"RocketReports","MINT0105",2,2,1.0000,0,0.0000,0,0,0,0,0,0,0
"RocketReports","MINT0106",2,1,0.5000,1,0.5000,1,0,0,0,0,0,0
"RocketReports","MINT0107",6,5,0.8333,1,0.1666,1,0,0,0,0,0,0
"RocketReports","MINT0108",2,2,1.0000,0,0.0000,0,0,0,0,0,0,0
"RocketReports","MINT0109",2,2,1.0000,0,0.0000,0,0,0,0,0,0,0
"RocketReports","MINT0110",1,1,1.0000,0,0.0000,0,0,0,0,0,0,0
"RocketReports","MINT0112",3,3,1.0000,0,0.0000,0,0,0,0,0,0,0
"RocketReports","MINT0113",1,0,0.0000,1,1.0000,0,0,0,0,0,0,1
"RocketReports","MINT0115",6,2,0.3333,4,0.6666,0,0,0,0,0,2,2
"RocketReports","MINT0116",1,1,1.0000,0,0.0000,0,0,0,0,0,0,0
"RocketReports","MINT0117",1,0,0.0000,1,1.0000,0,0,0,0,0,0,1
"RocketReports","MINT0121",6,6,1.0000,0,0.0000,0,0,0,0,0,0,0
"RocketReports","MINT0125",3,2,0.6666,1,0.3333,0,0,0,0,0,0,1
"RocketReports","MINT0126",2,2,1.0000,0,0.0000,0,0,0,0,0,0,0
"RocketReports","MINT0127",5,5,1.0000,0,0.0000,0,0,0,0,0,0,0
"RocketReports","MINT0133",3,3,1.0000,0,0.0000,0,0,0,0,0,0,0
"RocketReports","MINT0135",5,2,0.4000,3,0.6000,3,0,0,0,0,0,0
"RocketReports","MINT0137",12,5,0.4166,7,0.5833,6,1,0,0,0,0,0
"RocketReports","MINT0138",1,1,1.0000,0,0.0000,0,0,0,0,0,0,0
"RocketReports","MINT0141",2,0,0.0000,2,1.0000,0,0,0,0,0,0,2
"RocketReports","MINT0143",1,1,1.0000,0,0.0000,0,0,0,0,0,0,0
"RocketReports","MINT0144",2,2,1.0000,0,0.0000,0,0,0,0,0,0,0
"RocketReports","MINT0150",1,1,1.0000,0,0.0000,0,0,0,0,0,0,0
"RocketReports","MINT0152",3,2,0.6666,1,0.3333,0,0,0,0,0,0,1
"RocketReports","MINT0153",2,2,1.0000,0,0.0000,0,0,0,0,0,0,0
"RocketReports","MINT0154",13,13,1.0000,0,0.0000,0,0,0,0,0,0,0
"RocketReports","MINT0155",12,11,0.9166,1,0.0833,0,0,1,0,0,0,0
"RocketReports","MINT0157",3,2,0.6666,1,0.3333,1,0,0,0,0,0,0
"RocketReports","MINT0201",2,0,0.0000,2,1.0000,2,0,0,0,0,0,0
"RocketReports","MINT0209",6,5,0.8333,1,0.1666,1,0,0,0,0,0,0
"RocketReports","MINT0305",3,3,1.0000,0,0.0000,0,0,0,0,0,0,0
"RocketReports","MINT0351",10,3,0.3000,7,0.7000,6,0,0,0,0,1,0
"RocketReports","MINT0353",11,11,1.0000,0,0.0000,0,0,0,0,0,0,0
"RocketReports","MINT0355",11,10,0.9090,1,0.0909,0,0,1,0,0,0,0
"RocketReports","MINT0356",6,3,0.5000,3,0.5000,0,0,0,0,0,0,3
"RocketReports","MINT0357",1,1,1.0000,0,0.0000,0,0,0,0,0,0,0
"RocketReports","MINT0359",2,2,1.0000,0,0.0000,0,0,0,0,0,0,0
"RocketReports","MINT0360",1,1,1.0000,0,0.0000,0,0,0,0,0,0,0
"RocketReports","MINT0400",1,1,1.0000,0,0.0000,0,0,0,0,0,0,0
"RocketReports","MINT0402",6,2,0.3333,4,0.6666,1,0,0,0,0,0,3
"RocketReports","MINT0403",4,4,1.0000,0,0.0000,0,0,0,0,0,0,0
"RocketReports","MINT0404",2,1,0.5000,1,0.5000,0,1,0,0,0,0,0
"RocketReports","MINT0408",1,1,1.0000,0,0.0000,0,0,0,0,0,0,0
"RocketReports","MINT0409",2,2,1.0000,0,0.0000,0,0,0,0,0,0,0
"RocketReports","MINT0411",1,1,1.0000,0,0.0000,0,0,0,0,0,0,0
"RocketReports","MINT0414",6,5,0.8333,1,0.1666,1,0,0,0,0,0,0
"RocketReports","MINT0494",4,3,0.7500,1,0.2500,1,0,0,0,0,0,0
"RocketReports","MINT0495",5,4,0.8000,1,0.2000,0,1,0,0,0,0,0
"RocketReports","MINT0497",6,5,0.8333,1,0.1666,0,0,0,0,0,0,1
"RocketReports","MINT0498",1,0,0.0000,1,1.0000,1,0,0,0,0,0,0
"RocketReports","MINT0527",3,2,0.6666,1,0.3333,0,0,0,0,0,0,1
"RocketReports","MINT0531",4,4,1.0000,0,0.0000,0,0,0,0,0,0,0
"RocketReports","MINT0532",12,11,0.9166,1,0.0833,0,0,0,0,0,0,1
"RocketReports","MINT0534",5,2,0.4000,3,0.6000,0,0,0,0,0,0,3
"RocketReports","MINT0535",3,3,1.0000,0,0.0000,0,0,0,0,0,0,0
"RocketReports","MINT0537",1,1,1.0000,0,0.0000,0,0,0,0,0,0,0
"RocketReports","MINT0540",2,2,1.0000,0,0.0000,0,0,0,0,0,0,0
"RocketReports","MINT0542",2,2,1.0000,0,0.0000,0,0,0,0,0,0,0
"RocketReports","MINT0543",2,2,1.0000,0,0.0000,0,0,0,0,0,0,0
"RocketReports","MINT0545",3,3,1.0000,0,0.0000,0,0,0,0,0,0,0
"RocketReports","MINT0546",2,2,1.0000,0,0.0000,0,0,0,0,0,0,0
"RocketReports","MINT0547",1,1,1.0000,0,0.0000,0,0,0,0,0,0,0
"RocketReports","MINT0550",17,16,0.9411,1,0.0588,1,0,0,0,0,0,0
"RocketReports","MINT0554",1,1,1.0000,0,0.0000,0,0,0,0,0,0,0
"RocketReports","MINT0555",1,1,1.0000,0,0.0000,0,0,0,0,0,0,0
"RocketReports","MINT0556",2,1,0.5000,1,0.5000,0,1,0,0,0,0,0
"RocketReports","MINT0557",8,8,1.0000,0,0.0000,0,0,0,0,0,0,0
"RocketReports","MINT0559",3,3,1.0000,0,0.0000,0,0,0,0,0,0,0
"RocketReports","MINT0561",4,2,0.5000,2,0.5000,0,0,0,0,0,0,2
"RocketReports","MINT0562",7,7,1.0000,0,0.0000,0,0,0,0,0,0,0
"RocketReports","MINT0563",1,1,1.0000,0,0.0000,0,0,0,0,0,0,0
"RocketReports","MINT0566",2,2,1.0000,0,0.0000,0,0,0,0,0,0,0
"RocketReports","MINT0567",8,8,1.0000,0,0.0000,0,0,0,0,0,0,0
"RocketReports","MINT0569",4,4,1.0000,0,0.0000,0,0,0,0,0,0,0
"RocketReports","MINT0570",7,5,0.7142,2,0.2857,0,1,1,0,0,0,0
"RocketReports","MINT0571",4,4,1.0000,0,0.0000,0,0,0,0,0,0,0
"RocketReports","MINT0572",10,10,1.0000,0,0.0000,0,0,0,0,0,0,0
"RocketReports","MINT0574",1,1,1.0000,0,0.0000,0,0,0,0,0,0,0
"RocketReports","MINT0576",1,1,1.0000,0,0.0000,0,0,0,0,0,0,0
"RocketReports","MINT0581",2,2,1.0000,0,0.0000,0,0,0,0,0,0,0
"RocketReports","MINT0582",3,3,1.0000,0,0.0000,0,0,0,0,0,0,0
"RocketReports","MINT0585",2,2,1.0000,0,0.0000,0,0,0,0,0,0,0
"RocketReports","MINT0588",2,2,1.0000,0,0.0000,0,0,0,0,0,0,0
"RocketReports","MINT0589",3,1,0.3333,2,0.6666,0,1,0,0,0,0,1
"RocketReports","MINT0592",3,3,1.0000,0,0.0000,0,0,0,0,0,0,0
"RocketReports","MINT0594",6,6,1.0000,0,0.0000,0,0,0,0,0,0,0
"RocketReports","MINT0595",4,4,1.0000,0,0.0000,0,0,0,0,0,0,0
"RocketReports","MINT0596",10,10,1.0000,0,0.0000,0,0,0,0,0,0,0
"RocketReports","MINT0598",1,1,1.0000,0,0.0000,0,0,0,0,0,0,0
"RocketReports","MINT0599",44,40,0.9090,4,0.0909,1,1,0,0,0,1,1
"RocketReports","MINT0600",1,1,1.0000,0,0.0000,0,0,0,0,0,0,0
"RocketReports","MINT0602",3,3,1.0000,0,0.0000,0,0,0,0,0,0,0
"RocketReports","MINT0606",10,10,1.0000,0,0.0000,0,0,0,0,0,0,0
"RocketReports","MINT0707",3,3,1.0000,0,0.0000,0,0,0,0,0,0,0
"RocketReports","MINT0901",2,2,1.0000,0,0.0000,0,0,0,0,0,0,0
"RocketReports","MINT0905",2,2,1.0000,0,0.0000,0,0,0,0,0,0,0
"RocketReports","MINT0906",2,2,1.0000,0,0.0000,0,0,0,0,0,0,0
"RocketReports","MINT0912",5,5,1.0000,0,0.0000,0,0,0,0,0,0,0
"RocketReports","MINT0913",25,16,0.6400,9,0.3600,8,1,0,0,0,0,0
"RocketReports","MINT0916",3,3,1.0000,0,0.0000,0,0,0,0,0,0,0
"RocketReports","MINT0918",3,0,0.0000,3,1.0000,0,1,0,0,0,0,2
"RocketReports","MINT0919",4,3,0.7500,1,0.2500,0,0,0,0,0,0,1
"RocketReports","MINT0922",6,6,1.0000,0,0.0000,0,0,0,0,0,0,0
"RocketReports","MINT1012",3,3,1.0000,0,0.0000,0,0,0,0,0,0,0
"RocketReports","MINT1016",19,16,0.8421,3,0.1578,0,1,1,0,0,0,1
"RocketReports","MINT1017",2,2,1.0000,0,0.0000,0,0,0,0,0,0,0
"RocketReports","MINT1030",1,1,1.0000,0,0.0000,0,0,0,0,0,0,0
"RocketReports","MINT1041",9,9,1.0000,0,0.0000,0,0,0,0,0,0,0
"RocketReports","MINT1050",2,1,0.5000,1,0.5000,1,0,0,0,0,0,0
"RocketReports","MINT1061",1,1,1.0000,0,0.0000,0,0,0,0,0,0,0
"RocketReports","MINT1062",1,1,1.0000,0,0.0000,0,0,0,0,0,0,0
"RocketReports","MINT1063",34,34,1.0000,0,0.0000,0,0,0,0,0,0,0
"RocketReports","MINT1070",1,1,1.0000,0,0.0000,0,0,0,0,0,0,0
"RocketReports","MINT1074",5,3,0.6000,2,0.4000,0,0,0,0,0,0,2
"RocketReports","MINT1075",16,14,0.8750,2,0.1250,1,0,0,0,0,0,1
"RocketReports","MINT1076",6,5,0.8333,1,0.1666,1,0,0,0,0,0,0
"RocketReports","MINT1077",3,3,1.0000,0,0.0000,0,0,0,0,0,0,0
"RocketReports","MINT1080",14,13,0.9285,1,0.0714,0,0,0,0,0,0,1
"RocketReports","MINT1081",1,1,1.0000,0,0.0000,0,0,0,0,0,0,0
"RocketReports","MINT1083",1,1,1.0000,0,0.0000,0,0,0,0,0,0,0
"RocketReports","MINT1091",1,1,1.0000,0,0.0000,0,0,0,0,0,0,0
"RocketReports","MINT1094",1,1,1.0000,0,0.0000,0,0,0,0,0,0,0
"RocketReports","MINT3000",27,25,0.9259,2,0.0740,1,1,0,0,0,0,0
"RocketReports","MINT3001",3,3,1.0000,0,0.0000,0,0,0,0,0,0,0
"RocketReports","MINT4000",25,25,1.0000,0,0.0000,0,0,0,0,0,0,0
"RocketReports","MINT4002",1,1,1.0000,0,0.0000,0,0,0,0,0,0,0
"RocketReports","MINT4005",14,14,1.0000,0,0.0000,0,0,0,0,0,0,0
"RocketReports","MINT4009",13,10,0.7692,3,0.2307,2,0,0,0,0,0,1
"RocketReports","MINT4010",19,17,0.8947,2,0.1052,2,0,0,0,0,0,0
"RocketReports","MINT4014",2,2,1.0000,0,0.0000,0,0,0,0,0,0,0
"RocketReports","MINT4015",22,22,1.0000,0,0.0000,0,0,0,0,0,0,0
"RocketReports","MINT4018",2,2,1.0000,0,0.0000,0,0,0,0,0,0,0
"RocketReports","MINT4020",9,8,0.8888,1,0.1111,1,0,0,0,0,0,0
"RocketReports","MINT4022",43,37,0.8604,6,0.1395,6,0,0,0,0,0,0
"RocketReports","MINT4023",2,2,1.0000,0,0.0000,0,0,0,0,0,0,0
"RocketReports","MINT4024",16,15,0.9375,1,0.0625,1,0,0,0,0,0,0
"RocketReports","MINT4025",6,6,1.0000,0,0.0000,0,0,0,0,0,0,0
"RocketReports","MINT4031",5,5,1.0000,0,0.0000,0,0,0,0,0,0,0
"RocketReports","MINT4033",8,6,0.7500,2,0.2500,1,0,1,0,0,0,0
"RocketReports","MINT4036",3,3,1.0000,0,0.0000,0,0,0,0,0,0,0
"RocketReports","MINT5001",5,5,1.0000,0,0.0000,0,0,0,0,0,0,0
"RocketReports","MINT5002",3,3,1.0000,0,0.0000,0,0,0,0,0,0,0
"RocketReports","MINT5005",4,4,1.0000,0,0.0000,0,0,0,0,0,0,0
"RocketReports","MINT5007",4,3,0.7500,1,0.2500,1,0,0,0,0,0,0
"RocketReports","MINTHI21",19,16,0.8421,3,0.1578,0,1,2,0,0,0,0
"RocketReports","MINTHI31",13,12,0.9230,1,0.0769,0,0,0,0,0,0,1
"RocketReports","MINTHI41",6,5,0.8333,1,0.1666,1,0,0,0,0,0,0
"RocketReports","MINTHI51",12,12,1.0000,0,0.0000,0,0,0,0,0,0,0
"RocketReports","MINTHI71",5,4,0.8000,1,0.2000,1,0,0,0,0,0,0
"RocketReports","MINTPLB1",12,9,0.7500,3,0.2500,3,0,0,0,0,0,0
"RocketReports","MINTPLB2",1,1,1.0000,0,0.0000,0,0,0,0,0,0,0
"RocketReports","MINTPLB3",4,3,0.7500,1,0.2500,1,0,0,0,0,0,0
"RocketReports","MINTPLB4",2,2,1.0000,0,0.0000,0,0,0,0,0,0,0
"RocketReports","MINTPLB5",7,7,1.0000,0,0.0000,0,0,0,0,0,0,0
"RocketReports","MINTPMH1",1,1,1.0000,0,0.0000,0,0,0,0,0,0,0
"RocketReports","MINTPMH2",3,3,1.0000,0,0.0000,0,0,0,0,0,0,0
"RocketReports","MINTPMH3",1,1,1.0000,0,0.0000,0,0,0,0,0,0,0
"RocketReports","TNS5GBZ3",6,5,0.8333,1,0.1666,1,0,0,0,0,0,0
"RocketReports","TNS5GBZ4",7,1,0.1428,6,0.8571,0,0,0,0,0,0,6
