"MintATM","MINT0009",52,40,0.7692,12,0.2307,3,3,3,0,0,0,3
"MintATM","MINT0010",52,48,0.9230,4,0.0769,0,4,0,0,0,0,0
"MintATM","MINT0014",1,1,1.0000,0,0.0000,0,0,0,0,0,0,0
"MintATM","MINT0025",1,1,1.0000,0,0.0000,0,0,0,0,0,0,0
"MintATM","MINT0026",4,4,1.0000,0,0.0000,0,0,0,0,0,0,0
"MintATM","MINT0027",3,2,0.6666,1,0.3333,0,1,0,0,0,0,0
"MintATM","MINT0032",11,10,0.9090,1,0.0909,0,0,0,0,0,0,1
"MintATM","MINT0034",5,5,1.0000,0,0.0000,0,0,0,0,0,0,0
"MintATM","MINT0041",8,8,1.0000,0,0.0000,0,0,0,0,0,0,0
"MintATM","MINT0042",13,9,0.6923,4,0.3076,1,1,0,0,0,0,2
"MintATM","MINT0049",11,8,0.7272,3,0.2727,0,0,1,0,0,0,2
"MintATM","MINT0050",4,3,0.7500,1,0.2500,0,1,0,0,0,0,0
"MintATM","MINT0052",2,1,0.5000,1,0.5000,1,0,0,0,0,0,0
"MintATM","MINT0054",4,2,0.5000,2,0.5000,2,0,0,0,0,0,0
"MintATM","MINT0056",1,1,1.0000,0,0.0000,0,0,0,0,0,0,0
"MintATM","MINT0058",2,2,1.0000,0,0.0000,0,0,0,0,0,0,0
"MintATM","MINT0059",1,1,1.0000,0,0.0000,0,0,0,0,0,0,0
"MintATM","MINT0062",9,9,1.0000,0,0.0000,0,0,0,0,0,0,0
"MintATM","MINT0063",1,1,1.0000,0,0.0000,0,0,0,0,0,0,0
"MintATM","MINT0065",1,1,1.0000,0,0.0000,0,0,0,0,0,0,0
"MintATM","MINT0067",6,5,0.8333,1,0.1666,0,0,0,0,0,0,1
"MintATM","MINT0068",1,1,1.0000,0,0.0000,0,0,0,0,0,0,0
"MintATM","MINT0102",2,2,1.0000,0,0.0000,0,0,0,0,0,0,0
"MintATM","MINT0103",2,2,1.0000,0,0.0000,0,0,0,0,0,0,0
"MintATM","MINT0104",5,5,1.0000,0,0.0000,0,0,0,0,0,0,0
"MintATM","MINT0105",1,1,1.0000,0,0.0000,0,0,0,0,0,0,0
"MintATM","MINT0106",9,6,0.6666,3,0.3333,3,0,0,0,0,0,0
"MintATM","MINT0107",6,6,1.0000,0,0.0000,0,0,0,0,0,0,0
"MintATM","MINT0109",14,8,0.5714,6,0.4285,4,0,2,0,0,0,0
"MintATM","MINT0110",2,2,1.0000,0,0.0000,0,0,0,0,0,0,0
"MintATM","MINT0112",1,1,1.0000,0,0.0000,0,0,0,0,0,0,0
"MintATM","MINT0115",1,0,0.0000,1,1.0000,0,0,0,0,0,0,1
"MintATM","MINT0116",7,6,0.8571,1,0.1428,1,0,0,0,0,0,0
"MintATM","MINT0121",7,7,1.0000,0,0.0000,0,0,0,0,0,0,0
"MintATM","MINT0125",7,7,1.0000,0,0.0000,0,0,0,0,0,0,0
"MintATM","MINT0126",6,5,0.8333,1,0.1666,0,0,1,0,0,0,0
"MintATM","MINT0127",4,3,0.7500,1,0.2500,1,0,0,0,0,0,0
"MintATM","MINT0132",1,1,1.0000,0,0.0000,0,0,0,0,0,0,0
"MintATM","MINT0133",3,3,1.0000,0,0.0000,0,0,0,0,0,0,0
"MintATM","MINT0135",7,5,0.7142,2,0.2857,1,1,0,0,0,0,0
"MintATM","MINT0138",7,5,0.7142,2,0.2857,1,0,0,0,0,0,1
"MintATM","MINT0141",5,5,1.0000,0,0.0000,0,0,0,0,0,0,0
"MintATM","MINT0142",1,1,1.0000,0,0.0000,0,0,0,0,0,0,0
"MintATM","MINT0143",5,4,0.8000,1,0.2000,0,0,0,0,0,0,1
"MintATM","MINT0144",5,2,0.4000,3,0.6000,1,0,0,0,0,0,2
"MintATM","MINT0145",1,1,1.0000,0,0.0000,0,0,0,0,0,0,0
"MintATM","MINT0151",2,2,1.0000,0,0.0000,0,0,0,0,0,0,0
"MintATM","MINT0152",5,5,1.0000,0,0.0000,0,0,0,0,0,0,0
"MintATM","MINT0153",1,1,1.0000,0,0.0000,0,0,0,0,0,0,0
"MintATM","MINT0154",13,13,1.0000,0,0.0000,0,0,0,0,0,0,0
"MintATM","MINT0155",17,17,1.0000,0,0.0000,0,0,0,0,0,0,0
"MintATM","MINT0351",4,2,0.5000,2,0.5000,0,0,1,0,0,0,1
"MintATM","MINT0352",6,4,0.6666,2,0.3333,2,0,0,0,0,0,0
"MintATM","MINT0353",12,12,1.0000,0,0.0000,0,0,0,0,0,0,0
"MintATM","MINT0355",3,3,1.0000,0,0.0000,0,0,0,0,0,0,0
"MintATM","MINT0356",4,4,1.0000,0,0.0000,0,0,0,0,0,0,0
"MintATM","MINT0357",2,2,1.0000,0,0.0000,0,0,0,0,0,0,0
"MintATM","MINT0358",7,7,1.0000,0,0.0000,0,0,0,0,0,0,0
"MintATM","MINT0359",2,2,1.0000,0,0.0000,0,0,0,0,0,0,0
"MintATM","MINT0360",3,3,1.0000,0,0.0000,0,0,0,0,0,0,0
"MintATM","MINT0401",1,1,1.0000,0,0.0000,0,0,0,0,0,0,0
"MintATM","MINT0403",14,10,0.7142,4,0.2857,4,0,0,0,0,0,0
"MintATM","MINT0404",1,1,1.0000,0,0.0000,0,0,0,0,0,0,0
"MintATM","MINT0405",1,1,1.0000,0,0.0000,0,0,0,0,0,0,0
"MintATM","MINT0411",2,2,1.0000,0,0.0000,0,0,0,0,0,0,0
"MintATM","MINT0414",10,9,0.9000,1,0.1000,1,0,0,0,0,0,0
"MintATM","MINT0417",1,1,1.0000,0,0.0000,0,0,0,0,0,0,0
"MintATM","MINT0498",1,1,1.0000,0,0.0000,0,0,0,0,0,0,0
"MintATM","MINT0504",6,4,0.6666,2,0.3333,0,0,0,0,0,0,2
"MintATM","MINT0508",62,53,0.8548,9,0.1451,6,0,0,0,0,0,3
"MintATM","MINT0509",2,2,1.0000,0,0.0000,0,0,0,0,0,0,0
"MintATM","MINT0522",4,4,1.0000,0,0.0000,0,0,0,0,0,0,0
"MintATM","MINT0527",3,3,1.0000,0,0.0000,0,0,0,0,0,0,0
"MintATM","MINT0529",37,32,0.8648,5,0.1351,0,1,0,0,0,3,1
"MintATM","MINT0531",5,5,1.0000,0,0.0000,0,0,0,0,0,0,0
"MintATM","MINT0532",7,7,1.0000,0,0.0000,0,0,0,0,0,0,0
"MintATM","MINT0533",28,28,1.0000,0,0.0000,0,0,0,0,0,0,0
"MintATM","MINT0540",3,3,1.0000,0,0.0000,0,0,0,0,0,0,0
"MintATM","MINT0542",2,1,0.5000,1,0.5000,1,0,0,0,0,0,0
"MintATM","MINT0546",2,2,1.0000,0,0.0000,0,0,0,0,0,0,0
"MintATM","MINT0548",2,2,1.0000,0,0.0000,0,0,0,0,0,0,0
"MintATM","MINT0550",12,12,1.0000,0,0.0000,0,0,0,0,0,0,0
"MintATM","MINT0556",2,2,1.0000,0,0.0000,0,0,0,0,0,0,0
"MintATM","MINT0557",7,6,0.8571,1,0.1428,1,0,0,0,0,0,0
"MintATM","MINT0558",1,1,1.0000,0,0.0000,0,0,0,0,0,0,0
"MintATM","MINT0559",4,4,1.0000,0,0.0000,0,0,0,0,0,0,0
"MintATM","MINT0560",2,2,1.0000,0,0.0000,0,0,0,0,0,0,0
"MintATM","MINT0561",6,6,1.0000,0,0.0000,0,0,0,0,0,0,0
"MintATM","MINT0562",12,12,1.0000,0,0.0000,0,0,0,0,0,0,0
"MintATM","MINT0563",2,2,1.0000,0,0.0000,0,0,0,0,0,0,0
"MintATM","MINT0564",4,3,0.7500,1,0.2500,1,0,0,0,0,0,0
"MintATM","MINT0567",28,19,0.6785,9,0.3214,2,4,0,0,0,0,3
"MintATM","MINT0569",11,11,1.0000,0,0.0000,0,0,0,0,0,0,0
"MintATM","MINT0570",8,5,0.6250,3,0.3750,2,1,0,0,0,0,0
"MintATM","MINT0571",3,3,1.0000,0,0.0000,0,0,0,0,0,0,0
"MintATM","MINT0572",6,6,1.0000,0,0.0000,0,0,0,0,0,0,0
"MintATM","MINT0574",2,2,1.0000,0,0.0000,0,0,0,0,0,0,0
"MintATM","MINT0577",2,2,1.0000,0,0.0000,0,0,0,0,0,0,0
"MintATM","MINT0579",17,12,0.7058,5,0.2941,0,0,0,0,0,0,5
"MintATM","MINT0582",1,1,1.0000,0,0.0000,0,0,0,0,0,0,0
"MintATM","MINT0585",2,2,1.0000,0,0.0000,0,0,0,0,0,0,0
"MintATM","MINT0586",4,4,1.0000,0,0.0000,0,0,0,0,0,0,0
"MintATM","MINT0589",15,13,0.8666,2,0.1333,1,0,0,0,0,1,0
"MintATM","MINT0590",5,5,1.0000,0,0.0000,0,0,0,0,0,0,0
"MintATM","MINT0591",64,60,0.9375,4,0.0625,1,2,0,0,0,0,1
"MintATM","MINT0592",6,6,1.0000,0,0.0000,0,0,0,0,0,0,0
"MintATM","MINT0593",2,2,1.0000,0,0.0000,0,0,0,0,0,0,0
"MintATM","MINT0594",9,7,0.7777,2,0.2222,0,0,0,0,0,0,2
"MintATM","MINT0595",8,8,1.0000,0,0.0000,0,0,0,0,0,0,0
"MintATM","MINT0596",19,15,0.7894,4,0.2105,0,1,0,0,0,0,3
"MintATM","MINT0597",7,7,1.0000,0,0.0000,0,0,0,0,0,0,0
"MintATM","MINT0598",25,25,1.0000,0,0.0000,0,0,0,0,0,0,0
"MintATM","MINT0599",14,12,0.8571,2,0.1428,0,1,0,0,0,0,1
"MintATM","MINT0705",2,2,1.0000,0,0.0000,0,0,0,0,0,0,0
"MintATM","MINT0707",5,5,1.0000,0,0.0000,0,0,0,0,0,0,0
"MintATM","MINT0711",3,3,1.0000,0,0.0000,0,0,0,0,0,0,0
"MintATM","MINT0712",2,2,1.0000,0,0.0000,0,0,0,0,0,0,0
"MintATM","MINT0728",1,1,1.0000,0,0.0000,0,0,0,0,0,0,0
"MintATM","MINT0820",1,1,1.0000,0,0.0000,0,0,0,0,0,0,0
"MintATM","MINT0901",3,3,1.0000,0,0.0000,0,0,0,0,0,0,0
"MintATM","MINT0906",1,1,1.0000,0,0.0000,0,0,0,0,0,0,0
"MintATM","MINT0907",1,1,1.0000,0,0.0000,0,0,0,0,0,0,0
"MintATM","MINT0912",16,16,1.0000,0,0.0000,0,0,0,0,0,0,0
"MintATM","MINT0913",12,9,0.7500,3,0.2500,1,1,0,0,0,0,1
"MintATM","MINT0914",1,1,1.0000,0,0.0000,0,0,0,0,0,0,0
"MintATM","MINT0916",6,6,1.0000,0,0.0000,0,0,0,0,0,0,0
"MintATM","MINT0917",1,1,1.0000,0,0.0000,0,0,0,0,0,0,0
"MintATM","MINT0919",29,29,1.0000,0,0.0000,0,0,0,0,0,0,0
"MintATM","MINT0921",5,5,1.0000,0,0.0000,0,0,0,0,0,0,0
"MintATM","MINT0922",2,2,1.0000,0,0.0000,0,0,0,0,0,0,0
"MintATM","MINT0923",4,4,1.0000,0,0.0000,0,0,0,0,0,0,0
"MintATM","MINT0925",4,4,1.0000,0,0.0000,0,0,0,0,0,0,0
"MintATM","MINT1012",12,10,0.8333,2,0.1666,2,0,0,0,0,0,0
"MintATM","MINT1014",2,2,1.0000,0,0.0000,0,0,0,0,0,0,0
"MintATM","MINT1015",61,55,0.9016,6,0.0983,0,2,3,0,0,0,1
"MintATM","MINT1016",17,14,0.8235,3,0.1764,3,0,0,0,0,0,0
"MintATM","MINT1050",1,1,1.0000,0,0.0000,0,0,0,0,0,0,0
"MintATM","MINT1061",1,1,1.0000,0,0.0000,0,0,0,0,0,0,0
"MintATM","MINT1063",31,31,1.0000,0,0.0000,0,0,0,0,0,0,0
"MintATM","MINT1070",3,2,0.6666,1,0.3333,0,0,0,0,0,0,1
"MintATM","MINT1072",3,3,1.0000,0,0.0000,0,0,0,0,0,0,0
"MintATM","MINT1074",4,3,0.7500,1,0.2500,1,0,0,0,0,0,0
"MintATM","MINT1075",18,18,1.0000,0,0.0000,0,0,0,0,0,0,0
"MintATM","MINT1076",13,13,1.0000,0,0.0000,0,0,0,0,0,0,0
"MintATM","MINT1078",1,1,1.0000,0,0.0000,0,0,0,0,0,0,0
"MintATM","MINT2000",1,1,1.0000,0,0.0000,0,0,0,0,0,0,0
"MintATM","MINT3000",2,2,1.0000,0,0.0000,0,0,0,0,0,0,0
"MintATM","MINT3001",3,3,1.0000,0,0.0000,0,0,0,0,0,0,0
"MintATM","MINT4000",19,17,0.8947,2,0.1052,1,0,0,0,0,0,1
"MintATM","MINT4001",1,1,1.0000,0,0.0000,0,0,0,0,0,0,0
"MintATM","MINT4005",31,29,0.9354,2,0.0645,2,0,0,0,0,0,0
"MintATM","MINT4010",34,29,0.8529,5,0.1470,2,0,0,0,0,0,3
"MintATM","MINT4015",25,21,0.8400,4,0.1600,4,0,0,0,0,0,0
"MintATM","MINTHI11",1,1,1.0000,0,0.0000,0,0,0,0,0,0,0
"MintATM","MINTHI21",28,26,0.9285,2,0.0714,1,0,1,0,0,0,0
"MintATM","MINTHI31",13,13,1.0000,0,0.0000,0,0,0,0,0,0,0
"MintATM","MINTHI41",5,5,1.0000,0,0.0000,0,0,0,0,0,0,0
"MintATM","MINTHI51",35,31,0.8857,4,0.1142,2,0,2,0,0,0,0
"MintATM","MINTHI61",8,8,1.0000,0,0.0000,0,0,0,0,0,0,0
"MintATM","MINTHI62",12,12,1.0000,0,0.0000,0,0,0,0,0,0,0
"MintATM","MINTHI71",32,29,0.9062,3,0.0937,0,0,0,0,0,0,3
"MintATM","TNS5GBZ3",9,9,1.0000,0,0.0000,0,0,0,0,0,0,0
"MintATM","TNS5GBZ4",5,5,1.0000,0,0.0000,0,0,0,0,0,0,0
