"RocketReports","MINT0009",33,24,0.7272,9,0.2727,4,0,2,0,0,0,3
"RocketReports","MINT0014",1,1,1.0000,0,0.0000,0,0,0,0,0,0,0
"RocketReports","MINT0026",2,0,0.0000,2,1.0000,2,0,0,0,0,0,0
"RocketReports","MINT0027",6,6,1.0000,0,0.0000,0,0,0,0,0,0,0
"RocketReports","MINT0028",1,1,1.0000,0,0.0000,0,0,0,0,0,0,0
"RocketReports","MINT0032",4,4,1.0000,0,0.0000,0,0,0,0,0,0,0
"RocketReports","MINT0037",7,6,0.8571,1,0.1428,0,0,0,0,0,0,1
"RocketReports","MINT0041",3,3,1.0000,0,0.0000,0,0,0,0,0,0,0
"RocketReports","MINT0042",6,6,1.0000,0,0.0000,0,0,0,0,0,0,0
"RocketReports","MINT0044",1,1,1.0000,0,0.0000,0,0,0,0,0,0,0
"RocketReports","MINT0047",10,7,0.7000,3,0.3000,0,0,0,0,0,0,3
"RocketReports","MINT0050",1,1,1.0000,0,0.0000,0,0,0,0,0,0,0
"RocketReports","MINT0052",2,1,0.5000,1,0.5000,1,0,0,0,0,0,0
"RocketReports","MINT0054",1,0,0.0000,1,1.0000,1,0,0,0,0,0,0
"RocketReports","MINT0058",1,1,1.0000,0,0.0000,0,0,0,0,0,0,0
"RocketReports","MINT0059",1,1,1.0000,0,0.0000,0,0,0,0,0,0,0
"RocketReports","MINT0062",9,7,0.7777,2,0.2222,0,0,0,0,0,0,2
"RocketReports","MINT0063",1,1,1.0000,0,0.0000,0,0,0,0,0,0,0
"RocketReports","MINT0067",1,1,1.0000,0,0.0000,0,0,0,0,0,0,0
"RocketReports","MINT0068",2,2,1.0000,0,0.0000,0,0,0,0,0,0,0
"RocketReports","MINT0069",59,48,0.8135,11,0.1864,3,3,0,0,0,0,5
"RocketReports","MINT0102",2,2,1.0000,0,0.0000,0,0,0,0,0,0,0
"RocketReports","MINT0107",1,0,0.0000,1,1.0000,1,0,0,0,0,0,0
"RocketReports","MINT0108",4,1,0.2500,3,0.7500,3,0,0,0,0,0,0
"RocketReports","MINT0109",2,2,1.0000,0,0.0000,0,0,0,0,0,0,0
"RocketReports","MINT0110",3,2,0.6666,1,0.3333,1,0,0,0,0,0,0
"RocketReports","MINT0111",2,2,1.0000,0,0.0000,0,0,0,0,0,0,0
"RocketReports","MINT0112",1,1,1.0000,0,0.0000,0,0,0,0,0,0,0
"RocketReports","MINT0118",2,2,1.0000,0,0.0000,0,0,0,0,0,0,0
"RocketReports","MINT0120",2,2,1.0000,0,0.0000,0,0,0,0,0,0,0
"RocketReports","MINT0121",13,7,0.5384,6,0.4615,6,0,0,0,0,0,0
"RocketReports","MINT0123",1,1,1.0000,0,0.0000,0,0,0,0,0,0,0
"RocketReports","MINT0124",1,1,1.0000,0,0.0000,0,0,0,0,0,0,0
"RocketReports","MINT0125",5,5,1.0000,0,0.0000,0,0,0,0,0,0,0
"RocketReports","MINT0126",5,4,0.8000,1,0.2000,1,0,0,0,0,0,0
"RocketReports","MINT0127",5,5,1.0000,0,0.0000,0,0,0,0,0,0,0
"RocketReports","MINT0131",1,1,1.0000,0,0.0000,0,0,0,0,0,0,0
"RocketReports","MINT0133",1,1,1.0000,0,0.0000,0,0,0,0,0,0,0
"RocketReports","MINT0135",4,4,1.0000,0,0.0000,0,0,0,0,0,0,0
"RocketReports","MINT0137",8,8,1.0000,0,0.0000,0,0,0,0,0,0,0
"RocketReports","MINT0138",4,4,1.0000,0,0.0000,0,0,0,0,0,0,0
"RocketReports","MINT0142",1,1,1.0000,0,0.0000,0,0,0,0,0,0,0
"RocketReports","MINT0143",7,6,0.8571,1,0.1428,0,0,1,0,0,0,0
"RocketReports","MINT0144",5,3,0.6000,2,0.4000,1,1,0,0,0,0,0
"RocketReports","MINT0145",2,2,1.0000,0,0.0000,0,0,0,0,0,0,0
"RocketReports","MINT0149",1,1,1.0000,0,0.0000,0,0,0,0,0,0,0
"RocketReports","MINT0152",1,1,1.0000,0,0.0000,0,0,0,0,0,0,0
"RocketReports","MINT0153",2,2,1.0000,0,0.0000,0,0,0,0,0,0,0
"RocketReports","MINT0154",10,10,1.0000,0,0.0000,0,0,0,0,0,0,0
"RocketReports","MINT0155",11,10,0.9090,1,0.0909,1,0,0,0,0,0,0
"RocketReports","MINT0156",1,1,1.0000,0,0.0000,0,0,0,0,0,0,0
"RocketReports","MINT0157",1,1,1.0000,0,0.0000,0,0,0,0,0,0,0
"RocketReports","MINT0207",2,2,1.0000,0,0.0000,0,0,0,0,0,0,0
"RocketReports","MINT0208",2,2,1.0000,0,0.0000,0,0,0,0,0,0,0
"RocketReports","MINT0209",3,3,1.0000,0,0.0000,0,0,0,0,0,0,0
"RocketReports","MINT0305",1,1,1.0000,0,0.0000,0,0,0,0,0,0,0
"RocketReports","MINT0351",1,1,1.0000,0,0.0000,0,0,0,0,0,0,0
"RocketReports","MINT0353",7,7,1.0000,0,0.0000,0,0,0,0,0,0,0
"RocketReports","MINT0355",10,9,0.9000,1,0.1000,1,0,0,0,0,0,0
"RocketReports","MINT0356",5,5,1.0000,0,0.0000,0,0,0,0,0,0,0
"RocketReports","MINT0357",1,1,1.0000,0,0.0000,0,0,0,0,0,0,0
"RocketReports","MINT0402",1,1,1.0000,0,0.0000,0,0,0,0,0,0,0
"RocketReports","MINT0403",1,1,1.0000,0,0.0000,0,0,0,0,0,0,0
"RocketReports","MINT0404",1,1,1.0000,0,0.0000,0,0,0,0,0,0,0
"RocketReports","MINT0405",2,2,1.0000,0,0.0000,0,0,0,0,0,0,0
"RocketReports","MINT0411",2,2,1.0000,0,0.0000,0,0,0,0,0,0,0
"RocketReports","MINT0414",3,3,1.0000,0,0.0000,0,0,0,0,0,0,0
"RocketReports","MINT0494",4,1,0.2500,3,0.7500,0,2,0,0,0,0,1
"RocketReports","MINT0495",1,1,1.0000,0,0.0000,0,0,0,0,0,0,0
"RocketReports","MINT0496",8,6,0.7500,2,0.2500,0,0,0,0,0,0,2
"RocketReports","MINT0497",3,3,1.0000,0,0.0000,0,0,0,0,0,0,0
"RocketReports","MINT0498",1,1,1.0000,0,0.0000,0,0,0,0,0,0,0
"RocketReports","MINT0499",3,3,1.0000,0,0.0000,0,0,0,0,0,0,0
"RocketReports","MINT0501",1,1,1.0000,0,0.0000,0,0,0,0,0,0,0
"RocketReports","MINT0504",1,1,1.0000,0,0.0000,0,0,0,0,0,0,0
"RocketReports","MINT0508",25,20,0.8000,5,0.2000,3,1,0,0,0,0,1
"RocketReports","MINT0531",11,10,0.9090,1,0.0909,0,1,0,0,0,0,0
"RocketReports","MINT0532",8,8,1.0000,0,0.0000,0,0,0,0,0,0,0
"RocketReports","MINT0534",16,13,0.8125,3,0.1875,0,1,0,0,0,0,2
"RocketReports","MINT0535",1,1,1.0000,0,0.0000,0,0,0,0,0,0,0
"RocketReports","MINT0538",1,1,1.0000,0,0.0000,0,0,0,0,0,0,0
"RocketReports","MINT0540",1,1,1.0000,0,0.0000,0,0,0,0,0,0,0
"RocketReports","MINT0542",1,1,1.0000,0,0.0000,0,0,0,0,0,0,0
"RocketReports","MINT0543",2,2,1.0000,0,0.0000,0,0,0,0,0,0,0
"RocketReports","MINT0545",2,2,1.0000,0,0.0000,0,0,0,0,0,0,0
"RocketReports","MINT0546",4,4,1.0000,0,0.0000,0,0,0,0,0,0,0
"RocketReports","MINT0547",2,1,0.5000,1,0.5000,1,0,0,0,0,0,0
"RocketReports","MINT0550",1,1,1.0000,0,0.0000,0,0,0,0,0,0,0
"RocketReports","MINT0554",2,2,1.0000,0,0.0000,0,0,0,0,0,0,0
"RocketReports","MINT0555",2,2,1.0000,0,0.0000,0,0,0,0,0,0,0
"RocketReports","MINT0557",9,9,1.0000,0,0.0000,0,0,0,0,0,0,0
"RocketReports","MINT0558",3,3,1.0000,0,0.0000,0,0,0,0,0,0,0
"RocketReports","MINT0559",6,6,1.0000,0,0.0000,0,0,0,0,0,0,0
"RocketReports","MINT0561",5,4,0.8000,1,0.2000,1,0,0,0,0,0,0
"RocketReports","MINT0562",3,3,1.0000,0,0.0000,0,0,0,0,0,0,0
"RocketReports","MINT0563",4,3,0.7500,1,0.2500,0,0,1,0,0,0,0
"RocketReports","MINT0567",4,4,1.0000,0,0.0000,0,0,0,0,0,0,0
"RocketReports","MINT0569",8,7,0.8750,1,0.1250,1,0,0,0,0,0,0
"RocketReports","MINT0570",5,5,1.0000,0,0.0000,0,0,0,0,0,0,0
"RocketReports","MINT0571",2,1,0.5000,1,0.5000,1,0,0,0,0,0,0
"RocketReports","MINT0572",7,4,0.5714,3,0.4285,3,0,0,0,0,0,0
"RocketReports","MINT0574",3,3,1.0000,0,0.0000,0,0,0,0,0,0,0
"RocketReports","MINT0581",3,3,1.0000,0,0.0000,0,0,0,0,0,0,0
"RocketReports","MINT0584",2,2,1.0000,0,0.0000,0,0,0,0,0,0,0
"RocketReports","MINT0589",1,1,1.0000,0,0.0000,0,0,0,0,0,0,0
"RocketReports","MINT0592",1,1,1.0000,0,0.0000,0,0,0,0,0,0,0
"RocketReports","MINT0593",3,3,1.0000,0,0.0000,0,0,0,0,0,0,0
"RocketReports","MINT0594",6,6,1.0000,0,0.0000,0,0,0,0,0,0,0
"RocketReports","MINT0595",5,5,1.0000,0,0.0000,0,0,0,0,0,0,0
"RocketReports","MINT0599",47,41,0.8723,6,0.1276,4,1,0,0,0,0,1
"RocketReports","MINT0600",3,3,1.0000,0,0.0000,0,0,0,0,0,0,0
"RocketReports","MINT0602",6,6,1.0000,0,0.0000,0,0,0,0,0,0,0
"RocketReports","MINT0707",1,1,1.0000,0,0.0000,0,0,0,0,0,0,0
"RocketReports","MINT0901",4,4,1.0000,0,0.0000,0,0,0,0,0,0,0
"RocketReports","MINT0902",2,2,1.0000,0,0.0000,0,0,0,0,0,0,0
"RocketReports","MINT0903",1,1,1.0000,0,0.0000,0,0,0,0,0,0,0
"RocketReports","MINT0906",1,1,1.0000,0,0.0000,0,0,0,0,0,0,0
"RocketReports","MINT0907",1,1,1.0000,0,0.0000,0,0,0,0,0,0,0
"RocketReports","MINT0912",22,16,0.7272,6,0.2727,3,0,2,0,0,0,1
"RocketReports","MINT0913",7,4,0.5714,3,0.4285,3,0,0,0,0,0,0
"RocketReports","MINT0915",1,1,1.0000,0,0.0000,0,0,0,0,0,0,0
"RocketReports","MINT0916",6,6,1.0000,0,0.0000,0,0,0,0,0,0,0
"RocketReports","MINT0918",1,1,1.0000,0,0.0000,0,0,0,0,0,0,0
"RocketReports","MINT0919",28,25,0.8928,3,0.1071,0,0,2,0,0,0,1
"RocketReports","MINT0921",1,1,1.0000,0,0.0000,0,0,0,0,0,0,0
"RocketReports","MINT0922",6,6,1.0000,0,0.0000,0,0,0,0,0,0,0
"RocketReports","MINT0923",1,1,1.0000,0,0.0000,0,0,0,0,0,0,0
"RocketReports","MINT1012",5,5,1.0000,0,0.0000,0,0,0,0,0,0,0
"RocketReports","MINT1016",20,20,1.0000,0,0.0000,0,0,0,0,0,0,0
"RocketReports","MINT1017",1,1,1.0000,0,0.0000,0,0,0,0,0,0,0
"RocketReports","MINT1019",1,1,1.0000,0,0.0000,0,0,0,0,0,0,0
"RocketReports","MINT1041",20,18,0.9000,2,0.1000,2,0,0,0,0,0,0
"RocketReports","MINT1050",4,4,1.0000,0,0.0000,0,0,0,0,0,0,0
"RocketReports","MINT1061",1,1,1.0000,0,0.0000,0,0,0,0,0,0,0
"RocketReports","MINT1063",45,40,0.8888,5,0.1111,4,0,1,0,0,0,0
"RocketReports","MINT1072",2,2,1.0000,0,0.0000,0,0,0,0,0,0,0
"RocketReports","MINT1073",4,3,0.7500,1,0.2500,0,0,0,0,0,0,1
"RocketReports","MINT1074",5,5,1.0000,0,0.0000,0,0,0,0,0,0,0
"RocketReports","MINT1075",9,7,0.7777,2,0.2222,2,0,0,0,0,0,0
"RocketReports","MINT1076",4,3,0.7500,1,0.2500,1,0,0,0,0,0,0
"RocketReports","MINT1083",2,2,1.0000,0,0.0000,0,0,0,0,0,0,0
"RocketReports","MINT1090",11,9,0.8181,2,0.1818,2,0,0,0,0,0,0
"RocketReports","MINT1091",2,2,1.0000,0,0.0000,0,0,0,0,0,0,0
"RocketReports","MINT1093",1,1,1.0000,0,0.0000,0,0,0,0,0,0,0
"RocketReports","MINT1096",2,1,0.5000,1,0.5000,0,0,0,0,0,0,1
"RocketReports","MINT3000",26,25,0.9615,1,0.0384,1,0,0,0,0,0,0
"RocketReports","MINT3001",2,2,1.0000,0,0.0000,0,0,0,0,0,0,0
"RocketReports","MINT3005",8,7,0.8750,1,0.1250,0,0,0,0,0,0,1
"RocketReports","MINT4000",17,16,0.9411,1,0.0588,1,0,0,0,0,0,0
"RocketReports","MINT4003",2,2,1.0000,0,0.0000,0,0,0,0,0,0,0
"RocketReports","MINT4005",24,24,1.0000,0,0.0000,0,0,0,0,0,0,0
"RocketReports","MINT4009",6,5,0.8333,1,0.1666,0,0,0,0,0,1,0
"RocketReports","MINT4010",27,23,0.8518,4,0.1481,2,0,0,0,0,0,2
"RocketReports","MINT4014",4,4,1.0000,0,0.0000,0,0,0,0,0,0,0
"RocketReports","MINT4015",25,21,0.8400,4,0.1600,3,0,0,0,0,0,1
"RocketReports","MINT4017",2,1,0.5000,1,0.5000,0,0,0,0,0,0,1
"RocketReports","MINT4020",11,11,1.0000,0,0.0000,0,0,0,0,0,0,0
"RocketReports","MINT4021",7,7,1.0000,0,0.0000,0,0,0,0,0,0,0
"RocketReports","MINT4022",19,18,0.9473,1,0.0526,0,0,0,0,0,0,1
"RocketReports","MINT4023",8,8,1.0000,0,0.0000,0,0,0,0,0,0,0
"RocketReports","MINT4024",6,6,1.0000,0,0.0000,0,0,0,0,0,0,0
"RocketReports","MINT4025",22,22,1.0000,0,0.0000,0,0,0,0,0,0,0
"RocketReports","MINT4026",4,3,0.7500,1,0.2500,0,0,0,0,0,1,0
"RocketReports","MINT4031",12,11,0.9166,1,0.0833,1,0,0,0,0,0,0
"RocketReports","MINT4033",3,1,0.3333,2,0.6666,2,0,0,0,0,0,0
"RocketReports","MINT4036",4,4,1.0000,0,0.0000,0,0,0,0,0,0,0
"RocketReports","MINT4038",9,6,0.6666,3,0.3333,1,0,0,0,0,0,2
"RocketReports","MINT4040",3,3,1.0000,0,0.0000,0,0,0,0,0,0,0
"RocketReports","MINT5001",13,12,0.9230,1,0.0769,1,0,0,0,0,0,0
"RocketReports","MINT5002",11,11,1.0000,0,0.0000,0,0,0,0,0,0,0
"RocketReports","MINT5003",1,1,1.0000,0,0.0000,0,0,0,0,0,0,0
"RocketReports","MINT5004",2,2,1.0000,0,0.0000,0,0,0,0,0,0,0
"RocketReports","MINT5005",1,1,1.0000,0,0.0000,0,0,0,0,0,0,0
"RocketReports","MINT5006",1,1,1.0000,0,0.0000,0,0,0,0,0,0,0
"RocketReports","MINTHI11",3,3,1.0000,0,0.0000,0,0,0,0,0,0,0
"RocketReports","MINTHI21",24,23,0.9583,1,0.0416,1,0,0,0,0,0,0
"RocketReports","MINTHI31",14,12,0.8571,2,0.1428,1,0,0,0,0,0,1
"RocketReports","MINTHI41",7,7,1.0000,0,0.0000,0,0,0,0,0,0,0
"RocketReports","MINTHI51",26,25,0.9615,1,0.0384,1,0,0,0,0,0,0
"RocketReports","MINTHI71",11,11,1.0000,0,0.0000,0,0,0,0,0,0,0
"RocketReports","MINTPLB1",6,6,1.0000,0,0.0000,0,0,0,0,0,0,0
"RocketReports","MINTPLB2",9,7,0.7777,2,0.2222,1,0,0,0,0,0,1
"RocketReports","MINTPLB3",11,11,1.0000,0,0.0000,0,0,0,0,0,0,0
"RocketReports","MINTPLB4",6,5,0.8333,1,0.1666,0,0,0,0,0,0,1
"RocketReports","MINTPLB5",6,4,0.6666,2,0.3333,2,0,0,0,0,0,0
"RocketReports","MINTPMH1",4,3,0.7500,1,0.2500,1,0,0,0,0,0,0
"RocketReports","MINTPMH2",2,1,0.5000,1,0.5000,1,0,0,0,0,0,0
"RocketReports","TNS5GBZ3",9,9,1.0000,0,0.0000,0,0,0,0,0,0,0
"RocketReports","TNS5GBZ4",3,2,0.6666,1,0.3333,1,0,0,0,0,0,0
