"RocketReports","MINT0007",20.0000,746,0,746,0,0.0000,0,0,0,0,0.0000,0,0,0,0,0.0000,0,0,0,0,0.0000,0,0,0,0,"2021-07-22 21:00:00"
"RocketReports","MINT0009",20.0000,1500,0,268,1232,0.0000,0,0,0,0,0.0000,0,0,0,0,0.0000,0,0,0,0,0.0000,0,0,0,0,"2021-07-22 21:00:00"
"RocketReports","MINT0010",20.0000,770,0,767,3,0.0000,0,0,0,0,0.0000,0,0,0,0,0.0000,0,0,0,0,0.0000,0,0,0,0,"2021-07-22 21:00:00"
"RocketReports","MINT0012",20.0000,6921,0,6886,35,0.0000,0,0,0,0,0.0000,0,0,0,0,0.0000,0,0,0,0,0.0000,0,0,0,0,"2021-07-22 21:00:00"
"RocketReports","MINT0014",20.0000,197,0,53,144,0.0000,0,0,0,0,0.0000,0,0,0,0,0.0000,0,0,0,0,0.0000,0,0,0,0,"2021-07-22 21:00:00"
"RocketReports","MINT0025",20.0000,843,0,655,188,0.0000,0,0,0,0,0.0000,0,0,0,0,0.0000,0,0,0,0,0.0000,0,0,0,0,"2021-07-22 21:00:00"
"RocketReports","MINT0026",20.0000,621,0,453,168,0.0000,0,0,0,0,0.0000,0,0,0,0,0.0000,0,0,0,0,0.0000,0,0,0,0,"2021-07-22 21:00:00"
"RocketReports","MINT0027",20.0000,1640,0,1449,191,0.0000,0,0,0,0,0.0000,0,0,0,0,0.0000,0,0,0,0,0.0000,0,0,0,0,"2021-07-22 21:00:00"
"RocketReports","MINT0028",20.0000,4237,0,3968,269,0.0000,0,0,0,0,0.0000,0,0,0,0,0.0000,0,0,0,0,0.0000,0,0,0,0,"2021-07-22 21:00:00"
"RocketReports","MINT0030",20.0000,234,0,166,68,0.0000,0,0,0,0,0.0000,0,0,0,0,0.0000,0,0,0,0,0.0000,0,0,0,0,"2021-07-22 21:00:00"
"RocketReports","MINT0031",20.0000,481,0,412,69,0.0000,0,0,0,0,0.0000,0,0,0,0,0.0000,0,0,0,0,0.0000,0,0,0,0,"2021-07-22 21:00:00"
"RocketReports","MINT0032",20.0000,231,0,213,18,0.0000,0,0,0,0,0.0000,0,0,0,0,0.0000,0,0,0,0,0.0000,0,0,0,0,"2021-07-22 21:00:00"
"RocketReports","MINT0034",20.0000,2816,0,2803,13,0.0000,0,0,0,0,0.0000,0,0,0,0,0.0000,0,0,0,0,0.0000,0,0,0,0,"2021-07-22 21:00:00"
"RocketReports","MINT0037",20.0000,100,0,58,42,0.0000,0,0,0,0,0.0000,0,0,0,0,0.0000,0,0,0,0,0.0000,0,0,0,0,"2021-07-22 21:00:00"
"RocketReports","MINT0040",20.0000,1040,0,884,156,0.0000,0,0,0,0,0.0000,0,0,0,0,0.0000,0,0,0,0,0.0000,0,0,0,0,"2021-07-22 21:00:00"
"RocketReports","MINT0041",20.0000,294,0,292,2,0.0000,0,0,0,0,0.0000,0,0,0,0,0.0000,0,0,0,0,0.0000,0,0,0,0,"2021-07-22 21:00:00"
"RocketReports","MINT0042",20.0000,722,0,149,573,0.0000,0,0,0,0,0.0000,0,0,0,0,0.0000,0,0,0,0,0.0000,0,0,0,0,"2021-07-22 21:00:00"
"RocketReports","MINT0043",20.0000,3798,0,3616,182,0.0000,0,0,0,0,0.0000,0,0,0,0,0.0000,0,0,0,0,0.0000,0,0,0,0,"2021-07-22 21:00:00"
"RocketReports","MINT0044",20.0000,1140,0,1047,93,0.0000,0,0,0,0,0.0000,0,0,0,0,0.0000,0,0,0,0,0.0000,0,0,0,0,"2021-07-22 21:00:00"
"RocketReports","MINT0046",20.0000,2363,0,2042,321,0.0000,0,0,0,0,0.0000,0,0,0,0,0.0000,0,0,0,0,0.0000,0,0,0,0,"2021-07-22 21:00:00"
"RocketReports","MINT0047",20.0000,16,0,15,1,0.0000,0,0,0,0,0.0000,0,0,0,0,0.0000,0,0,0,0,0.0000,0,0,0,0,"2021-07-22 21:00:00"
"RocketReports","MINT0048",20.0000,99,0,0,99,0.0000,0,0,0,0,0.0000,0,0,0,0,0.0000,0,0,0,0,0.0000,0,0,0,0,"2021-07-22 21:00:00"
"RocketReports","MINT0049",20.0000,700,0,510,190,0.0000,0,0,0,0,0.0000,0,0,0,0,0.0000,0,0,0,0,0.0000,0,0,0,0,"2021-07-22 21:00:00"
"RocketReports","MINT0050",20.0000,752,0,444,308,0.0000,0,0,0,0,0.0000,0,0,0,0,0.0000,0,0,0,0,0.0000,0,0,0,0,"2021-07-22 21:00:00"
"RocketReports","MINT0051",20.0000,472,0,471,1,0.0000,0,0,0,0,0.0000,0,0,0,0,0.0000,0,0,0,0,0.0000,0,0,0,0,"2021-07-22 21:00:00"
"RocketReports","MINT0052",20.0000,658,0,451,207,0.0000,0,0,0,0,0.0000,0,0,0,0,0.0000,0,0,0,0,0.0000,0,0,0,0,"2021-07-22 21:00:00"
"RocketReports","MINT0053",20.0000,4346,0,4191,155,0.0000,0,0,0,0,0.0000,0,0,0,0,0.0000,0,0,0,0,0.0000,0,0,0,0,"2021-07-22 21:00:00"
"RocketReports","MINT0054",20.0000,1052,0,776,276,0.0000,0,0,0,0,0.0000,0,0,0,0,0.0000,0,0,0,0,0.0000,0,0,0,0,"2021-07-22 21:00:00"
"RocketReports","MINT0055",20.0000,222,0,72,150,0.0000,0,0,0,0,0.0000,0,0,0,0,0.0000,0,0,0,0,0.0000,0,0,0,0,"2021-07-22 21:00:00"
"RocketReports","MINT0056",20.0000,353,0,126,227,0.0000,0,0,0,0,0.0000,0,0,0,0,0.0000,0,0,0,0,0.0000,0,0,0,0,"2021-07-22 21:00:00"
"RocketReports","MINT0057",20.0000,1924,0,1890,34,0.0000,0,0,0,0,0.0000,0,0,0,0,0.0000,0,0,0,0,0.0000,0,0,0,0,"2021-07-22 21:00:00"
"RocketReports","MINT0058",20.0000,6264,0,6239,25,0.0000,0,0,0,0,0.0000,0,0,0,0,0.0000,0,0,0,0,0.0000,0,0,0,0,"2021-07-22 21:00:00"
"RocketReports","MINT0059",20.0000,2554,0,2212,342,0.0000,0,0,0,0,0.0000,0,0,0,0,0.0000,0,0,0,0,0.0000,0,0,0,0,"2021-07-22 21:00:00"
"RocketReports","MINT0062",20.0000,664,0,45,619,0.0000,0,0,0,0,0.0000,0,0,0,0,0.0000,0,0,0,0,0.0000,0,0,0,0,"2021-07-22 21:00:00"
"RocketReports","MINT0063",20.0000,4078,0,3812,266,0.0000,0,0,0,0,0.0000,0,0,0,0,0.0000,0,0,0,0,0.0000,0,0,0,0,"2021-07-22 21:00:00"
"RocketReports","MINT0064",20.0000,285,0,182,103,0.0000,0,0,0,0,0.0000,0,0,0,0,0.0000,0,0,0,0,0.0000,0,0,0,0,"2021-07-22 21:00:00"
"RocketReports","MINT0065",20.0000,253,0,71,182,0.0000,0,0,0,0,0.0000,0,0,0,0,0.0000,0,0,0,0,0.0000,0,0,0,0,"2021-07-22 21:00:00"
"RocketReports","MINT0066",20.0000,3643,0,3525,118,0.0000,0,0,0,0,0.0000,0,0,0,0,0.0000,0,0,0,0,0.0000,0,0,0,0,"2021-07-22 21:00:00"
"RocketReports","MINT0067",20.0000,289,0,10,279,0.0000,0,0,0,0,0.0000,0,0,0,0,0.0000,0,0,0,0,0.0000,0,0,0,0,"2021-07-22 21:00:00"
"RocketReports","MINT0067",0.0000,0,0,0,0,50.0000,160,0,19,141,0.0000,0,0,0,0,0.0000,0,0,0,0,0.0000,0,0,0,0,"2021-07-22 21:00:00"
"RocketReports","MINT0068",20.0000,593,0,357,236,0.0000,0,0,0,0,0.0000,0,0,0,0,0.0000,0,0,0,0,0.0000,0,0,0,0,"2021-07-22 21:00:00"
"RocketReports","MINT0069",20.0000,800,0,56,744,0.0000,0,0,0,0,0.0000,0,0,0,0,0.0000,0,0,0,0,0.0000,0,0,0,0,"2021-07-22 21:00:00"
"RocketReports","MINT0069",0.0000,0,0,0,0,50.0000,376,0,32,344,0.0000,0,0,0,0,0.0000,0,0,0,0,0.0000,0,0,0,0,"2021-07-22 21:00:00"
"RocketReports","MINT0070",20.0000,14,0,1,13,0.0000,0,0,0,0,0.0000,0,0,0,0,0.0000,0,0,0,0,0.0000,0,0,0,0,"2021-07-22 21:00:00"
"RocketReports","MINT0100",20.0000,250,0,92,158,0.0000,0,0,0,0,0.0000,0,0,0,0,0.0000,0,0,0,0,0.0000,0,0,0,0,"2021-07-22 21:00:00"
"RocketReports","MINT0101",10.0000,436,0,196,240,0.0000,0,0,0,0,0.0000,0,0,0,0,0.0000,0,0,0,0,0.0000,0,0,0,0,"2021-07-22 21:00:00"
"RocketReports","MINT0102",20.0000,17,0,9,8,0.0000,0,0,0,0,0.0000,0,0,0,0,0.0000,0,0,0,0,0.0000,0,0,0,0,"2021-07-22 21:00:00"
"RocketReports","MINT0103",20.0000,76,0,31,45,0.0000,0,0,0,0,0.0000,0,0,0,0,0.0000,0,0,0,0,0.0000,0,0,0,0,"2021-07-22 21:00:00"
"RocketReports","MINT0104",20.0000,99,0,59,40,0.0000,0,0,0,0,0.0000,0,0,0,0,0.0000,0,0,0,0,0.0000,0,0,0,0,"2021-07-22 21:00:00"
"RocketReports","MINT0105",20.0000,85,0,0,85,0.0000,0,0,0,0,0.0000,0,0,0,0,0.0000,0,0,0,0,0.0000,0,0,0,0,"2021-07-22 21:00:00"
"RocketReports","MINT0106",20.0000,150,0,36,114,0.0000,0,0,0,0,0.0000,0,0,0,0,0.0000,0,0,0,0,0.0000,0,0,0,0,"2021-07-22 21:00:00"
"RocketReports","MINT0107",20.0000,3550,0,3504,46,0.0000,0,0,0,0,0.0000,0,0,0,0,0.0000,0,0,0,0,0.0000,0,0,0,0,"2021-07-22 21:00:00"
"RocketReports","MINT0108",20.0000,222,0,10,212,0.0000,0,0,0,0,0.0000,0,0,0,0,0.0000,0,0,0,0,0.0000,0,0,0,0,"2021-07-22 21:00:00"
"RocketReports","MINT0109",20.0000,150,0,19,131,0.0000,0,0,0,0,0.0000,0,0,0,0,0.0000,0,0,0,0,0.0000,0,0,0,0,"2021-07-22 21:00:00"
"RocketReports","MINT0110",20.0000,150,0,16,134,0.0000,0,0,0,0,0.0000,0,0,0,0,0.0000,0,0,0,0,0.0000,0,0,0,0,"2021-07-22 21:00:00"
"RocketReports","MINT0111",20.0000,319,0,183,136,0.0000,0,0,0,0,0.0000,0,0,0,0,0.0000,0,0,0,0,0.0000,0,0,0,0,"2021-07-22 21:00:00"
"RocketReports","MINT0112",20.0000,7780,0,7652,128,0.0000,0,0,0,0,0.0000,0,0,0,0,0.0000,0,0,0,0,0.0000,0,0,0,0,"2021-07-22 21:00:00"
"RocketReports","MINT0113",20.0000,249,0,120,129,0.0000,0,0,0,0,0.0000,0,0,0,0,0.0000,0,0,0,0,0.0000,0,0,0,0,"2021-07-22 21:00:00"
"RocketReports","MINT0115",20.0000,250,0,227,23,0.0000,0,0,0,0,0.0000,0,0,0,0,0.0000,0,0,0,0,0.0000,0,0,0,0,"2021-07-22 21:00:00"
"RocketReports","MINT0116",20.0000,207,0,155,52,0.0000,0,0,0,0,0.0000,0,0,0,0,0.0000,0,0,0,0,0.0000,0,0,0,0,"2021-07-22 21:00:00"
"RocketReports","MINT0117",20.0000,677,0,450,227,0.0000,0,0,0,0,0.0000,0,0,0,0,0.0000,0,0,0,0,0.0000,0,0,0,0,"2021-07-22 21:00:00"
"RocketReports","MINT0118",20.0000,288,0,132,156,0.0000,0,0,0,0,0.0000,0,0,0,0,0.0000,0,0,0,0,0.0000,0,0,0,0,"2021-07-22 21:00:00"
"RocketReports","MINT0119",20.0000,150,0,0,150,0.0000,0,0,0,0,0.0000,0,0,0,0,0.0000,0,0,0,0,0.0000,0,0,0,0,"2021-07-22 21:00:00"
"RocketReports","MINT0120",20.0000,109,0,28,81,0.0000,0,0,0,0,0.0000,0,0,0,0,0.0000,0,0,0,0,0.0000,0,0,0,0,"2021-07-22 21:00:00"
"RocketReports","MINT0121",20.0000,334,0,57,277,0.0000,0,0,0,0,0.0000,0,0,0,0,0.0000,0,0,0,0,0.0000,0,0,0,0,"2021-07-22 21:00:00"
"RocketReports","MINT0122",20.0000,250,0,125,125,0.0000,0,0,0,0,0.0000,0,0,0,0,0.0000,0,0,0,0,0.0000,0,0,0,0,"2021-07-22 21:00:00"
"RocketReports","MINT0123",20.0000,100,0,11,89,0.0000,0,0,0,0,0.0000,0,0,0,0,0.0000,0,0,0,0,0.0000,0,0,0,0,"2021-07-22 21:00:00"
"RocketReports","MINT0124",20.0000,125,0,31,94,0.0000,0,0,0,0,0.0000,0,0,0,0,0.0000,0,0,0,0,0.0000,0,0,0,0,"2021-07-22 21:00:00"
"RocketReports","MINT0125",20.0000,546,0,225,321,0.0000,0,0,0,0,0.0000,0,0,0,0,0.0000,0,0,0,0,0.0000,0,0,0,0,"2021-07-22 21:00:00"
"RocketReports","MINT0126",20.0000,150,0,15,135,0.0000,0,0,0,0,0.0000,0,0,0,0,0.0000,0,0,0,0,0.0000,0,0,0,0,"2021-07-22 21:00:00"
"RocketReports","MINT0127",20.0000,350,0,171,179,0.0000,0,0,0,0,0.0000,0,0,0,0,0.0000,0,0,0,0,0.0000,0,0,0,0,"2021-07-22 21:00:00"
"RocketReports","MINT0128",20.0000,100,0,29,71,0.0000,0,0,0,0,0.0000,0,0,0,0,0.0000,0,0,0,0,0.0000,0,0,0,0,"2021-07-22 21:00:00"
"RocketReports","MINT0129",20.0000,216,0,24,192,0.0000,0,0,0,0,0.0000,0,0,0,0,0.0000,0,0,0,0,0.0000,0,0,0,0,"2021-07-22 21:00:00"
"RocketReports","MINT0130",20.0000,100,0,1,99,0.0000,0,0,0,0,0.0000,0,0,0,0,0.0000,0,0,0,0,0.0000,0,0,0,0,"2021-07-22 21:00:00"
"RocketReports","MINT0131",20.0000,100,0,49,51,0.0000,0,0,0,0,0.0000,0,0,0,0,0.0000,0,0,0,0,0.0000,0,0,0,0,"2021-07-22 21:00:00"
"RocketReports","MINT0132",20.0000,100,0,1,99,0.0000,0,0,0,0,0.0000,0,0,0,0,0.0000,0,0,0,0,0.0000,0,0,0,0,"2021-07-22 21:00:00"
"RocketReports","MINT0133",20.0000,150,0,13,137,0.0000,0,0,0,0,0.0000,0,0,0,0,0.0000,0,0,0,0,0.0000,0,0,0,0,"2021-07-22 21:00:00"
"RocketReports","MINT0134",20.0000,50,0,50,0,0.0000,0,0,0,0,0.0000,0,0,0,0,0.0000,0,0,0,0,0.0000,0,0,0,0,"2021-07-22 21:00:00"
"RocketReports","MINT0135",20.0000,300,0,65,235,0.0000,0,0,0,0,0.0000,0,0,0,0,0.0000,0,0,0,0,0.0000,0,0,0,0,"2021-07-22 21:00:00"
"RocketReports","MINT0136",20.0000,464,0,40,424,0.0000,0,0,0,0,0.0000,0,0,0,0,0.0000,0,0,0,0,0.0000,0,0,0,0,"2021-07-22 21:00:00"
"RocketReports","MINT0137",20.0000,496,0,8,488,0.0000,0,0,0,0,0.0000,0,0,0,0,0.0000,0,0,0,0,0.0000,0,0,0,0,"2021-07-22 21:00:00"
"RocketReports","MINT0138",20.0000,150,0,80,70,0.0000,0,0,0,0,0.0000,0,0,0,0,0.0000,0,0,0,0,0.0000,0,0,0,0,"2021-07-22 21:00:00"
"RocketReports","MINT0139",20.0000,250,0,0,250,0.0000,0,0,0,0,0.0000,0,0,0,0,0.0000,0,0,0,0,0.0000,0,0,0,0,"2021-07-22 21:00:00"
"RocketReports","MINT0141",20.0000,150,0,0,150,0.0000,0,0,0,0,0.0000,0,0,0,0,0.0000,0,0,0,0,0.0000,0,0,0,0,"2021-07-22 21:00:00"
"RocketReports","MINT0142",20.0000,137,0,74,63,0.0000,0,0,0,0,0.0000,0,0,0,0,0.0000,0,0,0,0,0.0000,0,0,0,0,"2021-07-22 21:00:00"
"RocketReports","MINT0143",20.0000,250,0,30,220,0.0000,0,0,0,0,0.0000,0,0,0,0,0.0000,0,0,0,0,0.0000,0,0,0,0,"2021-07-22 21:00:00"
"RocketReports","MINT0144",20.0000,200,0,19,181,0.0000,0,0,0,0,0.0000,0,0,0,0,0.0000,0,0,0,0,0.0000,0,0,0,0,"2021-07-22 21:00:00"
"RocketReports","MINT0145",20.0000,109,0,94,15,0.0000,0,0,0,0,0.0000,0,0,0,0,0.0000,0,0,0,0,0.0000,0,0,0,0,"2021-07-22 21:00:00"
"RocketReports","MINT0146",20.0000,264,0,7,257,0.0000,0,0,0,0,0.0000,0,0,0,0,0.0000,0,0,0,0,0.0000,0,0,0,0,"2021-07-22 21:00:00"
"RocketReports","MINT0147",20.0000,100,0,33,67,0.0000,0,0,0,0,0.0000,0,0,0,0,0.0000,0,0,0,0,0.0000,0,0,0,0,"2021-07-22 21:00:00"
"RocketReports","MINT0148",20.0000,150,0,6,144,0.0000,0,0,0,0,0.0000,0,0,0,0,0.0000,0,0,0,0,0.0000,0,0,0,0,"2021-07-22 21:00:00"
"RocketReports","MINT0149",20.0000,150,0,61,89,0.0000,0,0,0,0,0.0000,0,0,0,0,0.0000,0,0,0,0,0.0000,0,0,0,0,"2021-07-22 21:00:00"
"RocketReports","MINT0150",20.0000,239,0,50,189,0.0000,0,0,0,0,0.0000,0,0,0,0,0.0000,0,0,0,0,0.0000,0,0,0,0,"2021-07-22 21:00:00"
"RocketReports","MINT0151",20.0000,34,0,26,8,0.0000,0,0,0,0,0.0000,0,0,0,0,0.0000,0,0,0,0,0.0000,0,0,0,0,"2021-07-22 21:00:00"
"RocketReports","MINT0152",20.0000,125,0,30,95,0.0000,0,0,0,0,0.0000,0,0,0,0,0.0000,0,0,0,0,0.0000,0,0,0,0,"2021-07-22 21:00:00"
"RocketReports","MINT0153",20.0000,100,0,25,75,0.0000,0,0,0,0,0.0000,0,0,0,0,0.0000,0,0,0,0,0.0000,0,0,0,0,"2021-07-22 21:00:00"
"RocketReports","MINT0154",20.0000,258,0,83,175,0.0000,0,0,0,0,0.0000,0,0,0,0,0.0000,0,0,0,0,0.0000,0,0,0,0,"2021-07-22 21:00:00"
"RocketReports","MINT0155",20.0000,207,0,148,59,0.0000,0,0,0,0,0.0000,0,0,0,0,0.0000,0,0,0,0,0.0000,0,0,0,0,"2021-07-22 21:00:00"
"RocketReports","MINT0155",0.0000,0,0,0,0,5.0000,26,0,10,16,0.0000,0,0,0,0,0.0000,0,0,0,0,0.0000,0,0,0,0,"2021-07-22 21:00:00"
"RocketReports","MINT0156",20.0000,121,0,12,109,0.0000,0,0,0,0,0.0000,0,0,0,0,0.0000,0,0,0,0,0.0000,0,0,0,0,"2021-07-22 21:00:00"
"RocketReports","MINT0157",20.0000,1975,0,1957,18,0.0000,0,0,0,0,0.0000,0,0,0,0,0.0000,0,0,0,0,0.0000,0,0,0,0,"2021-07-22 21:00:00"
"RocketReports","MINT0160",20.0000,193,0,4,189,0.0000,0,0,0,0,0.0000,0,0,0,0,0.0000,0,0,0,0,0.0000,0,0,0,0,"2021-07-22 21:00:00"
"RocketReports","MINT0161",20.0000,250,0,98,152,0.0000,0,0,0,0,0.0000,0,0,0,0,0.0000,0,0,0,0,0.0000,0,0,0,0,"2021-07-22 21:00:00"
"RocketReports","MINT0162",20.0000,100,0,0,100,0.0000,0,0,0,0,0.0000,0,0,0,0,0.0000,0,0,0,0,0.0000,0,0,0,0,"2021-07-22 21:00:00"
"RocketReports","MINT0163",10.0000,498,0,106,392,0.0000,0,0,0,0,0.0000,0,0,0,0,0.0000,0,0,0,0,0.0000,0,0,0,0,"2021-07-22 21:00:00"
"RocketReports","MINT0163",0.0000,0,0,0,0,20.0000,100,0,100,0,0.0000,0,0,0,0,0.0000,0,0,0,0,0.0000,0,0,0,0,"2021-07-22 21:00:00"
"RocketReports","MINT0201",20.0000,135,0,66,69,0.0000,0,0,0,0,0.0000,0,0,0,0,0.0000,0,0,0,0,0.0000,0,0,0,0,"2021-07-22 21:00:00"
"RocketReports","MINT0203",20.0000,50,0,5,45,0.0000,0,0,0,0,0.0000,0,0,0,0,0.0000,0,0,0,0,0.0000,0,0,0,0,"2021-07-22 21:00:00"
"RocketReports","MINT0204",20.0000,109,0,12,97,0.0000,0,0,0,0,0.0000,0,0,0,0,0.0000,0,0,0,0,0.0000,0,0,0,0,"2021-07-22 21:00:00"
"RocketReports","MINT0205",20.0000,398,0,396,2,0.0000,0,0,0,0,0.0000,0,0,0,0,0.0000,0,0,0,0,0.0000,0,0,0,0,"2021-07-22 21:00:00"
"RocketReports","MINT0206",20.0000,300,0,36,264,0.0000,0,0,0,0,0.0000,0,0,0,0,0.0000,0,0,0,0,0.0000,0,0,0,0,"2021-07-22 21:00:00"
"RocketReports","MINT0207",20.0000,348,0,15,333,0.0000,0,0,0,0,0.0000,0,0,0,0,0.0000,0,0,0,0,0.0000,0,0,0,0,"2021-07-22 21:00:00"
"RocketReports","MINT0208",20.0000,400,0,113,287,0.0000,0,0,0,0,0.0000,0,0,0,0,0.0000,0,0,0,0,0.0000,0,0,0,0,"2021-07-22 21:00:00"
"RocketReports","MINT0209",20.0000,400,0,96,304,0.0000,0,0,0,0,0.0000,0,0,0,0,0.0000,0,0,0,0,0.0000,0,0,0,0,"2021-07-22 21:00:00"
"RocketReports","MINT0304",20.0000,200,0,70,130,0.0000,0,0,0,0,0.0000,0,0,0,0,0.0000,0,0,0,0,0.0000,0,0,0,0,"2021-07-22 21:00:00"
"RocketReports","MINT0305",20.0000,565,0,43,522,0.0000,0,0,0,0,0.0000,0,0,0,0,0.0000,0,0,0,0,0.0000,0,0,0,0,"2021-07-22 21:00:00"
"RocketReports","MINT0306",20.0000,278,0,87,191,0.0000,0,0,0,0,0.0000,0,0,0,0,0.0000,0,0,0,0,0.0000,0,0,0,0,"2021-07-22 21:00:00"
"RocketReports","MINT0308",20.0000,540,0,459,81,0.0000,0,0,0,0,0.0000,0,0,0,0,0.0000,0,0,0,0,0.0000,0,0,0,0,"2021-07-22 21:00:00"
"RocketReports","MINT0350",20.0000,1394,0,1240,154,0.0000,0,0,0,0,0.0000,0,0,0,0,0.0000,0,0,0,0,0.0000,0,0,0,0,"2021-07-22 21:00:00"
"RocketReports","MINT0351",20.0000,499,0,274,225,0.0000,0,0,0,0,0.0000,0,0,0,0,0.0000,0,0,0,0,0.0000,0,0,0,0,"2021-07-22 21:00:00"
"RocketReports","MINT0352",20.0000,375,0,139,236,0.0000,0,0,0,0,0.0000,0,0,0,0,0.0000,0,0,0,0,0.0000,0,0,0,0,"2021-07-22 21:00:00"
"RocketReports","MINT0353",20.0000,700,0,59,641,0.0000,0,0,0,0,0.0000,0,0,0,0,0.0000,0,0,0,0,0.0000,0,0,0,0,"2021-07-22 21:00:00"
"RocketReports","MINT0355",20.0000,359,0,133,226,0.0000,0,0,0,0,0.0000,0,0,0,0,0.0000,0,0,0,0,0.0000,0,0,0,0,"2021-07-22 21:00:00"
"RocketReports","MINT0356",20.0000,400,0,177,223,0.0000,0,0,0,0,0.0000,0,0,0,0,0.0000,0,0,0,0,0.0000,0,0,0,0,"2021-07-22 21:00:00"
"RocketReports","MINT0357",20.0000,300,0,72,228,0.0000,0,0,0,0,0.0000,0,0,0,0,0.0000,0,0,0,0,0.0000,0,0,0,0,"2021-07-22 21:00:00"
"RocketReports","MINT0358",20.0000,0,0,0,0,0.0000,0,0,0,0,0.0000,0,0,0,0,0.0000,0,0,0,0,0.0000,0,0,0,0,"2021-07-22 21:00:00"
"RocketReports","MINT0359",20.0000,7836,0,7490,346,0.0000,0,0,0,0,0.0000,0,0,0,0,0.0000,0,0,0,0,0.0000,0,0,0,0,"2021-07-22 21:00:00"
"RocketReports","MINT0360",20.0000,400,0,222,178,0.0000,0,0,0,0,0.0000,0,0,0,0,0.0000,0,0,0,0,0.0000,0,0,0,0,"2021-07-22 21:00:00"
"RocketReports","MINT0400",20.0000,33,0,18,15,0.0000,0,0,0,0,0.0000,0,0,0,0,0.0000,0,0,0,0,0.0000,0,0,0,0,"2021-07-22 21:00:00"
"RocketReports","MINT0401",20.0000,95,0,26,69,0.0000,0,0,0,0,0.0000,0,0,0,0,0.0000,0,0,0,0,0.0000,0,0,0,0,"2021-07-22 21:00:00"
"RocketReports","MINT0402",20.0000,113,0,10,103,0.0000,0,0,0,0,0.0000,0,0,0,0,0.0000,0,0,0,0,0.0000,0,0,0,0,"2021-07-22 21:00:00"
"RocketReports","MINT0403",20.0000,86,0,35,51,0.0000,0,0,0,0,0.0000,0,0,0,0,0.0000,0,0,0,0,0.0000,0,0,0,0,"2021-07-22 21:00:00"
"RocketReports","MINT0404",20.0000,41,0,0,41,0.0000,0,0,0,0,0.0000,0,0,0,0,0.0000,0,0,0,0,0.0000,0,0,0,0,"2021-07-22 21:00:00"
"RocketReports","MINT0405",20.0000,28,0,5,23,0.0000,0,0,0,0,0.0000,0,0,0,0,0.0000,0,0,0,0,0.0000,0,0,0,0,"2021-07-22 21:00:00"
"RocketReports","MINT0406",20.0000,68,0,12,56,0.0000,0,0,0,0,0.0000,0,0,0,0,0.0000,0,0,0,0,0.0000,0,0,0,0,"2021-07-22 21:00:00"
"RocketReports","MINT0407",20.0000,113,0,14,99,0.0000,0,0,0,0,0.0000,0,0,0,0,0.0000,0,0,0,0,0.0000,0,0,0,0,"2021-07-22 21:00:00"
"RocketReports","MINT0408",20.0000,25,0,2,23,0.0000,0,0,0,0,0.0000,0,0,0,0,0.0000,0,0,0,0,0.0000,0,0,0,0,"2021-07-22 21:00:00"
"RocketReports","MINT0409",20.0000,150,0,2,148,0.0000,0,0,0,0,0.0000,0,0,0,0,0.0000,0,0,0,0,0.0000,0,0,0,0,"2021-07-22 21:00:00"
"RocketReports","MINT0410",20.0000,25,0,25,0,0.0000,0,0,0,0,0.0000,0,0,0,0,0.0000,0,0,0,0,0.0000,0,0,0,0,"2021-07-22 21:00:00"
"RocketReports","MINT0411",20.0000,146,0,146,0,0.0000,0,0,0,0,0.0000,0,0,0,0,0.0000,0,0,0,0,0.0000,0,0,0,0,"2021-07-22 21:00:00"
"RocketReports","MINT0412",20.0000,77,0,13,64,0.0000,0,0,0,0,0.0000,0,0,0,0,0.0000,0,0,0,0,0.0000,0,0,0,0,"2021-07-22 21:00:00"
"RocketReports","MINT0413",20.0000,120,0,12,108,0.0000,0,0,0,0,0.0000,0,0,0,0,0.0000,0,0,0,0,0.0000,0,0,0,0,"2021-07-22 21:00:00"
"RocketReports","MINT0414",20.0000,100,0,100,0,0.0000,0,0,0,0,0.0000,0,0,0,0,0.0000,0,0,0,0,0.0000,0,0,0,0,"2021-07-22 21:00:00"
"RocketReports","MINT0415",20.0000,61,0,7,54,0.0000,0,0,0,0,0.0000,0,0,0,0,0.0000,0,0,0,0,0.0000,0,0,0,0,"2021-07-22 21:00:00"
"RocketReports","MINT0416",20.0000,83,0,0,83,0.0000,0,0,0,0,0.0000,0,0,0,0,0.0000,0,0,0,0,0.0000,0,0,0,0,"2021-07-22 21:00:00"
"RocketReports","MINT0417",20.0000,40,0,6,34,0.0000,0,0,0,0,0.0000,0,0,0,0,0.0000,0,0,0,0,0.0000,0,0,0,0,"2021-07-22 21:00:00"
"RocketReports","MINT0418",20.0000,58,0,0,58,0.0000,0,0,0,0,0.0000,0,0,0,0,0.0000,0,0,0,0,0.0000,0,0,0,0,"2021-07-22 21:00:00"
"RocketReports","MINT0494",20.0000,3437,0,3212,225,0.0000,0,0,0,0,0.0000,0,0,0,0,0.0000,0,0,0,0,0.0000,0,0,0,0,"2021-07-22 21:00:00"
"RocketReports","MINT0495",20.0000,509,0,339,170,0.0000,0,0,0,0,0.0000,0,0,0,0,0.0000,0,0,0,0,0.0000,0,0,0,0,"2021-07-22 21:00:00"
"RocketReports","MINT0496",20.0000,1489,0,1183,306,0.0000,0,0,0,0,0.0000,0,0,0,0,0.0000,0,0,0,0,0.0000,0,0,0,0,"2021-07-22 21:00:00"
"RocketReports","MINT0497",20.0000,5887,0,5787,100,0.0000,0,0,0,0,0.0000,0,0,0,0,0.0000,0,0,0,0,0.0000,0,0,0,0,"2021-07-22 21:00:00"
"RocketReports","MINT0498",20.0000,1629,0,1550,79,0.0000,0,0,0,0,0.0000,0,0,0,0,0.0000,0,0,0,0,0.0000,0,0,0,0,"2021-07-22 21:00:00"
"RocketReports","MINT0499",20.0000,841,0,841,0,0.0000,0,0,0,0,0.0000,0,0,0,0,0.0000,0,0,0,0,0.0000,0,0,0,0,"2021-07-22 21:00:00"
"RocketReports","MINT0501",20.0000,3261,0,3213,48,0.0000,0,0,0,0,0.0000,0,0,0,0,0.0000,0,0,0,0,0.0000,0,0,0,0,"2021-07-22 21:00:00"
"RocketReports","MINT0503",20.0000,4264,0,3544,720,0.0000,0,0,0,0,0.0000,0,0,0,0,0.0000,0,0,0,0,0.0000,0,0,0,0,"2021-07-22 21:00:00"
"RocketReports","MINT0504",20.0000,407,0,403,4,0.0000,0,0,0,0,0.0000,0,0,0,0,0.0000,0,0,0,0,0.0000,0,0,0,0,"2021-07-22 21:00:00"
"RocketReports","MINT0508",20.0000,8918,0,8549,369,0.0000,0,0,0,0,0.0000,0,0,0,0,0.0000,0,0,0,0,0.0000,0,0,0,0,"2021-07-22 21:00:00"
"RocketReports","MINT0509",20.0000,775,0,745,30,0.0000,0,0,0,0,0.0000,0,0,0,0,0.0000,0,0,0,0,0.0000,0,0,0,0,"2021-07-22 21:00:00"
"RocketReports","MINT0509",0.0000,0,0,0,0,10.0000,0,0,0,0,0.0000,0,0,0,0,0.0000,0,0,0,0,0.0000,0,0,0,0,"2021-07-22 21:00:00"
"RocketReports","MINT0519",20.0000,84,0,13,71,0.0000,0,0,0,0,0.0000,0,0,0,0,0.0000,0,0,0,0,0.0000,0,0,0,0,"2021-07-22 21:00:00"
"RocketReports","MINT0520",20.0000,600,0,9,591,0.0000,0,0,0,0,0.0000,0,0,0,0,0.0000,0,0,0,0,0.0000,0,0,0,0,"2021-07-22 21:00:00"
"RocketReports","MINT0527",20.0000,76,0,39,37,0.0000,0,0,0,0,0.0000,0,0,0,0,0.0000,0,0,0,0,0.0000,0,0,0,0,"2021-07-22 21:00:00"
"RocketReports","MINT0529",20.0000,190,0,166,24,0.0000,0,0,0,0,0.0000,0,0,0,0,0.0000,0,0,0,0,0.0000,0,0,0,0,"2021-07-22 21:00:00"
"RocketReports","MINT0531",20.0000,2101,0,2028,73,0.0000,0,0,0,0,0.0000,0,0,0,0,0.0000,0,0,0,0,0.0000,0,0,0,0,"2021-07-22 21:00:00"
"RocketReports","MINT0532",20.0000,5564,0,5014,550,0.0000,0,0,0,0,0.0000,0,0,0,0,0.0000,0,0,0,0,0.0000,0,0,0,0,"2021-07-22 21:00:00"
"RocketReports","MINT0533",10.0000,0,0,0,0,0.0000,0,0,0,0,0.0000,0,0,0,0,0.0000,0,0,0,0,0.0000,0,0,0,0,"2021-07-22 21:00:00"
"RocketReports","MINT0533",0.0000,0,0,0,0,20.0000,2316,0,2070,246,0.0000,0,0,0,0,0.0000,0,0,0,0,0.0000,0,0,0,0,"2021-07-22 21:00:00"
"RocketReports","MINT0534",20.0000,304,0,217,87,0.0000,0,0,0,0,0.0000,0,0,0,0,0.0000,0,0,0,0,0.0000,0,0,0,0,"2021-07-22 21:00:00"
"RocketReports","MINT0535",20.0000,93,0,16,77,0.0000,0,0,0,0,0.0000,0,0,0,0,0.0000,0,0,0,0,0.0000,0,0,0,0,"2021-07-22 21:00:00"
"RocketReports","MINT0536",20.0000,300,0,211,89,0.0000,0,0,0,0,0.0000,0,0,0,0,0.0000,0,0,0,0,0.0000,0,0,0,0,"2021-07-22 21:00:00"
"RocketReports","MINT0537",20.0000,317,0,96,221,0.0000,0,0,0,0,0.0000,0,0,0,0,0.0000,0,0,0,0,0.0000,0,0,0,0,"2021-07-22 21:00:00"
"RocketReports","MINT0538",20.0000,731,0,725,6,0.0000,0,0,0,0,0.0000,0,0,0,0,0.0000,0,0,0,0,0.0000,0,0,0,0,"2021-07-22 21:00:00"
"RocketReports","MINT0539",20.0000,1357,0,1226,131,0.0000,0,0,0,0,0.0000,0,0,0,0,0.0000,0,0,0,0,0.0000,0,0,0,0,"2021-07-22 21:00:00"
"RocketReports","MINT0540",20.0000,35,0,35,0,0.0000,0,0,0,0,0.0000,0,0,0,0,0.0000,0,0,0,0,0.0000,0,0,0,0,"2021-07-22 21:00:00"
"RocketReports","MINT0542",20.0000,200,0,89,111,0.0000,0,0,0,0,0.0000,0,0,0,0,0.0000,0,0,0,0,0.0000,0,0,0,0,"2021-07-22 21:00:00"
"RocketReports","MINT0543",20.0000,118,0,78,40,0.0000,0,0,0,0,0.0000,0,0,0,0,0.0000,0,0,0,0,0.0000,0,0,0,0,"2021-07-22 21:00:00"
"RocketReports","MINT0544",20.0000,10,0,0,10,0.0000,0,0,0,0,0.0000,0,0,0,0,0.0000,0,0,0,0,0.0000,0,0,0,0,"2021-07-22 21:00:00"
"RocketReports","MINT0545",20.0000,375,0,210,165,0.0000,0,0,0,0,0.0000,0,0,0,0,0.0000,0,0,0,0,0.0000,0,0,0,0,"2021-07-22 21:00:00"
"RocketReports","MINT0546",20.0000,76,0,11,65,0.0000,0,0,0,0,0.0000,0,0,0,0,0.0000,0,0,0,0,0.0000,0,0,0,0,"2021-07-22 21:00:00"
"RocketReports","MINT0547",20.0000,396,0,275,121,0.0000,0,0,0,0,0.0000,0,0,0,0,0.0000,0,0,0,0,0.0000,0,0,0,0,"2021-07-22 21:00:00"
"RocketReports","MINT0548",20.0000,1100,0,989,111,0.0000,0,0,0,0,0.0000,0,0,0,0,0.0000,0,0,0,0,0.0000,0,0,0,0,"2021-07-22 21:00:00"
"RocketReports","MINT0549",20.0000,1498,0,1490,8,0.0000,0,0,0,0,0.0000,0,0,0,0,0.0000,0,0,0,0,0.0000,0,0,0,0,"2021-07-22 21:00:00"
"RocketReports","MINT0550",20.0000,158,0,72,86,0.0000,0,0,0,0,0.0000,0,0,0,0,0.0000,0,0,0,0,0.0000,0,0,0,0,"2021-07-22 21:00:00"
"RocketReports","MINT0551",20.0000,310,0,241,69,0.0000,0,0,0,0,0.0000,0,0,0,0,0.0000,0,0,0,0,0.0000,0,0,0,0,"2021-07-22 21:00:00"
"RocketReports","MINT0552",20.0000,148,0,0,148,0.0000,0,0,0,0,0.0000,0,0,0,0,0.0000,0,0,0,0,0.0000,0,0,0,0,"2021-07-22 21:00:00"
"RocketReports","MINT0553",20.0000,1098,0,1062,36,0.0000,0,0,0,0,0.0000,0,0,0,0,0.0000,0,0,0,0,0.0000,0,0,0,0,"2021-07-22 21:00:00"
"RocketReports","MINT0554",20.0000,1200,0,1114,86,0.0000,0,0,0,0,0.0000,0,0,0,0,0.0000,0,0,0,0,0.0000,0,0,0,0,"2021-07-22 21:00:00"
"RocketReports","MINT0555",20.0000,200,0,86,114,0.0000,0,0,0,0,0.0000,0,0,0,0,0.0000,0,0,0,0,0.0000,0,0,0,0,"2021-07-22 21:00:00"
"RocketReports","MINT0556",20.0000,2703,0,2614,89,0.0000,0,0,0,0,0.0000,0,0,0,0,0.0000,0,0,0,0,0.0000,0,0,0,0,"2021-07-22 21:00:00"
"RocketReports","MINT0557",20.0000,31,0,11,20,0.0000,0,0,0,0,0.0000,0,0,0,0,0.0000,0,0,0,0,0.0000,0,0,0,0,"2021-07-22 21:00:00"
"RocketReports","MINT0558",20.0000,651,0,586,65,0.0000,0,0,0,0,0.0000,0,0,0,0,0.0000,0,0,0,0,0.0000,0,0,0,0,"2021-07-22 21:00:00"
"RocketReports","MINT0559",20.0000,38,0,36,2,0.0000,0,0,0,0,0.0000,0,0,0,0,0.0000,0,0,0,0,0.0000,0,0,0,0,"2021-07-22 21:00:00"
"RocketReports","MINT0560",20.0000,740,0,684,56,0.0000,0,0,0,0,0.0000,0,0,0,0,0.0000,0,0,0,0,0.0000,0,0,0,0,"2021-07-22 21:00:00"
"RocketReports","MINT0561",20.0000,105,0,105,0,0.0000,0,0,0,0,0.0000,0,0,0,0,0.0000,0,0,0,0,0.0000,0,0,0,0,"2021-07-22 21:00:00"
"RocketReports","MINT0562",20.0000,5600,0,5406,194,0.0000,0,0,0,0,0.0000,0,0,0,0,0.0000,0,0,0,0,0.0000,0,0,0,0,"2021-07-22 21:00:00"
"RocketReports","MINT0563",20.0000,1285,0,1083,202,0.0000,0,0,0,0,0.0000,0,0,0,0,0.0000,0,0,0,0,0.0000,0,0,0,0,"2021-07-22 21:00:00"
"RocketReports","MINT0564",20.0000,3237,0,3129,108,0.0000,0,0,0,0,0.0000,0,0,0,0,0.0000,0,0,0,0,0.0000,0,0,0,0,"2021-07-22 21:00:00"
"RocketReports","MINT0565",20.0000,241,0,240,1,0.0000,0,0,0,0,0.0000,0,0,0,0,0.0000,0,0,0,0,0.0000,0,0,0,0,"2021-07-22 21:00:00"
"RocketReports","MINT0566",20.0000,510,0,445,65,0.0000,0,0,0,0,0.0000,0,0,0,0,0.0000,0,0,0,0,0.0000,0,0,0,0,"2021-07-22 21:00:00"
"RocketReports","MINT0567",20.0000,2889,0,2705,184,0.0000,0,0,0,0,0.0000,0,0,0,0,0.0000,0,0,0,0,0.0000,0,0,0,0,"2021-07-22 21:00:00"
"RocketReports","MINT0568",20.0000,350,0,261,89,0.0000,0,0,0,0,0.0000,0,0,0,0,0.0000,0,0,0,0,0.0000,0,0,0,0,"2021-07-22 21:00:00"
"RocketReports","MINT0569",20.0000,9595,0,9353,242,0.0000,0,0,0,0,0.0000,0,0,0,0,0.0000,0,0,0,0,0.0000,0,0,0,0,"2021-07-22 21:00:00"
"RocketReports","MINT0570",20.0000,5996,0,5690,306,0.0000,0,0,0,0,0.0000,0,0,0,0,0.0000,0,0,0,0,0.0000,0,0,0,0,"2021-07-22 21:00:00"
"RocketReports","MINT0571",20.0000,2818,0,2605,213,0.0000,0,0,0,0,0.0000,0,0,0,0,0.0000,0,0,0,0,0.0000,0,0,0,0,"2021-07-22 21:00:00"
"RocketReports","MINT0572",20.0000,5241,0,5055,186,0.0000,0,0,0,0,0.0000,0,0,0,0,0.0000,0,0,0,0,0.0000,0,0,0,0,"2021-07-22 21:00:00"
"RocketReports","MINT0573",20.0000,1200,0,990,210,0.0000,0,0,0,0,0.0000,0,0,0,0,0.0000,0,0,0,0,0.0000,0,0,0,0,"2021-07-22 21:00:00"
"RocketReports","MINT0574",20.0000,6416,0,6116,300,0.0000,0,0,0,0,0.0000,0,0,0,0,0.0000,0,0,0,0,0.0000,0,0,0,0,"2021-07-22 21:00:00"
"RocketReports","MINT0575",20.0000,25,0,0,25,0.0000,0,0,0,0,0.0000,0,0,0,0,0.0000,0,0,0,0,0.0000,0,0,0,0,"2021-07-22 21:00:00"
"RocketReports","MINT0576",20.0000,366,0,366,0,0.0000,0,0,0,0,0.0000,0,0,0,0,0.0000,0,0,0,0,0.0000,0,0,0,0,"2021-07-22 21:00:00"
"RocketReports","MINT0577",20.0000,515,0,472,43,0.0000,0,0,0,0,0.0000,0,0,0,0,0.0000,0,0,0,0,0.0000,0,0,0,0,"2021-07-22 21:00:00"
"RocketReports","MINT0578",20.0000,73,0,0,73,0.0000,0,0,0,0,0.0000,0,0,0,0,0.0000,0,0,0,0,0.0000,0,0,0,0,"2021-07-22 21:00:00"
"RocketReports","MINT0579",20.0000,20,0,20,0,0.0000,0,0,0,0,0.0000,0,0,0,0,0.0000,0,0,0,0,0.0000,0,0,0,0,"2021-07-22 21:00:00"
"RocketReports","MINT0580",20.0000,200,0,5,195,0.0000,0,0,0,0,0.0000,0,0,0,0,0.0000,0,0,0,0,0.0000,0,0,0,0,"2021-07-22 21:00:00"
"RocketReports","MINT0581",20.0000,400,0,212,188,0.0000,0,0,0,0,0.0000,0,0,0,0,0.0000,0,0,0,0,0.0000,0,0,0,0,"2021-07-22 21:00:00"
"RocketReports","MINT0582",20.0000,393,0,214,179,0.0000,0,0,0,0,0.0000,0,0,0,0,0.0000,0,0,0,0,0.0000,0,0,0,0,"2021-07-22 21:00:00"
"RocketReports","MINT0583",20.0000,43,0,8,35,0.0000,0,0,0,0,0.0000,0,0,0,0,0.0000,0,0,0,0,0.0000,0,0,0,0,"2021-07-22 21:00:00"
"RocketReports","MINT0584",20.0000,115,0,51,64,0.0000,0,0,0,0,0.0000,0,0,0,0,0.0000,0,0,0,0,0.0000,0,0,0,0,"2021-07-22 21:00:00"
"RocketReports","MINT0585",20.0000,5575,0,5375,200,0.0000,0,0,0,0,0.0000,0,0,0,0,0.0000,0,0,0,0,0.0000,0,0,0,0,"2021-07-22 21:00:00"
"RocketReports","MINT0586",20.0000,1046,0,1006,40,0.0000,0,0,0,0,0.0000,0,0,0,0,0.0000,0,0,0,0,0.0000,0,0,0,0,"2021-07-22 21:00:00"
"RocketReports","MINT0587",20.0000,25,0,0,25,0.0000,0,0,0,0,0.0000,0,0,0,0,0.0000,0,0,0,0,0.0000,0,0,0,0,"2021-07-22 21:00:00"
"RocketReports","MINT0588",20.0000,115,0,115,0,0.0000,0,0,0,0,0.0000,0,0,0,0,0.0000,0,0,0,0,0.0000,0,0,0,0,"2021-07-22 21:00:00"
"RocketReports","MINT0589",20.0000,150,0,132,18,0.0000,0,0,0,0,0.0000,0,0,0,0,0.0000,0,0,0,0,0.0000,0,0,0,0,"2021-07-22 21:00:00"
"RocketReports","MINT0590",20.0000,705,0,643,62,0.0000,0,0,0,0,0.0000,0,0,0,0,0.0000,0,0,0,0,0.0000,0,0,0,0,"2021-07-22 21:00:00"
"RocketReports","MINT0591",20.0000,350,0,282,68,0.0000,0,0,0,0,0.0000,0,0,0,0,0.0000,0,0,0,0,0.0000,0,0,0,0,"2021-07-22 21:00:00"
"RocketReports","MINT0592",20.0000,79,0,19,60,0.0000,0,0,0,0,0.0000,0,0,0,0,0.0000,0,0,0,0,0.0000,0,0,0,0,"2021-07-22 21:00:00"
"RocketReports","MINT0593",20.0000,91,0,13,78,0.0000,0,0,0,0,0.0000,0,0,0,0,0.0000,0,0,0,0,0.0000,0,0,0,0,"2021-07-22 21:00:00"
"RocketReports","MINT0594",20.0000,120,0,7,113,0.0000,0,0,0,0,0.0000,0,0,0,0,0.0000,0,0,0,0,0.0000,0,0,0,0,"2021-07-22 21:00:00"
"RocketReports","MINT0595",20.0000,103,0,1,102,0.0000,0,0,0,0,0.0000,0,0,0,0,0.0000,0,0,0,0,0.0000,0,0,0,0,"2021-07-22 21:00:00"
"RocketReports","MINT0596",20.0000,4001,0,3638,363,0.0000,0,0,0,0,0.0000,0,0,0,0,0.0000,0,0,0,0,0.0000,0,0,0,0,"2021-07-22 21:00:00"
"RocketReports","MINT0597",20.0000,54,0,12,42,0.0000,0,0,0,0,0.0000,0,0,0,0,0.0000,0,0,0,0,0.0000,0,0,0,0,"2021-07-22 21:00:00"
"RocketReports","MINT0598",20.0000,72,0,19,53,0.0000,0,0,0,0,0.0000,0,0,0,0,0.0000,0,0,0,0,0.0000,0,0,0,0,"2021-07-22 21:00:00"
"RocketReports","MINT0599",20.0000,5552,0,5182,370,0.0000,0,0,0,0,0.0000,0,0,0,0,0.0000,0,0,0,0,0.0000,0,0,0,0,"2021-07-22 21:00:00"
"RocketReports","MINT0600",20.0000,149,0,49,100,0.0000,0,0,0,0,0.0000,0,0,0,0,0.0000,0,0,0,0,0.0000,0,0,0,0,"2021-07-22 21:00:00"
"RocketReports","MINT0601",20.0000,578,0,533,45,0.0000,0,0,0,0,0.0000,0,0,0,0,0.0000,0,0,0,0,0.0000,0,0,0,0,"2021-07-22 21:00:00"
"RocketReports","MINT0602",20.0000,696,0,567,129,0.0000,0,0,0,0,0.0000,0,0,0,0,0.0000,0,0,0,0,0.0000,0,0,0,0,"2021-07-22 21:00:00"
"RocketReports","MINT0603",20.0000,20,0,0,20,0.0000,0,0,0,0,0.0000,0,0,0,0,0.0000,0,0,0,0,0.0000,0,0,0,0,"2021-07-22 21:00:00"
"RocketReports","MINT0604",20.0000,245,0,189,56,0.0000,0,0,0,0,0.0000,0,0,0,0,0.0000,0,0,0,0,0.0000,0,0,0,0,"2021-07-22 21:00:00"
"RocketReports","MINT0606",20.0000,378,0,339,39,0.0000,0,0,0,0,0.0000,0,0,0,0,0.0000,0,0,0,0,0.0000,0,0,0,0,"2021-07-22 21:00:00"
"RocketReports","MINT0608",20.0000,548,0,497,51,0.0000,0,0,0,0,0.0000,0,0,0,0,0.0000,0,0,0,0,0.0000,0,0,0,0,"2021-07-22 21:00:00"
"RocketReports","MINT0609",20.0000,375,0,216,159,0.0000,0,0,0,0,0.0000,0,0,0,0,0.0000,0,0,0,0,0.0000,0,0,0,0,"2021-07-22 21:00:00"
"RocketReports","MINT0610",20.0000,643,0,168,475,0.0000,0,0,0,0,0.0000,0,0,0,0,0.0000,0,0,0,0,0.0000,0,0,0,0,"2021-07-22 21:00:00"
"RocketReports","MINT0611",20.0000,1412,0,1387,25,0.0000,0,0,0,0,0.0000,0,0,0,0,0.0000,0,0,0,0,0.0000,0,0,0,0,"2021-07-22 21:00:00"
"RocketReports","MINT0614",20.0000,355,0,355,0,0.0000,0,0,0,0,0.0000,0,0,0,0,0.0000,0,0,0,0,0.0000,0,0,0,0,"2021-07-22 21:00:00"
"RocketReports","MINT0615",20.0000,48,0,15,33,0.0000,0,0,0,0,0.0000,0,0,0,0,0.0000,0,0,0,0,0.0000,0,0,0,0,"2021-07-22 21:00:00"
"RocketReports","MINT0707",20.0000,406,0,359,47,0.0000,0,0,0,0,0.0000,0,0,0,0,0.0000,0,0,0,0,0.0000,0,0,0,0,"2021-07-22 21:00:00"
"RocketReports","MINT0709",20.0000,927,0,925,2,0.0000,0,0,0,0,0.0000,0,0,0,0,0.0000,0,0,0,0,0.0000,0,0,0,0,"2021-07-22 21:00:00"
"RocketReports","MINT0820",20.0000,100,0,100,0,0.0000,0,0,0,0,0.0000,0,0,0,0,0.0000,0,0,0,0,0.0000,0,0,0,0,"2021-07-22 21:00:00"
"RocketReports","MINT0900",20.0000,85,0,51,34,0.0000,0,0,0,0,0.0000,0,0,0,0,0.0000,0,0,0,0,0.0000,0,0,0,0,"2021-07-22 21:00:00"
"RocketReports","MINT0901",20.0000,103,0,5,98,0.0000,0,0,0,0,0.0000,0,0,0,0,0.0000,0,0,0,0,0.0000,0,0,0,0,"2021-07-22 21:00:00"
"RocketReports","MINT0902",20.0000,87,0,29,58,0.0000,0,0,0,0,0.0000,0,0,0,0,0.0000,0,0,0,0,0.0000,0,0,0,0,"2021-07-22 21:00:00"
"RocketReports","MINT0903",20.0000,101,0,101,0,0.0000,0,0,0,0,0.0000,0,0,0,0,0.0000,0,0,0,0,0.0000,0,0,0,0,"2021-07-22 21:00:00"
"RocketReports","MINT0904",20.0000,1,0,0,1,0.0000,0,0,0,0,0.0000,0,0,0,0,0.0000,0,0,0,0,0.0000,0,0,0,0,"2021-07-22 21:00:00"
"RocketReports","MINT0905",20.0000,83,0,8,75,0.0000,0,0,0,0,0.0000,0,0,0,0,0.0000,0,0,0,0,0.0000,0,0,0,0,"2021-07-22 21:00:00"
"RocketReports","MINT0906",20.0000,84,0,0,84,0.0000,0,0,0,0,0.0000,0,0,0,0,0.0000,0,0,0,0,0.0000,0,0,0,0,"2021-07-22 21:00:00"
"RocketReports","MINT0907",20.0000,78,0,8,70,0.0000,0,0,0,0,0.0000,0,0,0,0,0.0000,0,0,0,0,0.0000,0,0,0,0,"2021-07-22 21:00:00"
"RocketReports","MINT0908",20.0000,142,0,71,71,0.0000,0,0,0,0,0.0000,0,0,0,0,0.0000,0,0,0,0,0.0000,0,0,0,0,"2021-07-22 21:00:00"
"RocketReports","MINT0909",20.0000,126,0,31,95,0.0000,0,0,0,0,0.0000,0,0,0,0,0.0000,0,0,0,0,0.0000,0,0,0,0,"2021-07-22 21:00:00"
"RocketReports","MINT0910",20.0000,130,0,74,56,0.0000,0,0,0,0,0.0000,0,0,0,0,0.0000,0,0,0,0,0.0000,0,0,0,0,"2021-07-22 21:00:00"
"RocketReports","MINT0912",20.0000,232,0,177,55,0.0000,0,0,0,0,0.0000,0,0,0,0,0.0000,0,0,0,0,0.0000,0,0,0,0,"2021-07-22 21:00:00"
"RocketReports","MINT0913",20.0000,358,0,12,346,0.0000,0,0,0,0,0.0000,0,0,0,0,0.0000,0,0,0,0,0.0000,0,0,0,0,"2021-07-22 21:00:00"
"RocketReports","MINT0914",20.0000,79,0,15,64,0.0000,0,0,0,0,0.0000,0,0,0,0,0.0000,0,0,0,0,0.0000,0,0,0,0,"2021-07-22 21:00:00"
"RocketReports","MINT0915",20.0000,159,0,71,88,0.0000,0,0,0,0,0.0000,0,0,0,0,0.0000,0,0,0,0,0.0000,0,0,0,0,"2021-07-22 21:00:00"
"RocketReports","MINT0916",20.0000,123,0,26,97,0.0000,0,0,0,0,0.0000,0,0,0,0,0.0000,0,0,0,0,0.0000,0,0,0,0,"2021-07-22 21:00:00"
"RocketReports","MINT0917",20.0000,82,0,22,60,0.0000,0,0,0,0,0.0000,0,0,0,0,0.0000,0,0,0,0,0.0000,0,0,0,0,"2021-07-22 21:00:00"
"RocketReports","MINT0918",20.0000,100,0,83,17,0.0000,0,0,0,0,0.0000,0,0,0,0,0.0000,0,0,0,0,0.0000,0,0,0,0,"2021-07-22 21:00:00"
"RocketReports","MINT0919",20.0000,850,0,103,747,0.0000,0,0,0,0,0.0000,0,0,0,0,0.0000,0,0,0,0,0.0000,0,0,0,0,"2021-07-22 21:00:00"
"RocketReports","MINT0920",20.0000,122,0,6,116,0.0000,0,0,0,0,0.0000,0,0,0,0,0.0000,0,0,0,0,0.0000,0,0,0,0,"2021-07-22 21:00:00"
"RocketReports","MINT0921",20.0000,87,0,0,87,0.0000,0,0,0,0,0.0000,0,0,0,0,0.0000,0,0,0,0,0.0000,0,0,0,0,"2021-07-22 21:00:00"
"RocketReports","MINT0922",20.0000,6317,0,6221,96,0.0000,0,0,0,0,0.0000,0,0,0,0,0.0000,0,0,0,0,0.0000,0,0,0,0,"2021-07-22 21:00:00"
"RocketReports","MINT0923",20.0000,117,0,0,117,0.0000,0,0,0,0,0.0000,0,0,0,0,0.0000,0,0,0,0,0.0000,0,0,0,0,"2021-07-22 21:00:00"
"RocketReports","MINT0924",20.0000,1,0,0,1,0.0000,0,0,0,0,0.0000,0,0,0,0,0.0000,0,0,0,0,0.0000,0,0,0,0,"2021-07-22 21:00:00"
"RocketReports","MINT0925",20.0000,148,0,66,82,0.0000,0,0,0,0,0.0000,0,0,0,0,0.0000,0,0,0,0,0.0000,0,0,0,0,"2021-07-22 21:00:00"
"RocketReports","MINT0926",20.0000,100,0,55,45,0.0000,0,0,0,0,0.0000,0,0,0,0,0.0000,0,0,0,0,0.0000,0,0,0,0,"2021-07-22 21:00:00"
"RocketReports","MINT1000",20.0000,899,0,747,152,0.0000,0,0,0,0,0.0000,0,0,0,0,0.0000,0,0,0,0,0.0000,0,0,0,0,"2021-07-22 21:00:00"
"RocketReports","MINT1001",20.0000,1143,0,966,177,0.0000,0,0,0,0,0.0000,0,0,0,0,0.0000,0,0,0,0,0.0000,0,0,0,0,"2021-07-22 21:00:00"
"RocketReports","MINT1002",20.0000,610,0,345,265,0.0000,0,0,0,0,0.0000,0,0,0,0,0.0000,0,0,0,0,0.0000,0,0,0,0,"2021-07-22 21:00:00"
"RocketReports","MINT1003",20.0000,585,0,311,274,0.0000,0,0,0,0,0.0000,0,0,0,0,0.0000,0,0,0,0,0.0000,0,0,0,0,"2021-07-22 21:00:00"
"RocketReports","MINT1004",20.0000,1531,0,1121,410,0.0000,0,0,0,0,0.0000,0,0,0,0,0.0000,0,0,0,0,0.0000,0,0,0,0,"2021-07-22 21:00:00"
"RocketReports","MINT1006",20.0000,900,0,798,102,0.0000,0,0,0,0,0.0000,0,0,0,0,0.0000,0,0,0,0,0.0000,0,0,0,0,"2021-07-22 21:00:00"
"RocketReports","MINT1007",20.0000,0,0,0,0,0.0000,0,0,0,0,0.0000,0,0,0,0,0.0000,0,0,0,0,0.0000,0,0,0,0,"2021-07-22 21:00:00"
"RocketReports","MINT1009",20.0000,2,0,0,2,0.0000,0,0,0,0,0.0000,0,0,0,0,0.0000,0,0,0,0,0.0000,0,0,0,0,"2021-07-22 21:00:00"
"RocketReports","MINT1010",20.0000,218,0,0,218,0.0000,0,0,0,0,0.0000,0,0,0,0,0.0000,0,0,0,0,0.0000,0,0,0,0,"2021-07-22 21:00:00"
"RocketReports","MINT1011",20.0000,205,0,0,205,0.0000,0,0,0,0,0.0000,0,0,0,0,0.0000,0,0,0,0,0.0000,0,0,0,0,"2021-07-22 21:00:00"
"RocketReports","MINT1012",20.0000,6611,0,6425,186,0.0000,0,0,0,0,0.0000,0,0,0,0,0.0000,0,0,0,0,0.0000,0,0,0,0,"2021-07-22 21:00:00"
"RocketReports","MINT1014",20.0000,2898,0,2873,25,0.0000,0,0,0,0,0.0000,0,0,0,0,0.0000,0,0,0,0,0.0000,0,0,0,0,"2021-07-22 21:00:00"
"RocketReports","MINT1015",20.0000,200,0,35,165,0.0000,0,0,0,0,0.0000,0,0,0,0,0.0000,0,0,0,0,0.0000,0,0,0,0,"2021-07-22 21:00:00"
"RocketReports","MINT1016",20.0000,443,0,229,214,0.0000,0,0,0,0,0.0000,0,0,0,0,0.0000,0,0,0,0,0.0000,0,0,0,0,"2021-07-22 21:00:00"
"RocketReports","MINT1017",20.0000,150,0,81,69,0.0000,0,0,0,0,0.0000,0,0,0,0,0.0000,0,0,0,0,0.0000,0,0,0,0,"2021-07-22 21:00:00"
"RocketReports","MINT1018",20.0000,150,0,5,145,0.0000,0,0,0,0,0.0000,0,0,0,0,0.0000,0,0,0,0,0.0000,0,0,0,0,"2021-07-22 21:00:00"
"RocketReports","MINT1019",20.0000,89,0,29,60,0.0000,0,0,0,0,0.0000,0,0,0,0,0.0000,0,0,0,0,0.0000,0,0,0,0,"2021-07-22 21:00:00"
"RocketReports","MINT1030",20.0000,50,0,17,33,0.0000,0,0,0,0,0.0000,0,0,0,0,0.0000,0,0,0,0,0.0000,0,0,0,0,"2021-07-22 21:00:00"
"RocketReports","MINT1041",20.0000,250,0,82,168,0.0000,0,0,0,0,0.0000,0,0,0,0,0.0000,0,0,0,0,0.0000,0,0,0,0,"2021-07-22 21:00:00"
"RocketReports","MINT1050",20.0000,4354,0,4277,77,0.0000,0,0,0,0,0.0000,0,0,0,0,0.0000,0,0,0,0,0.0000,0,0,0,0,"2021-07-22 21:00:00"
"RocketReports","MINT1061",20.0000,150,0,78,72,0.0000,0,0,0,0,0.0000,0,0,0,0,0.0000,0,0,0,0,0.0000,0,0,0,0,"2021-07-22 21:00:00"
"RocketReports","MINT1062",20.0000,200,0,5,195,0.0000,0,0,0,0,0.0000,0,0,0,0,0.0000,0,0,0,0,0.0000,0,0,0,0,"2021-07-22 21:00:00"
"RocketReports","MINT1063",20.0000,317,0,153,164,0.0000,0,0,0,0,0.0000,0,0,0,0,0.0000,0,0,0,0,0.0000,0,0,0,0,"2021-07-22 21:00:00"
"RocketReports","MINT1066",20.0000,175,0,6,169,0.0000,0,0,0,0,0.0000,0,0,0,0,0.0000,0,0,0,0,0.0000,0,0,0,0,"2021-07-22 21:00:00"
"RocketReports","MINT1067",20.0000,100,0,3,97,0.0000,0,0,0,0,0.0000,0,0,0,0,0.0000,0,0,0,0,0.0000,0,0,0,0,"2021-07-22 21:00:00"
"RocketReports","MINT1068",20.0000,344,0,116,228,0.0000,0,0,0,0,0.0000,0,0,0,0,0.0000,0,0,0,0,0.0000,0,0,0,0,"2021-07-22 21:00:00"
"RocketReports","MINT1069",20.0000,150,0,56,94,0.0000,0,0,0,0,0.0000,0,0,0,0,0.0000,0,0,0,0,0.0000,0,0,0,0,"2021-07-22 21:00:00"
"RocketReports","MINT1070",20.0000,50,0,28,22,0.0000,0,0,0,0,0.0000,0,0,0,0,0.0000,0,0,0,0,0.0000,0,0,0,0,"2021-07-22 21:00:00"
"RocketReports","MINT1071",20.0000,106,0,76,30,0.0000,0,0,0,0,0.0000,0,0,0,0,0.0000,0,0,0,0,0.0000,0,0,0,0,"2021-07-22 21:00:00"
"RocketReports","MINT1072",20.0000,80,0,22,58,0.0000,0,0,0,0,0.0000,0,0,0,0,0.0000,0,0,0,0,0.0000,0,0,0,0,"2021-07-22 21:00:00"
"RocketReports","MINT1073",20.0000,146,0,0,146,0.0000,0,0,0,0,0.0000,0,0,0,0,0.0000,0,0,0,0,0.0000,0,0,0,0,"2021-07-22 21:00:00"
"RocketReports","MINT1074",20.0000,6578,0,6561,17,0.0000,0,0,0,0,0.0000,0,0,0,0,0.0000,0,0,0,0,0.0000,0,0,0,0,"2021-07-22 21:00:00"
"RocketReports","MINT1075",20.0000,300,0,10,290,0.0000,0,0,0,0,0.0000,0,0,0,0,0.0000,0,0,0,0,0.0000,0,0,0,0,"2021-07-22 21:00:00"
"RocketReports","MINT1076",20.0000,350,0,0,350,0.0000,0,0,0,0,0.0000,0,0,0,0,0.0000,0,0,0,0,0.0000,0,0,0,0,"2021-07-22 21:00:00"
"RocketReports","MINT1077",20.0000,498,0,100,398,0.0000,0,0,0,0,0.0000,0,0,0,0,0.0000,0,0,0,0,0.0000,0,0,0,0,"2021-07-22 21:00:00"
"RocketReports","MINT1078",20.0000,1054,0,970,84,0.0000,0,0,0,0,0.0000,0,0,0,0,0.0000,0,0,0,0,0.0000,0,0,0,0,"2021-07-22 21:00:00"
"RocketReports","MINT1079",20.0000,20,0,0,20,0.0000,0,0,0,0,0.0000,0,0,0,0,0.0000,0,0,0,0,0.0000,0,0,0,0,"2021-07-22 21:00:00"
"RocketReports","MINT1080",20.0000,2203,0,2203,0,0.0000,0,0,0,0,0.0000,0,0,0,0,0.0000,0,0,0,0,0.0000,0,0,0,0,"2021-07-22 21:00:00"
"RocketReports","MINT1081",20.0000,50,0,26,24,0.0000,0,0,0,0,0.0000,0,0,0,0,0.0000,0,0,0,0,0.0000,0,0,0,0,"2021-07-22 21:00:00"
"RocketReports","MINT1082",20.0000,50,0,0,50,0.0000,0,0,0,0,0.0000,0,0,0,0,0.0000,0,0,0,0,0.0000,0,0,0,0,"2021-07-22 21:00:00"
"RocketReports","MINT1083",20.0000,238,0,129,109,0.0000,0,0,0,0,0.0000,0,0,0,0,0.0000,0,0,0,0,0.0000,0,0,0,0,"2021-07-22 21:00:00"
"RocketReports","MINT1084",20.0000,111,0,62,49,0.0000,0,0,0,0,0.0000,0,0,0,0,0.0000,0,0,0,0,0.0000,0,0,0,0,"2021-07-22 21:00:00"
"RocketReports","MINT1085",20.0000,794,0,408,386,0.0000,0,0,0,0,0.0000,0,0,0,0,0.0000,0,0,0,0,0.0000,0,0,0,0,"2021-07-22 21:00:00"
"RocketReports","MINT1086",20.0000,629,0,379,250,0.0000,0,0,0,0,0.0000,0,0,0,0,0.0000,0,0,0,0,0.0000,0,0,0,0,"2021-07-22 21:00:00"
"RocketReports","MINT1087",20.0000,667,0,448,219,0.0000,0,0,0,0,0.0000,0,0,0,0,0.0000,0,0,0,0,0.0000,0,0,0,0,"2021-07-22 21:00:00"
"RocketReports","MINT1090",20.0000,548,0,547,1,0.0000,0,0,0,0,0.0000,0,0,0,0,0.0000,0,0,0,0,0.0000,0,0,0,0,"2021-07-22 21:00:00"
"RocketReports","MINT1091",20.0000,278,0,80,198,0.0000,0,0,0,0,0.0000,0,0,0,0,0.0000,0,0,0,0,0.0000,0,0,0,0,"2021-07-22 21:00:00"
"RocketReports","MINT1092",20.0000,63,0,16,47,0.0000,0,0,0,0,0.0000,0,0,0,0,0.0000,0,0,0,0,0.0000,0,0,0,0,"2021-07-22 21:00:00"
"RocketReports","MINT1093",20.0000,500,0,77,423,0.0000,0,0,0,0,0.0000,0,0,0,0,0.0000,0,0,0,0,0.0000,0,0,0,0,"2021-07-22 21:00:00"
"RocketReports","MINT1094",20.0000,100,0,15,85,0.0000,0,0,0,0,0.0000,0,0,0,0,0.0000,0,0,0,0,0.0000,0,0,0,0,"2021-07-22 21:00:00"
"RocketReports","MINT2000",20.0000,10,0,4,6,0.0000,0,0,0,0,0.0000,0,0,0,0,0.0000,0,0,0,0,0.0000,0,0,0,0,"2021-07-22 21:00:00"
"RocketReports","MINT3000",20.0000,133,0,66,67,0.0000,0,0,0,0,0.0000,0,0,0,0,0.0000,0,0,0,0,0.0000,0,0,0,0,"2021-07-22 21:00:00"
"RocketReports","MINT3001",20.0000,86,0,30,56,0.0000,0,0,0,0,0.0000,0,0,0,0,0.0000,0,0,0,0,0.0000,0,0,0,0,"2021-07-22 21:00:00"
"RocketReports","MINT3002",20.0000,150,0,125,25,0.0000,0,0,0,0,0.0000,0,0,0,0,0.0000,0,0,0,0,0.0000,0,0,0,0,"2021-07-22 21:00:00"
"RocketReports","MINT3003",20.0000,110,0,107,3,0.0000,0,0,0,0,0.0000,0,0,0,0,0.0000,0,0,0,0,0.0000,0,0,0,0,"2021-07-22 21:00:00"
"RocketReports","MINT4000",20.0000,8272,0,7853,419,0.0000,0,0,0,0,0.0000,0,0,0,0,0.0000,0,0,0,0,0.0000,0,0,0,0,"2021-07-22 21:00:00"
"RocketReports","MINT4001",20.0000,185,0,62,123,0.0000,0,0,0,0,0.0000,0,0,0,0,0.0000,0,0,0,0,0.0000,0,0,0,0,"2021-07-22 21:00:00"
"RocketReports","MINT4002",20.0000,100,0,93,7,0.0000,0,0,0,0,0.0000,0,0,0,0,0.0000,0,0,0,0,0.0000,0,0,0,0,"2021-07-22 21:00:00"
"RocketReports","MINT4003",20.0000,722,0,447,275,0.0000,0,0,0,0,0.0000,0,0,0,0,0.0000,0,0,0,0,0.0000,0,0,0,0,"2021-07-22 21:00:00"
"RocketReports","MINT4004",20.0000,239,0,0,239,0.0000,0,0,0,0,0.0000,0,0,0,0,0.0000,0,0,0,0,0.0000,0,0,0,0,"2021-07-22 21:00:00"
"RocketReports","MINT4005",20.0000,965,0,31,934,0.0000,0,0,0,0,0.0000,0,0,0,0,0.0000,0,0,0,0,0.0000,0,0,0,0,"2021-07-22 21:00:00"
"RocketReports","MINT4006",20.0000,240,0,18,222,0.0000,0,0,0,0,0.0000,0,0,0,0,0.0000,0,0,0,0,0.0000,0,0,0,0,"2021-07-22 21:00:00"
"RocketReports","MINT4007",20.0000,1,0,0,1,0.0000,0,0,0,0,0.0000,0,0,0,0,0.0000,0,0,0,0,0.0000,0,0,0,0,"2021-07-22 21:00:00"
"RocketReports","MINT4008",20.0000,50,0,0,50,0.0000,0,0,0,0,0.0000,0,0,0,0,0.0000,0,0,0,0,0.0000,0,0,0,0,"2021-07-22 21:00:00"
"RocketReports","MINT4009",20.0000,1625,0,37,1588,0.0000,0,0,0,0,0.0000,0,0,0,0,0.0000,0,0,0,0,0.0000,0,0,0,0,"2021-07-22 21:00:00"
"RocketReports","MINT4010",20.0000,1082,0,41,1041,0.0000,0,0,0,0,0.0000,0,0,0,0,0.0000,0,0,0,0,0.0000,0,0,0,0,"2021-07-22 21:00:00"
"RocketReports","MINT4011",20.0000,528,0,61,467,0.0000,0,0,0,0,0.0000,0,0,0,0,0.0000,0,0,0,0,0.0000,0,0,0,0,"2021-07-22 21:00:00"
"RocketReports","MINT4012",20.0000,1246,0,1246,0,0.0000,0,0,0,0,0.0000,0,0,0,0,0.0000,0,0,0,0,0.0000,0,0,0,0,"2021-07-22 21:00:00"
"RocketReports","MINT4013",20.0000,50,0,0,50,0.0000,0,0,0,0,0.0000,0,0,0,0,0.0000,0,0,0,0,0.0000,0,0,0,0,"2021-07-22 21:00:00"
"RocketReports","MINT4014",20.0000,481,0,382,99,0.0000,0,0,0,0,0.0000,0,0,0,0,0.0000,0,0,0,0,0.0000,0,0,0,0,"2021-07-22 21:00:00"
"RocketReports","MINT4015",20.0000,400,0,80,320,0.0000,0,0,0,0,0.0000,0,0,0,0,0.0000,0,0,0,0,0.0000,0,0,0,0,"2021-07-22 21:00:00"
"RocketReports","MINT4016",20.0000,95,0,3,92,0.0000,0,0,0,0,0.0000,0,0,0,0,0.0000,0,0,0,0,0.0000,0,0,0,0,"2021-07-22 21:00:00"
"RocketReports","MINT4018",20.0000,166,0,76,90,0.0000,0,0,0,0,0.0000,0,0,0,0,0.0000,0,0,0,0,0.0000,0,0,0,0,"2021-07-22 21:00:00"
"RocketReports","MINT4019",20.0000,0,0,0,0,0.0000,0,0,0,0,0.0000,0,0,0,0,0.0000,0,0,0,0,0.0000,0,0,0,0,"2021-07-22 21:00:00"
"RocketReports","MINT4020",20.0000,487,0,395,92,0.0000,0,0,0,0,0.0000,0,0,0,0,0.0000,0,0,0,0,0.0000,0,0,0,0,"2021-07-22 21:00:00"
"RocketReports","MINT4021",20.0000,509,0,453,56,0.0000,0,0,0,0,0.0000,0,0,0,0,0.0000,0,0,0,0,0.0000,0,0,0,0,"2021-07-22 21:00:00"
"RocketReports","MINT4022",20.0000,861,0,123,738,0.0000,0,0,0,0,0.0000,0,0,0,0,0.0000,0,0,0,0,0.0000,0,0,0,0,"2021-07-22 21:00:00"
"RocketReports","MINT4023",20.0000,299,0,20,279,0.0000,0,0,0,0,0.0000,0,0,0,0,0.0000,0,0,0,0,0.0000,0,0,0,0,"2021-07-22 21:00:00"
"RocketReports","MINT4024",20.0000,662,0,99,563,0.0000,0,0,0,0,0.0000,0,0,0,0,0.0000,0,0,0,0,0.0000,0,0,0,0,"2021-07-22 21:00:00"
"RocketReports","MINT4025",20.0000,2098,0,1760,338,0.0000,0,0,0,0,0.0000,0,0,0,0,0.0000,0,0,0,0,0.0000,0,0,0,0,"2021-07-22 21:00:00"
"RocketReports","MINT4026",20.0000,202,0,13,189,0.0000,0,0,0,0,0.0000,0,0,0,0,0.0000,0,0,0,0,0.0000,0,0,0,0,"2021-07-22 21:00:00"
"RocketReports","MINT4027",20.0000,250,0,32,218,0.0000,0,0,0,0,0.0000,0,0,0,0,0.0000,0,0,0,0,0.0000,0,0,0,0,"2021-07-22 21:00:00"
"RocketReports","MINT4028",20.0000,99,0,23,76,0.0000,0,0,0,0,0.0000,0,0,0,0,0.0000,0,0,0,0,0.0000,0,0,0,0,"2021-07-22 21:00:00"
"RocketReports","MINT4029",20.0000,298,0,24,274,0.0000,0,0,0,0,0.0000,0,0,0,0,0.0000,0,0,0,0,0.0000,0,0,0,0,"2021-07-22 21:00:00"
"RocketReports","MINT4030",20.0000,197,0,185,12,0.0000,0,0,0,0,0.0000,0,0,0,0,0.0000,0,0,0,0,0.0000,0,0,0,0,"2021-07-22 21:00:00"
"RocketReports","MINT4031",20.0000,6481,0,6230,251,0.0000,0,0,0,0,0.0000,0,0,0,0,0.0000,0,0,0,0,0.0000,0,0,0,0,"2021-07-22 21:00:00"
"RocketReports","MINT4032",20.0000,99,0,28,71,0.0000,0,0,0,0,0.0000,0,0,0,0,0.0000,0,0,0,0,0.0000,0,0,0,0,"2021-07-22 21:00:00"
"RocketReports","MINT4033",20.0000,635,0,189,446,0.0000,0,0,0,0,0.0000,0,0,0,0,0.0000,0,0,0,0,0.0000,0,0,0,0,"2021-07-22 21:00:00"
"RocketReports","MINT4034",20.0000,25,0,25,0,0.0000,0,0,0,0,0.0000,0,0,0,0,0.0000,0,0,0,0,0.0000,0,0,0,0,"2021-07-22 21:00:00"
"RocketReports","MINT4035",20.0000,178,0,40,138,0.0000,0,0,0,0,0.0000,0,0,0,0,0.0000,0,0,0,0,0.0000,0,0,0,0,"2021-07-22 21:00:00"
"RocketReports","MINT4036",20.0000,1514,0,1298,216,0.0000,0,0,0,0,0.0000,0,0,0,0,0.0000,0,0,0,0,0.0000,0,0,0,0,"2021-07-22 21:00:00"
"RocketReports","MINT4037",20.0000,90,0,87,3,0.0000,0,0,0,0,0.0000,0,0,0,0,0.0000,0,0,0,0,0.0000,0,0,0,0,"2021-07-22 21:00:00"
"RocketReports","MINT4038",20.0000,198,0,22,176,0.0000,0,0,0,0,0.0000,0,0,0,0,0.0000,0,0,0,0,0.0000,0,0,0,0,"2021-07-22 21:00:00"
"RocketReports","MINT4040",20.0000,10,0,0,10,0.0000,0,0,0,0,0.0000,0,0,0,0,0.0000,0,0,0,0,0.0000,0,0,0,0,"2021-07-22 21:00:00"
"RocketReports","MINT5000",20.0000,398,0,223,175,0.0000,0,0,0,0,0.0000,0,0,0,0,0.0000,0,0,0,0,0.0000,0,0,0,0,"2021-07-22 21:00:00"
"RocketReports","MINT5001",20.0000,243,0,161,82,0.0000,0,0,0,0,0.0000,0,0,0,0,0.0000,0,0,0,0,0.0000,0,0,0,0,"2021-07-22 21:00:00"
"RocketReports","MINT5002",20.0000,534,0,467,67,0.0000,0,0,0,0,0.0000,0,0,0,0,0.0000,0,0,0,0,0.0000,0,0,0,0,"2021-07-22 21:00:00"
"RocketReports","MINT5003",20.0000,108,0,42,66,0.0000,0,0,0,0,0.0000,0,0,0,0,0.0000,0,0,0,0,0.0000,0,0,0,0,"2021-07-22 21:00:00"
"RocketReports","MINT5004",20.0000,122,0,99,23,0.0000,0,0,0,0,0.0000,0,0,0,0,0.0000,0,0,0,0,0.0000,0,0,0,0,"2021-07-22 21:00:00"
"RocketReports","MINT5005",20.0000,58,0,39,19,0.0000,0,0,0,0,0.0000,0,0,0,0,0.0000,0,0,0,0,0.0000,0,0,0,0,"2021-07-22 21:00:00"
"RocketReports","MINT5006",20.0000,50,0,42,8,0.0000,0,0,0,0,0.0000,0,0,0,0,0.0000,0,0,0,0,0.0000,0,0,0,0,"2021-07-22 21:00:00"
"RocketReports","MINT5007",20.0000,132,0,85,47,0.0000,0,0,0,0,0.0000,0,0,0,0,0.0000,0,0,0,0,0.0000,0,0,0,0,"2021-07-22 21:00:00"
"RocketReports","MINT9997",20.0000,50,0,0,50,0.0000,0,0,0,0,0.0000,0,0,0,0,0.0000,0,0,0,0,0.0000,0,0,0,0,"2021-07-22 21:00:00"
"RocketReports","MINT9998",20.0000,50,0,0,50,0.0000,0,0,0,0,0.0000,0,0,0,0,0.0000,0,0,0,0,0.0000,0,0,0,0,"2021-07-22 21:00:00"
"RocketReports","MINT9999",20.0000,0,0,0,0,0.0000,0,0,0,0,0.0000,0,0,0,0,0.0000,0,0,0,0,0.0000,0,0,0,0,"2021-07-22 21:00:00"
"RocketReports","MINT9999",0.0000,0,0,0,0,20.0000,100,0,0,100,0.0000,0,0,0,0,0.0000,0,0,0,0,0.0000,0,0,0,0,"2021-07-22 21:00:00"
"RocketReports","MINTHI11",20.0000,499,0,64,435,0.0000,0,0,0,0,0.0000,0,0,0,0,0.0000,0,0,0,0,0.0000,0,0,0,0,"2021-07-22 21:00:00"
"RocketReports","MINTHI21",20.0000,650,0,201,449,0.0000,0,0,0,0,0.0000,0,0,0,0,0.0000,0,0,0,0,0.0000,0,0,0,0,"2021-07-22 21:00:00"
"RocketReports","MINTHI21",0.0000,0,0,0,0,20.0000,662,0,208,454,0.0000,0,0,0,0,0.0000,0,0,0,0,0.0000,0,0,0,0,"2021-07-22 21:00:00"
"RocketReports","MINTHI31",20.0000,600,0,34,566,0.0000,0,0,0,0,0.0000,0,0,0,0,0.0000,0,0,0,0,0.0000,0,0,0,0,"2021-07-22 21:00:00"
"RocketReports","MINTHI31",0.0000,0,0,0,0,20.0000,600,0,31,569,0.0000,0,0,0,0,0.0000,0,0,0,0,0.0000,0,0,0,0,"2021-07-22 21:00:00"
"RocketReports","MINTHI32",20.0000,391,0,50,341,0.0000,0,0,0,0,0.0000,0,0,0,0,0.0000,0,0,0,0,0.0000,0,0,0,0,"2021-07-22 21:00:00"
"RocketReports","MINTHI41",20.0000,750,0,478,272,0.0000,0,0,0,0,0.0000,0,0,0,0,0.0000,0,0,0,0,0.0000,0,0,0,0,"2021-07-22 21:00:00"
"RocketReports","MINTHI42",20.0000,119,0,64,55,0.0000,0,0,0,0,0.0000,0,0,0,0,0.0000,0,0,0,0,0.0000,0,0,0,0,"2021-07-22 21:00:00"
"RocketReports","MINTHI51",20.0000,389,0,12,377,0.0000,0,0,0,0,0.0000,0,0,0,0,0.0000,0,0,0,0,0.0000,0,0,0,0,"2021-07-22 21:00:00"
"RocketReports","MINTHI51",0.0000,0,0,0,0,20.0000,387,0,10,377,0.0000,0,0,0,0,0.0000,0,0,0,0,0.0000,0,0,0,0,"2021-07-22 21:00:00"
"RocketReports","MINTHI52",20.0000,300,0,35,265,0.0000,0,0,0,0,0.0000,0,0,0,0,0.0000,0,0,0,0,0.0000,0,0,0,0,"2021-07-22 21:00:00"
"RocketReports","MINTHI61",20.0000,266,0,75,191,0.0000,0,0,0,0,0.0000,0,0,0,0,0.0000,0,0,0,0,0.0000,0,0,0,0,"2021-07-22 21:00:00"
"RocketReports","MINTHI61",0.0000,0,0,0,0,20.0000,266,0,74,192,0.0000,0,0,0,0,0.0000,0,0,0,0,0.0000,0,0,0,0,"2021-07-22 21:00:00"
"RocketReports","MINTHI62",20.0000,792,0,457,335,0.0000,0,0,0,0,0.0000,0,0,0,0,0.0000,0,0,0,0,0.0000,0,0,0,0,"2021-07-22 21:00:00"
"RocketReports","MINTHI71",20.0000,3068,0,2941,127,0.0000,0,0,0,0,0.0000,0,0,0,0,0.0000,0,0,0,0,0.0000,0,0,0,0,"2021-07-22 21:00:00"
"RocketReports","MINTHI71",0.0000,0,0,0,0,20.0000,0,0,0,0,0.0000,0,0,0,0,0.0000,0,0,0,0,0.0000,0,0,0,0,"2021-07-22 21:00:00"
"RocketReports","MINTPLB1",20.0000,300,0,9,291,0.0000,0,0,0,0,0.0000,0,0,0,0,0.0000,0,0,0,0,0.0000,0,0,0,0,"2021-07-22 21:00:00"
"RocketReports","MINTPLB2",20.0000,147,0,4,143,0.0000,0,0,0,0,0.0000,0,0,0,0,0.0000,0,0,0,0,0.0000,0,0,0,0,"2021-07-22 21:00:00"
"RocketReports","MINTPLB3",20.0000,300,0,148,152,0.0000,0,0,0,0,0.0000,0,0,0,0,0.0000,0,0,0,0,0.0000,0,0,0,0,"2021-07-22 21:00:00"
"RocketReports","MINTPLB4",20.0000,250,0,111,139,0.0000,0,0,0,0,0.0000,0,0,0,0,0.0000,0,0,0,0,0.0000,0,0,0,0,"2021-07-22 21:00:00"
"RocketReports","MINTPLB5",20.0000,350,0,208,142,0.0000,0,0,0,0,0.0000,0,0,0,0,0.0000,0,0,0,0,0.0000,0,0,0,0,"2021-07-22 21:00:00"
"RocketReports","MINTPMH1",20.0000,500,0,68,432,0.0000,0,0,0,0,0.0000,0,0,0,0,0.0000,0,0,0,0,0.0000,0,0,0,0,"2021-07-22 21:00:00"
"RocketReports","MINTPMH2",20.0000,600,0,229,371,0.0000,0,0,0,0,0.0000,0,0,0,0,0.0000,0,0,0,0,0.0000,0,0,0,0,"2021-07-22 21:00:00"
"RocketReports","MINTPMH3",20.0000,176,0,1,175,0.0000,0,0,0,0,0.0000,0,0,0,0,0.0000,0,0,0,0,0.0000,0,0,0,0,"2021-07-22 21:00:00"
"RocketReports","TNS5GBZ3",20.0000,569,0,359,210,0.0000,0,0,0,0,0.0000,0,0,0,0,0.0000,0,0,0,0,0.0000,0,0,0,0,"2021-07-22 21:00:00"
"RocketReports","TNS5GBZ4",20.0000,149,0,93,56,0.0000,0,0,0,0,0.0000,0,0,0,0,0.0000,0,0,0,0,0.0000,0,0,0,0,"2021-07-22 21:00:00"
