"RocketReports","MINT0009",67,52,0.7761,15,0.2238,9,1,0,0,0,0,5
"RocketReports","MINT0025",1,1,1.0000,0,0.0000,0,0,0,0,0,0,0
"RocketReports","MINT0026",12,10,0.8333,2,0.1666,1,0,1,0,0,0,0
"RocketReports","MINT0027",1,1,1.0000,0,0.0000,0,0,0,0,0,0,0
"RocketReports","MINT0028",1,1,1.0000,0,0.0000,0,0,0,0,0,0,0
"RocketReports","MINT0032",10,10,1.0000,0,0.0000,0,0,0,0,0,0,0
"RocketReports","MINT0034",6,3,0.5000,3,0.5000,0,0,0,0,0,0,3
"RocketReports","MINT0037",9,9,1.0000,0,0.0000,0,0,0,0,0,0,0
"RocketReports","MINT0041",3,3,1.0000,0,0.0000,0,0,0,0,0,0,0
"RocketReports","MINT0042",22,18,0.8181,4,0.1818,1,1,2,0,0,0,0
"RocketReports","MINT0049",1,1,1.0000,0,0.0000,0,0,0,0,0,0,0
"RocketReports","MINT0050",1,1,1.0000,0,0.0000,0,0,0,0,0,0,0
"RocketReports","MINT0054",2,2,1.0000,0,0.0000,0,0,0,0,0,0,0
"RocketReports","MINT0056",1,1,1.0000,0,0.0000,0,0,0,0,0,0,0
"RocketReports","MINT0058",1,1,1.0000,0,0.0000,0,0,0,0,0,0,0
"RocketReports","MINT0059",6,5,0.8333,1,0.1666,1,0,0,0,0,0,0
"RocketReports","MINT0062",12,12,1.0000,0,0.0000,0,0,0,0,0,0,0
"RocketReports","MINT0063",3,3,1.0000,0,0.0000,0,0,0,0,0,0,0
"RocketReports","MINT0065",2,2,1.0000,0,0.0000,0,0,0,0,0,0,0
"RocketReports","MINT0067",6,6,1.0000,0,0.0000,0,0,0,0,0,0,0
"RocketReports","MINT0068",3,3,1.0000,0,0.0000,0,0,0,0,0,0,0
"RocketReports","MINT0069",60,54,0.9000,6,0.1000,0,0,2,0,0,0,4
"RocketReports","MINT0101",5,3,0.6000,2,0.4000,2,0,0,0,0,0,0
"RocketReports","MINT0106",5,4,0.8000,1,0.2000,1,0,0,0,0,0,0
"RocketReports","MINT0108",8,4,0.5000,4,0.5000,4,0,0,0,0,0,0
"RocketReports","MINT0109",3,3,1.0000,0,0.0000,0,0,0,0,0,0,0
"RocketReports","MINT0110",4,4,1.0000,0,0.0000,0,0,0,0,0,0,0
"RocketReports","MINT0112",2,2,1.0000,0,0.0000,0,0,0,0,0,0,0
"RocketReports","MINT0115",3,2,0.6666,1,0.3333,0,0,0,0,0,0,1
"RocketReports","MINT0116",1,1,1.0000,0,0.0000,0,0,0,0,0,0,0
"RocketReports","MINT0118",2,2,1.0000,0,0.0000,0,0,0,0,0,0,0
"RocketReports","MINT0120",3,2,0.6666,1,0.3333,1,0,0,0,0,0,0
"RocketReports","MINT0121",7,5,0.7142,2,0.2857,0,0,0,0,0,0,2
"RocketReports","MINT0125",10,10,1.0000,0,0.0000,0,0,0,0,0,0,0
"RocketReports","MINT0126",2,2,1.0000,0,0.0000,0,0,0,0,0,0,0
"RocketReports","MINT0127",13,10,0.7692,3,0.2307,3,0,0,0,0,0,0
"RocketReports","MINT0131",2,2,1.0000,0,0.0000,0,0,0,0,0,0,0
"RocketReports","MINT0133",1,1,1.0000,0,0.0000,0,0,0,0,0,0,0
"RocketReports","MINT0135",11,8,0.7272,3,0.2727,2,0,0,0,0,0,1
"RocketReports","MINT0137",7,5,0.7142,2,0.2857,2,0,0,0,0,0,0
"RocketReports","MINT0138",3,3,1.0000,0,0.0000,0,0,0,0,0,0,0
"RocketReports","MINT0142",1,1,1.0000,0,0.0000,0,0,0,0,0,0,0
"RocketReports","MINT0143",5,5,1.0000,0,0.0000,0,0,0,0,0,0,0
"RocketReports","MINT0144",1,1,1.0000,0,0.0000,0,0,0,0,0,0,0
"RocketReports","MINT0145",2,2,1.0000,0,0.0000,0,0,0,0,0,0,0
"RocketReports","MINT0152",5,5,1.0000,0,0.0000,0,0,0,0,0,0,0
"RocketReports","MINT0153",1,1,1.0000,0,0.0000,0,0,0,0,0,0,0
"RocketReports","MINT0154",17,16,0.9411,1,0.0588,1,0,0,0,0,0,0
"RocketReports","MINT0155",22,22,1.0000,0,0.0000,0,0,0,0,0,0,0
"RocketReports","MINT0157",2,2,1.0000,0,0.0000,0,0,0,0,0,0,0
"RocketReports","MINT0160",1,1,1.0000,0,0.0000,0,0,0,0,0,0,0
"RocketReports","MINT0163",1,1,1.0000,0,0.0000,0,0,0,0,0,0,0
"RocketReports","MINT0201",1,1,1.0000,0,0.0000,0,0,0,0,0,0,0
"RocketReports","MINT0205",10,7,0.7000,3,0.3000,0,0,0,0,0,3,0
"RocketReports","MINT0207",1,0,0.0000,1,1.0000,0,0,0,0,0,0,1
"RocketReports","MINT0208",2,2,1.0000,0,0.0000,0,0,0,0,0,0,0
"RocketReports","MINT0209",10,8,0.8000,2,0.2000,2,0,0,0,0,0,0
"RocketReports","MINT0305",2,2,1.0000,0,0.0000,0,0,0,0,0,0,0
"RocketReports","MINT0350",2,2,1.0000,0,0.0000,0,0,0,0,0,0,0
"RocketReports","MINT0351",4,2,0.5000,2,0.5000,2,0,0,0,0,0,0
"RocketReports","MINT0352",2,2,1.0000,0,0.0000,0,0,0,0,0,0,0
"RocketReports","MINT0353",4,4,1.0000,0,0.0000,0,0,0,0,0,0,0
"RocketReports","MINT0355",8,7,0.8750,1,0.1250,0,0,0,0,0,0,1
"RocketReports","MINT0356",4,4,1.0000,0,0.0000,0,0,0,0,0,0,0
"RocketReports","MINT0357",5,3,0.6000,2,0.4000,1,0,0,0,0,0,1
"RocketReports","MINT0359",1,1,1.0000,0,0.0000,0,0,0,0,0,0,0
"RocketReports","MINT0360",6,6,1.0000,0,0.0000,0,0,0,0,0,0,0
"RocketReports","MINT0402",2,1,0.5000,1,0.5000,0,0,0,0,0,0,1
"RocketReports","MINT0403",3,2,0.6666,1,0.3333,1,0,0,0,0,0,0
"RocketReports","MINT0404",1,0,0.0000,1,1.0000,0,0,0,0,0,0,1
"RocketReports","MINT0407",6,6,1.0000,0,0.0000,0,0,0,0,0,0,0
"RocketReports","MINT0409",2,2,1.0000,0,0.0000,0,0,0,0,0,0,0
"RocketReports","MINT0411",1,1,1.0000,0,0.0000,0,0,0,0,0,0,0
"RocketReports","MINT0412",2,2,1.0000,0,0.0000,0,0,0,0,0,0,0
"RocketReports","MINT0413",1,1,1.0000,0,0.0000,0,0,0,0,0,0,0
"RocketReports","MINT0414",9,8,0.8888,1,0.1111,1,0,0,0,0,0,0
"RocketReports","MINT0494",6,2,0.3333,4,0.6666,1,1,0,0,0,0,2
"RocketReports","MINT0495",2,2,1.0000,0,0.0000,0,0,0,0,0,0,0
"RocketReports","MINT0497",9,6,0.6666,3,0.3333,0,2,0,0,0,0,1
"RocketReports","MINT0504",5,5,1.0000,0,0.0000,0,0,0,0,0,0,0
"RocketReports","MINT0508",57,54,0.9473,3,0.0526,2,0,0,0,0,0,1
"RocketReports","MINT0519",2,2,1.0000,0,0.0000,0,0,0,0,0,0,0
"RocketReports","MINT0529",2,1,0.5000,1,0.5000,0,1,0,0,0,0,0
"RocketReports","MINT0531",8,8,1.0000,0,0.0000,0,0,0,0,0,0,0
"RocketReports","MINT0532",14,14,1.0000,0,0.0000,0,0,0,0,0,0,0
"RocketReports","MINT0533",2,2,1.0000,0,0.0000,0,0,0,0,0,0,0
"RocketReports","MINT0534",9,7,0.7777,2,0.2222,2,0,0,0,0,0,0
"RocketReports","MINT0535",5,4,0.8000,1,0.2000,0,1,0,0,0,0,0
"RocketReports","MINT0537",2,2,1.0000,0,0.0000,0,0,0,0,0,0,0
"RocketReports","MINT0538",2,2,1.0000,0,0.0000,0,0,0,0,0,0,0
"RocketReports","MINT0539",1,1,1.0000,0,0.0000,0,0,0,0,0,0,0
"RocketReports","MINT0540",4,4,1.0000,0,0.0000,0,0,0,0,0,0,0
"RocketReports","MINT0542",1,1,1.0000,0,0.0000,0,0,0,0,0,0,0
"RocketReports","MINT0545",3,3,1.0000,0,0.0000,0,0,0,0,0,0,0
"RocketReports","MINT0546",1,1,1.0000,0,0.0000,0,0,0,0,0,0,0
"RocketReports","MINT0547",2,2,1.0000,0,0.0000,0,0,0,0,0,0,0
"RocketReports","MINT0551",1,1,1.0000,0,0.0000,0,0,0,0,0,0,0
"RocketReports","MINT0555",4,4,1.0000,0,0.0000,0,0,0,0,0,0,0
"RocketReports","MINT0557",11,11,1.0000,0,0.0000,0,0,0,0,0,0,0
"RocketReports","MINT0559",6,6,1.0000,0,0.0000,0,0,0,0,0,0,0
"RocketReports","MINT0560",1,1,1.0000,0,0.0000,0,0,0,0,0,0,0
"RocketReports","MINT0561",5,5,1.0000,0,0.0000,0,0,0,0,0,0,0
"RocketReports","MINT0562",5,3,0.6000,2,0.4000,0,2,0,0,0,0,0
"RocketReports","MINT0563",2,2,1.0000,0,0.0000,0,0,0,0,0,0,0
"RocketReports","MINT0564",4,4,1.0000,0,0.0000,0,0,0,0,0,0,0
"RocketReports","MINT0567",8,8,1.0000,0,0.0000,0,0,0,0,0,0,0
"RocketReports","MINT0569",9,4,0.4444,5,0.5555,0,4,0,0,0,0,1
"RocketReports","MINT0570",6,6,1.0000,0,0.0000,0,0,0,0,0,0,0
"RocketReports","MINT0571",4,4,1.0000,0,0.0000,0,0,0,0,0,0,0
"RocketReports","MINT0572",12,8,0.6666,4,0.3333,1,1,0,0,0,0,2
"RocketReports","MINT0574",4,2,0.5000,2,0.5000,0,0,2,0,0,0,0
"RocketReports","MINT0581",1,1,1.0000,0,0.0000,0,0,0,0,0,0,0
"RocketReports","MINT0582",6,5,0.8333,1,0.1666,0,0,0,0,0,0,1
"RocketReports","MINT0584",2,2,1.0000,0,0.0000,0,0,0,0,0,0,0
"RocketReports","MINT0585",3,2,0.6666,1,0.3333,1,0,0,0,0,0,0
"RocketReports","MINT0592",3,3,1.0000,0,0.0000,0,0,0,0,0,0,0
"RocketReports","MINT0593",4,2,0.5000,2,0.5000,2,0,0,0,0,0,0
"RocketReports","MINT0594",6,6,1.0000,0,0.0000,0,0,0,0,0,0,0
"RocketReports","MINT0595",4,4,1.0000,0,0.0000,0,0,0,0,0,0,0
"RocketReports","MINT0596",21,20,0.9523,1,0.0476,1,0,0,0,0,0,0
"RocketReports","MINT0598",4,3,0.7500,1,0.2500,0,0,0,0,0,0,1
"RocketReports","MINT0599",34,33,0.9705,1,0.0294,1,0,0,0,0,0,0
"RocketReports","MINT0600",1,1,1.0000,0,0.0000,0,0,0,0,0,0,0
"RocketReports","MINT0602",4,4,1.0000,0,0.0000,0,0,0,0,0,0,0
"RocketReports","MINT0606",9,8,0.8888,1,0.1111,0,1,0,0,0,0,0
"RocketReports","MINT0609",1,1,1.0000,0,0.0000,0,0,0,0,0,0,0
"RocketReports","MINT0610",2,2,1.0000,0,0.0000,0,0,0,0,0,0,0
"RocketReports","MINT0615",1,0,0.0000,1,1.0000,0,0,0,0,0,0,1
"RocketReports","MINT0901",2,2,1.0000,0,0.0000,0,0,0,0,0,0,0
"RocketReports","MINT0903",3,3,1.0000,0,0.0000,0,0,0,0,0,0,0
"RocketReports","MINT0905",1,1,1.0000,0,0.0000,0,0,0,0,0,0,0
"RocketReports","MINT0906",1,1,1.0000,0,0.0000,0,0,0,0,0,0,0
"RocketReports","MINT0907",1,1,1.0000,0,0.0000,0,0,0,0,0,0,0
"RocketReports","MINT0909",2,2,1.0000,0,0.0000,0,0,0,0,0,0,0
"RocketReports","MINT0912",20,20,1.0000,0,0.0000,0,0,0,0,0,0,0
"RocketReports","MINT0913",20,19,0.9500,1,0.0500,1,0,0,0,0,0,0
"RocketReports","MINT0915",3,3,1.0000,0,0.0000,0,0,0,0,0,0,0
"RocketReports","MINT0916",5,5,1.0000,0,0.0000,0,0,0,0,0,0,0
"RocketReports","MINT0918",1,1,1.0000,0,0.0000,0,0,0,0,0,0,0
"RocketReports","MINT0919",28,27,0.9642,1,0.0357,0,1,0,0,0,0,0
"RocketReports","MINT0922",4,4,1.0000,0,0.0000,0,0,0,0,0,0,0
"RocketReports","MINT0923",1,1,1.0000,0,0.0000,0,0,0,0,0,0,0
"RocketReports","MINT0926",1,1,1.0000,0,0.0000,0,0,0,0,0,0,0
"RocketReports","MINT1012",6,5,0.8333,1,0.1666,1,0,0,0,0,0,0
"RocketReports","MINT1016",21,21,1.0000,0,0.0000,0,0,0,0,0,0,0
"RocketReports","MINT1017",2,2,1.0000,0,0.0000,0,0,0,0,0,0,0
"RocketReports","MINT1019",1,1,1.0000,0,0.0000,0,0,0,0,0,0,0
"RocketReports","MINT1041",5,5,1.0000,0,0.0000,0,0,0,0,0,0,0
"RocketReports","MINT1050",5,5,1.0000,0,0.0000,0,0,0,0,0,0,0
"RocketReports","MINT1061",5,5,1.0000,0,0.0000,0,0,0,0,0,0,0
"RocketReports","MINT1062",1,1,1.0000,0,0.0000,0,0,0,0,0,0,0
"RocketReports","MINT1063",37,36,0.9729,1,0.0270,1,0,0,0,0,0,0
"RocketReports","MINT1066",2,2,1.0000,0,0.0000,0,0,0,0,0,0,0
"RocketReports","MINT1068",1,1,1.0000,0,0.0000,0,0,0,0,0,0,0
"RocketReports","MINT1069",2,2,1.0000,0,0.0000,0,0,0,0,0,0,0
"RocketReports","MINT1070",1,1,1.0000,0,0.0000,0,0,0,0,0,0,0
"RocketReports","MINT1072",1,1,1.0000,0,0.0000,0,0,0,0,0,0,0
"RocketReports","MINT1073",1,1,1.0000,0,0.0000,0,0,0,0,0,0,0
"RocketReports","MINT1074",3,3,1.0000,0,0.0000,0,0,0,0,0,0,0
"RocketReports","MINT1075",19,18,0.9473,1,0.0526,1,0,0,0,0,0,0
"RocketReports","MINT1076",5,4,0.8000,1,0.2000,0,0,0,0,0,0,1
"RocketReports","MINT1077",6,6,1.0000,0,0.0000,0,0,0,0,0,0,0
"RocketReports","MINT1080",9,8,0.8888,1,0.1111,1,0,0,0,0,0,0
"RocketReports","MINT1081",2,2,1.0000,0,0.0000,0,0,0,0,0,0,0
"RocketReports","MINT1085",15,15,1.0000,0,0.0000,0,0,0,0,0,0,0
"RocketReports","MINT1086",7,7,1.0000,0,0.0000,0,0,0,0,0,0,0
"RocketReports","MINT1087",13,11,0.8461,2,0.1538,0,1,0,0,0,0,1
"RocketReports","MINT1090",6,6,1.0000,0,0.0000,0,0,0,0,0,0,0
"RocketReports","MINT1091",1,1,1.0000,0,0.0000,0,0,0,0,0,0,0
"RocketReports","MINT1092",3,3,1.0000,0,0.0000,0,0,0,0,0,0,0
"RocketReports","MINT1093",1,1,1.0000,0,0.0000,0,0,0,0,0,0,0
"RocketReports","MINT2000",1,1,1.0000,0,0.0000,0,0,0,0,0,0,0
"RocketReports","MINT3000",15,13,0.8666,2,0.1333,0,0,0,0,0,0,2
"RocketReports","MINT3001",4,4,1.0000,0,0.0000,0,0,0,0,0,0,0
"RocketReports","MINT4000",14,13,0.9285,1,0.0714,1,0,0,0,0,0,0
"RocketReports","MINT4001",7,7,1.0000,0,0.0000,0,0,0,0,0,0,0
"RocketReports","MINT4003",12,12,1.0000,0,0.0000,0,0,0,0,0,0,0
"RocketReports","MINT4005",35,33,0.9428,2,0.0571,1,0,1,0,0,0,0
"RocketReports","MINT4009",45,34,0.7555,11,0.2444,9,0,0,0,0,0,2
"RocketReports","MINT4010",36,34,0.9444,2,0.0555,1,1,0,0,0,0,0
"RocketReports","MINT4014",14,13,0.9285,1,0.0714,0,0,1,0,0,0,0
"RocketReports","MINT4015",16,15,0.9375,1,0.0625,1,0,0,0,0,0,0
"RocketReports","MINT4016",1,1,1.0000,0,0.0000,0,0,0,0,0,0,0
"RocketReports","MINT4018",2,2,1.0000,0,0.0000,0,0,0,0,0,0,0
"RocketReports","MINT4020",9,5,0.5555,4,0.4444,1,0,0,0,0,0,3
"RocketReports","MINT4022",51,47,0.9215,4,0.0784,0,0,4,0,0,0,0
"RocketReports","MINT4024",22,22,1.0000,0,0.0000,0,0,0,0,0,0,0
"RocketReports","MINT4025",21,19,0.9047,2,0.0952,2,0,0,0,0,0,0
"RocketReports","MINT4026",2,2,1.0000,0,0.0000,0,0,0,0,0,0,0
"RocketReports","MINT4031",7,6,0.8571,1,0.1428,0,0,0,0,0,0,1
"RocketReports","MINT4033",7,7,1.0000,0,0.0000,0,0,0,0,0,0,0
"RocketReports","MINT4035",1,1,1.0000,0,0.0000,0,0,0,0,0,0,0
"RocketReports","MINT4036",1,1,1.0000,0,0.0000,0,0,0,0,0,0,0
"RocketReports","MINT4038",1,1,1.0000,0,0.0000,0,0,0,0,0,0,0
"RocketReports","MINT5001",13,11,0.8461,2,0.1538,2,0,0,0,0,0,0
"RocketReports","MINT5002",6,6,1.0000,0,0.0000,0,0,0,0,0,0,0
"RocketReports","MINT5004",2,2,1.0000,0,0.0000,0,0,0,0,0,0,0
"RocketReports","MINT5005",3,3,1.0000,0,0.0000,0,0,0,0,0,0,0
"RocketReports","MINT5006",2,1,0.5000,1,0.5000,1,0,0,0,0,0,0
"RocketReports","MINT5007",1,1,1.0000,0,0.0000,0,0,0,0,0,0,0
"RocketReports","MINTHI11",1,1,1.0000,0,0.0000,0,0,0,0,0,0,0
"RocketReports","MINTHI21",8,8,1.0000,0,0.0000,0,0,0,0,0,0,0
"RocketReports","MINTHI31",17,17,1.0000,0,0.0000,0,0,0,0,0,0,0
"RocketReports","MINTHI32",1,1,1.0000,0,0.0000,0,0,0,0,0,0,0
"RocketReports","MINTHI41",13,13,1.0000,0,0.0000,0,0,0,0,0,0,0
"RocketReports","MINTHI51",26,25,0.9615,1,0.0384,0,0,0,0,0,0,1
"RocketReports","MINTHI61",6,6,1.0000,0,0.0000,0,0,0,0,0,0,0
"RocketReports","MINTHI62",9,8,0.8888,1,0.1111,0,0,0,0,0,0,1
"RocketReports","MINTHI71",32,28,0.8750,4,0.1250,2,0,1,0,0,0,1
"RocketReports","MINTPLB1",2,2,1.0000,0,0.0000,0,0,0,0,0,0,0
"RocketReports","MINTPLB2",1,1,1.0000,0,0.0000,0,0,0,0,0,0,0
"RocketReports","MINTPLB3",4,4,1.0000,0,0.0000,0,0,0,0,0,0,0
"RocketReports","MINTPLB4",2,1,0.5000,1,0.5000,1,0,0,0,0,0,0
"RocketReports","MINTPLB5",4,4,1.0000,0,0.0000,0,0,0,0,0,0,0
"RocketReports","MINTPMH1",1,1,1.0000,0,0.0000,0,0,0,0,0,0,0
"RocketReports","MINTPMH2",8,4,0.5000,4,0.5000,0,0,3,0,0,0,1
"RocketReports","TNS5GBZ3",10,10,1.0000,0,0.0000,0,0,0,0,0,0,0
"RocketReports","TNS5GBZ4",3,3,1.0000,0,0.0000,0,0,0,0,0,0,0
