"RocketReports","MINT0009",60,48,0.8000,12,0.2000,6,3,0,0,0,0,3
"RocketReports","MINT0025",1,1,1.0000,0,0.0000,0,0,0,0,0,0,0
"RocketReports","MINT0026",1,1,1.0000,0,0.0000,0,0,0,0,0,0,0
"RocketReports","MINT0027",5,5,1.0000,0,0.0000,0,0,0,0,0,0,0
"RocketReports","MINT0028",2,0,0.0000,2,1.0000,1,0,0,0,0,0,1
"RocketReports","MINT0032",5,5,1.0000,0,0.0000,0,0,0,0,0,0,0
"RocketReports","MINT0034",4,4,1.0000,0,0.0000,0,0,0,0,0,0,0
"RocketReports","MINT0037",3,3,1.0000,0,0.0000,0,0,0,0,0,0,0
"RocketReports","MINT0041",6,6,1.0000,0,0.0000,0,0,0,0,0,0,0
"RocketReports","MINT0042",20,10,0.5000,10,0.5000,6,1,0,0,0,0,3
"RocketReports","MINT0044",2,2,1.0000,0,0.0000,0,0,0,0,0,0,0
"RocketReports","MINT0049",2,2,1.0000,0,0.0000,0,0,0,0,0,0,0
"RocketReports","MINT0053",1,1,1.0000,0,0.0000,0,0,0,0,0,0,0
"RocketReports","MINT0054",5,5,1.0000,0,0.0000,0,0,0,0,0,0,0
"RocketReports","MINT0055",1,1,1.0000,0,0.0000,0,0,0,0,0,0,0
"RocketReports","MINT0056",6,5,0.8333,1,0.1666,1,0,0,0,0,0,0
"RocketReports","MINT0059",6,4,0.6666,2,0.3333,2,0,0,0,0,0,0
"RocketReports","MINT0062",14,10,0.7142,4,0.2857,0,0,4,0,0,0,0
"RocketReports","MINT0063",4,4,1.0000,0,0.0000,0,0,0,0,0,0,0
"RocketReports","MINT0067",4,4,1.0000,0,0.0000,0,0,0,0,0,0,0
"RocketReports","MINT0068",5,2,0.4000,3,0.6000,2,0,0,0,0,0,1
"RocketReports","MINT0069",56,52,0.9285,4,0.0714,0,0,2,0,0,0,2
"RocketReports","MINT0101",6,5,0.8333,1,0.1666,0,1,0,0,0,0,0
"RocketReports","MINT0106",3,2,0.6666,1,0.3333,1,0,0,0,0,0,0
"RocketReports","MINT0107",3,3,1.0000,0,0.0000,0,0,0,0,0,0,0
"RocketReports","MINT0108",5,5,1.0000,0,0.0000,0,0,0,0,0,0,0
"RocketReports","MINT0109",2,2,1.0000,0,0.0000,0,0,0,0,0,0,0
"RocketReports","MINT0110",2,2,1.0000,0,0.0000,0,0,0,0,0,0,0
"RocketReports","MINT0112",3,3,1.0000,0,0.0000,0,0,0,0,0,0,0
"RocketReports","MINT0115",2,2,1.0000,0,0.0000,0,0,0,0,0,0,0
"RocketReports","MINT0116",2,1,0.5000,1,0.5000,1,0,0,0,0,0,0
"RocketReports","MINT0118",1,1,1.0000,0,0.0000,0,0,0,0,0,0,0
"RocketReports","MINT0119",1,1,1.0000,0,0.0000,0,0,0,0,0,0,0
"RocketReports","MINT0120",2,2,1.0000,0,0.0000,0,0,0,0,0,0,0
"RocketReports","MINT0121",6,6,1.0000,0,0.0000,0,0,0,0,0,0,0
"RocketReports","MINT0124",3,3,1.0000,0,0.0000,0,0,0,0,0,0,0
"RocketReports","MINT0125",18,18,1.0000,0,0.0000,0,0,0,0,0,0,0
"RocketReports","MINT0127",10,8,0.8000,2,0.2000,1,0,0,0,0,0,1
"RocketReports","MINT0130",2,2,1.0000,0,0.0000,0,0,0,0,0,0,0
"RocketReports","MINT0131",1,1,1.0000,0,0.0000,0,0,0,0,0,0,0
"RocketReports","MINT0133",2,1,0.5000,1,0.5000,1,0,0,0,0,0,0
"RocketReports","MINT0135",2,2,1.0000,0,0.0000,0,0,0,0,0,0,0
"RocketReports","MINT0137",7,6,0.8571,1,0.1428,1,0,0,0,0,0,0
"RocketReports","MINT0138",5,5,1.0000,0,0.0000,0,0,0,0,0,0,0
"RocketReports","MINT0142",1,1,1.0000,0,0.0000,0,0,0,0,0,0,0
"RocketReports","MINT0143",3,3,1.0000,0,0.0000,0,0,0,0,0,0,0
"RocketReports","MINT0144",8,7,0.8750,1,0.1250,1,0,0,0,0,0,0
"RocketReports","MINT0149",2,1,0.5000,1,0.5000,0,0,0,0,0,0,1
"RocketReports","MINT0152",2,2,1.0000,0,0.0000,0,0,0,0,0,0,0
"RocketReports","MINT0153",1,1,1.0000,0,0.0000,0,0,0,0,0,0,0
"RocketReports","MINT0154",7,7,1.0000,0,0.0000,0,0,0,0,0,0,0
"RocketReports","MINT0155",21,20,0.9523,1,0.0476,0,0,0,0,0,0,1
"RocketReports","MINT0207",1,1,1.0000,0,0.0000,0,0,0,0,0,0,0
"RocketReports","MINT0208",1,1,1.0000,0,0.0000,0,0,0,0,0,0,0
"RocketReports","MINT0209",8,7,0.8750,1,0.1250,0,1,0,0,0,0,0
"RocketReports","MINT0305",1,1,1.0000,0,0.0000,0,0,0,0,0,0,0
"RocketReports","MINT0350",5,5,1.0000,0,0.0000,0,0,0,0,0,0,0
"RocketReports","MINT0352",3,3,1.0000,0,0.0000,0,0,0,0,0,0,0
"RocketReports","MINT0353",5,4,0.8000,1,0.2000,0,0,1,0,0,0,0
"RocketReports","MINT0355",5,4,0.8000,1,0.2000,1,0,0,0,0,0,0
"RocketReports","MINT0356",7,4,0.5714,3,0.4285,0,1,0,0,0,0,2
"RocketReports","MINT0357",3,3,1.0000,0,0.0000,0,0,0,0,0,0,0
"RocketReports","MINT0359",7,7,1.0000,0,0.0000,0,0,0,0,0,0,0
"RocketReports","MINT0360",5,5,1.0000,0,0.0000,0,0,0,0,0,0,0
"RocketReports","MINT0401",1,1,1.0000,0,0.0000,0,0,0,0,0,0,0
"RocketReports","MINT0402",14,4,0.2857,10,0.7142,2,1,0,0,0,0,7
"RocketReports","MINT0403",2,2,1.0000,0,0.0000,0,0,0,0,0,0,0
"RocketReports","MINT0404",1,1,1.0000,0,0.0000,0,0,0,0,0,0,0
"RocketReports","MINT0406",4,4,1.0000,0,0.0000,0,0,0,0,0,0,0
"RocketReports","MINT0409",4,4,1.0000,0,0.0000,0,0,0,0,0,0,0
"RocketReports","MINT0411",1,1,1.0000,0,0.0000,0,0,0,0,0,0,0
"RocketReports","MINT0413",2,1,0.5000,1,0.5000,1,0,0,0,0,0,0
"RocketReports","MINT0414",10,9,0.9000,1,0.1000,1,0,0,0,0,0,0
"RocketReports","MINT0417",1,1,1.0000,0,0.0000,0,0,0,0,0,0,0
"RocketReports","MINT0495",2,2,1.0000,0,0.0000,0,0,0,0,0,0,0
"RocketReports","MINT0497",8,8,1.0000,0,0.0000,0,0,0,0,0,0,0
"RocketReports","MINT0498",1,1,1.0000,0,0.0000,0,0,0,0,0,0,0
"RocketReports","MINT0508",44,41,0.9318,3,0.0681,1,0,2,0,0,0,0
"RocketReports","MINT0519",4,4,1.0000,0,0.0000,0,0,0,0,0,0,0
"RocketReports","MINT0527",6,6,1.0000,0,0.0000,0,0,0,0,0,0,0
"RocketReports","MINT0531",4,4,1.0000,0,0.0000,0,0,0,0,0,0,0
"RocketReports","MINT0532",12,11,0.9166,1,0.0833,1,0,0,0,0,0,0
"RocketReports","MINT0533",1,1,1.0000,0,0.0000,0,0,0,0,0,0,0
"RocketReports","MINT0534",3,3,1.0000,0,0.0000,0,0,0,0,0,0,0
"RocketReports","MINT0535",6,6,1.0000,0,0.0000,0,0,0,0,0,0,0
"RocketReports","MINT0537",5,5,1.0000,0,0.0000,0,0,0,0,0,0,0
"RocketReports","MINT0540",2,0,0.0000,2,1.0000,0,0,2,0,0,0,0
"RocketReports","MINT0545",2,2,1.0000,0,0.0000,0,0,0,0,0,0,0
"RocketReports","MINT0546",5,3,0.6000,2,0.4000,0,0,0,0,0,0,2
"RocketReports","MINT0547",1,0,0.0000,1,1.0000,1,0,0,0,0,0,0
"RocketReports","MINT0550",18,17,0.9444,1,0.0555,0,0,0,0,0,0,1
"RocketReports","MINT0554",2,2,1.0000,0,0.0000,0,0,0,0,0,0,0
"RocketReports","MINT0555",1,1,1.0000,0,0.0000,0,0,0,0,0,0,0
"RocketReports","MINT0556",4,4,1.0000,0,0.0000,0,0,0,0,0,0,0
"RocketReports","MINT0557",10,9,0.9000,1,0.1000,0,1,0,0,0,0,0
"RocketReports","MINT0559",18,13,0.7222,5,0.2777,4,1,0,0,0,0,0
"RocketReports","MINT0561",9,7,0.7777,2,0.2222,1,0,0,0,0,0,1
"RocketReports","MINT0562",6,6,1.0000,0,0.0000,0,0,0,0,0,0,0
"RocketReports","MINT0563",5,4,0.8000,1,0.2000,1,0,0,0,0,0,0
"RocketReports","MINT0564",4,4,1.0000,0,0.0000,0,0,0,0,0,0,0
"RocketReports","MINT0565",2,2,1.0000,0,0.0000,0,0,0,0,0,0,0
"RocketReports","MINT0567",17,16,0.9411,1,0.0588,0,0,0,0,0,0,1
"RocketReports","MINT0569",10,9,0.9000,1,0.1000,0,0,1,0,0,0,0
"RocketReports","MINT0570",3,1,0.3333,2,0.6666,0,1,0,0,0,0,1
"RocketReports","MINT0571",2,2,1.0000,0,0.0000,0,0,0,0,0,0,0
"RocketReports","MINT0572",6,6,1.0000,0,0.0000,0,0,0,0,0,0,0
"RocketReports","MINT0574",4,4,1.0000,0,0.0000,0,0,0,0,0,0,0
"RocketReports","MINT0576",2,0,0.0000,2,1.0000,2,0,0,0,0,0,0
"RocketReports","MINT0581",1,1,1.0000,0,0.0000,0,0,0,0,0,0,0
"RocketReports","MINT0582",4,3,0.7500,1,0.2500,0,0,0,0,0,0,1
"RocketReports","MINT0584",8,8,1.0000,0,0.0000,0,0,0,0,0,0,0
"RocketReports","MINT0585",2,2,1.0000,0,0.0000,0,0,0,0,0,0,0
"RocketReports","MINT0592",4,4,1.0000,0,0.0000,0,0,0,0,0,0,0
"RocketReports","MINT0593",7,7,1.0000,0,0.0000,0,0,0,0,0,0,0
"RocketReports","MINT0594",10,10,1.0000,0,0.0000,0,0,0,0,0,0,0
"RocketReports","MINT0595",7,7,1.0000,0,0.0000,0,0,0,0,0,0,0
"RocketReports","MINT0596",23,22,0.9565,1,0.0434,0,1,0,0,0,0,0
"RocketReports","MINT0598",2,2,1.0000,0,0.0000,0,0,0,0,0,0,0
"RocketReports","MINT0599",27,26,0.9629,1,0.0370,1,0,0,0,0,0,0
"RocketReports","MINT0600",2,2,1.0000,0,0.0000,0,0,0,0,0,0,0
"RocketReports","MINT0602",2,2,1.0000,0,0.0000,0,0,0,0,0,0,0
"RocketReports","MINT0606",11,10,0.9090,1,0.0909,0,0,0,0,0,0,1
"RocketReports","MINT0610",5,3,0.6000,2,0.4000,0,0,0,0,0,0,2
"RocketReports","MINT0615",1,0,0.0000,1,1.0000,0,1,0,0,0,0,0
"RocketReports","MINT0707",2,2,1.0000,0,0.0000,0,0,0,0,0,0,0
"RocketReports","MINT0901",1,1,1.0000,0,0.0000,0,0,0,0,0,0,0
"RocketReports","MINT0903",1,1,1.0000,0,0.0000,0,0,0,0,0,0,0
"RocketReports","MINT0905",3,3,1.0000,0,0.0000,0,0,0,0,0,0,0
"RocketReports","MINT0906",3,3,1.0000,0,0.0000,0,0,0,0,0,0,0
"RocketReports","MINT0908",2,2,1.0000,0,0.0000,0,0,0,0,0,0,0
"RocketReports","MINT0909",2,2,1.0000,0,0.0000,0,0,0,0,0,0,0
"RocketReports","MINT0912",12,10,0.8333,2,0.1666,0,0,2,0,0,0,0
"RocketReports","MINT0913",32,19,0.5937,13,0.4062,3,0,8,0,0,0,2
"RocketReports","MINT0914",1,1,1.0000,0,0.0000,0,0,0,0,0,0,0
"RocketReports","MINT0915",3,3,1.0000,0,0.0000,0,0,0,0,0,0,0
"RocketReports","MINT0916",4,4,1.0000,0,0.0000,0,0,0,0,0,0,0
"RocketReports","MINT0917",1,1,1.0000,0,0.0000,0,0,0,0,0,0,0
"RocketReports","MINT0918",1,1,1.0000,0,0.0000,0,0,0,0,0,0,0
"RocketReports","MINT0919",15,14,0.9333,1,0.0666,0,0,0,0,0,0,1
"RocketReports","MINT0920",2,2,1.0000,0,0.0000,0,0,0,0,0,0,0
"RocketReports","MINT0922",3,3,1.0000,0,0.0000,0,0,0,0,0,0,0
"RocketReports","MINT0923",6,0,0.0000,6,1.0000,0,0,0,0,0,0,6
"RocketReports","MINT0925",1,1,1.0000,0,0.0000,0,0,0,0,0,0,0
"RocketReports","MINT1007",6,6,1.0000,0,0.0000,0,0,0,0,0,0,0
"RocketReports","MINT1012",8,8,1.0000,0,0.0000,0,0,0,0,0,0,0
"RocketReports","MINT1016",22,18,0.8181,4,0.1818,1,0,0,0,0,0,3
"RocketReports","MINT1017",2,1,0.5000,1,0.5000,0,0,1,0,0,0,0
"RocketReports","MINT1019",2,2,1.0000,0,0.0000,0,0,0,0,0,0,0
"RocketReports","MINT1030",1,1,1.0000,0,0.0000,0,0,0,0,0,0,0
"RocketReports","MINT1041",18,16,0.8888,2,0.1111,1,0,1,0,0,0,0
"RocketReports","MINT1050",2,2,1.0000,0,0.0000,0,0,0,0,0,0,0
"RocketReports","MINT1061",1,1,1.0000,0,0.0000,0,0,0,0,0,0,0
"RocketReports","MINT1062",1,1,1.0000,0,0.0000,0,0,0,0,0,0,0
"RocketReports","MINT1063",41,37,0.9024,4,0.0975,4,0,0,0,0,0,0
"RocketReports","MINT1068",4,3,0.7500,1,0.2500,1,0,0,0,0,0,0
"RocketReports","MINT1069",3,3,1.0000,0,0.0000,0,0,0,0,0,0,0
"RocketReports","MINT1070",2,2,1.0000,0,0.0000,0,0,0,0,0,0,0
"RocketReports","MINT1072",3,3,1.0000,0,0.0000,0,0,0,0,0,0,0
"RocketReports","MINT1074",2,2,1.0000,0,0.0000,0,0,0,0,0,0,0
"RocketReports","MINT1075",8,7,0.8750,1,0.1250,0,0,0,0,0,0,1
"RocketReports","MINT1076",4,4,1.0000,0,0.0000,0,0,0,0,0,0,0
"RocketReports","MINT1079",1,1,1.0000,0,0.0000,0,0,0,0,0,0,0
"RocketReports","MINT1080",8,8,1.0000,0,0.0000,0,0,0,0,0,0,0
"RocketReports","MINT1081",1,1,1.0000,0,0.0000,0,0,0,0,0,0,0
"RocketReports","MINT1085",3,3,1.0000,0,0.0000,0,0,0,0,0,0,0
"RocketReports","MINT1086",4,4,1.0000,0,0.0000,0,0,0,0,0,0,0
"RocketReports","MINT1087",9,6,0.6666,3,0.3333,0,0,0,0,0,1,2
"RocketReports","MINT1091",2,2,1.0000,0,0.0000,0,0,0,0,0,0,0
"RocketReports","MINT1094",1,1,1.0000,0,0.0000,0,0,0,0,0,0,0
"RocketReports","MINT3000",11,10,0.9090,1,0.0909,0,0,0,0,0,0,1
"RocketReports","MINT3001",6,5,0.8333,1,0.1666,0,0,0,0,0,0,1
"RocketReports","MINT4000",28,21,0.7500,7,0.2500,2,0,5,0,0,0,0
"RocketReports","MINT4001",1,0,0.0000,1,1.0000,0,1,0,0,0,0,0
"RocketReports","MINT4003",21,21,1.0000,0,0.0000,0,0,0,0,0,0,0
"RocketReports","MINT4005",15,15,1.0000,0,0.0000,0,0,0,0,0,0,0
"RocketReports","MINT4009",26,21,0.8076,5,0.1923,5,0,0,0,0,0,0
"RocketReports","MINT4010",31,28,0.9032,3,0.0967,1,0,0,0,0,0,2
"RocketReports","MINT4013",1,1,1.0000,0,0.0000,0,0,0,0,0,0,0
"RocketReports","MINT4014",13,12,0.9230,1,0.0769,1,0,0,0,0,0,0
"RocketReports","MINT4015",25,21,0.8400,4,0.1600,1,0,1,0,0,0,2
"RocketReports","MINT4018",3,3,1.0000,0,0.0000,0,0,0,0,0,0,0
"RocketReports","MINT4020",14,12,0.8571,2,0.1428,1,0,0,0,0,0,1
"RocketReports","MINT4022",50,44,0.8800,6,0.1200,3,0,0,0,0,0,3
"RocketReports","MINT4024",13,11,0.8461,2,0.1538,0,0,0,0,0,0,2
"RocketReports","MINT4025",28,27,0.9642,1,0.0357,1,0,0,0,0,0,0
"RocketReports","MINT4026",1,1,1.0000,0,0.0000,0,0,0,0,0,0,0
"RocketReports","MINT4027",2,2,1.0000,0,0.0000,0,0,0,0,0,0,0
"RocketReports","MINT4028",3,3,1.0000,0,0.0000,0,0,0,0,0,0,0
"RocketReports","MINT4031",14,13,0.9285,1,0.0714,1,0,0,0,0,0,0
"RocketReports","MINT4033",9,8,0.8888,1,0.1111,1,0,0,0,0,0,0
"RocketReports","MINT4035",3,3,1.0000,0,0.0000,0,0,0,0,0,0,0
"RocketReports","MINT4036",7,6,0.8571,1,0.1428,1,0,0,0,0,0,0
"RocketReports","MINT4037",2,2,1.0000,0,0.0000,0,0,0,0,0,0,0
"RocketReports","MINT5001",13,13,1.0000,0,0.0000,0,0,0,0,0,0,0
"RocketReports","MINT5002",5,5,1.0000,0,0.0000,0,0,0,0,0,0,0
"RocketReports","MINT5004",1,1,1.0000,0,0.0000,0,0,0,0,0,0,0
"RocketReports","MINT5007",7,6,0.8571,1,0.1428,1,0,0,0,0,0,0
"RocketReports","MINTHI11",3,3,1.0000,0,0.0000,0,0,0,0,0,0,0
"RocketReports","MINTHI21",18,16,0.8888,2,0.1111,1,0,1,0,0,0,0
"RocketReports","MINTHI31",25,21,0.8400,4,0.1600,1,1,2,0,0,0,0
"RocketReports","MINTHI41",7,7,1.0000,0,0.0000,0,0,0,0,0,0,0
"RocketReports","MINTHI51",32,32,1.0000,0,0.0000,0,0,0,0,0,0,0
"RocketReports","MINTHI61",1,1,1.0000,0,0.0000,0,0,0,0,0,0,0
"RocketReports","MINTHI62",20,20,1.0000,0,0.0000,0,0,0,0,0,0,0
"RocketReports","MINTHI71",10,8,0.8000,2,0.2000,0,2,0,0,0,0,0
"RocketReports","MINTPLB1",3,3,1.0000,0,0.0000,0,0,0,0,0,0,0
"RocketReports","MINTPLB2",6,5,0.8333,1,0.1666,1,0,0,0,0,0,0
"RocketReports","MINTPLB3",4,4,1.0000,0,0.0000,0,0,0,0,0,0,0
"RocketReports","MINTPLB4",12,11,0.9166,1,0.0833,1,0,0,0,0,0,0
"RocketReports","MINTPLB5",9,6,0.6666,3,0.3333,3,0,0,0,0,0,0
"RocketReports","MINTPMH1",2,2,1.0000,0,0.0000,0,0,0,0,0,0,0
"RocketReports","MINTPMH2",6,5,0.8333,1,0.1666,0,1,0,0,0,0,0
"RocketReports","MINTPMH3",1,1,1.0000,0,0.0000,0,0,0,0,0,0,0
"RocketReports","TNS5GBZ3",20,15,0.7500,5,0.2500,1,3,0,0,0,0,1
"RocketReports","TNS5GBZ4",1,0,0.0000,1,1.0000,0,0,0,0,0,0,1
