"MintATM","MINT0009",53,8827,8900,5460.0000,119.2500,43,6,0,3,1,0,0,29.4000,"20200801"
"MintATM","MINT0010",73,3984,4059,5820.0000,146.0000,60,10,1,1,1,0,0,42.6000,"20200801"
"MintATM","MINT0025",4,4938,4941,380.0000,12.0000,3,1,0,0,0,0,0,2.4000,"20200801"
"MintATM","MINT0026",6,296,301,220.0000,18.0000,4,2,0,0,0,0,0,3.6000,"20200801"
"MintATM","MINT0028",1,9225,9225,60.0000,3.7500,0,0,0,0,1,0,0,0.0000,"20200801"
"MintATM","MINT0032",50,1822,1875,3760.0000,100.0000,46,3,0,1,0,0,0,29.4000,"20200801"
"MintATM","MINT0034",17,4132,4150,1420.0000,34.0000,16,1,0,0,0,0,0,10.2000,"20200801"
"MintATM","MINT0041",20,9022,9048,1420.0000,40.0000,16,2,0,2,0,0,0,10.8000,"20200801"
"MintATM","MINT0042",24,9787,9817,2340.0000,84.0000,18,2,0,4,0,0,0,12.0000,"20200801"
"MintATM","MINT0049",5,7953,7959,1380.0000,18.7500,2,0,0,0,3,0,0,1.2000,"20200801"
"MintATM","MINT0050",3,5365,5368,180.0000,9.0000,3,0,0,0,0,0,0,1.8000,"20200801"
"MintATM","MINT0051",2,1643,1644,160.0000,7.0000,2,0,0,0,0,0,0,1.2000,"20200801"
"MintATM","MINT0054",8,4112,4119,520.0000,28.0000,8,0,0,0,0,0,0,4.8000,"20200801"
"MintATM","MINT0056",3,942,944,500.0000,10.5000,3,0,0,0,0,0,0,1.8000,"20200801"
"MintATM","MINT0059",4,9630,9633,460.0000,11.0000,2,2,0,0,0,0,0,2.4000,"20200801"
"MintATM","MINT0062",12,768,780,1580.0000,42.0000,11,0,0,0,1,0,0,6.6000,"20200801"
"MintATM","MINT0063",6,2342,2347,460.0000,18.0000,3,2,1,0,0,0,0,3.6000,"20200801"
"MintATM","MINT0065",1,6066,6066,200.0000,3.0000,1,0,0,0,0,0,0,0.6000,"20200801"
"MintATM","MINT0067",14,6241,6257,2240.0000,52.5000,7,0,1,0,6,0,0,4.8000,"20200801"
"MintATM","MINT0068",2,1371,1372,40.0000,9.5000,2,0,0,0,0,0,0,1.2000,"20200801"
"MintATM","MINT0101",3,46,48,120.0000,9.0000,2,1,0,0,0,0,0,1.8000,"20200801"
"MintATM","MINT0105",4,98,101,320.0000,12.0000,4,0,0,0,0,0,0,2.4000,"20200801"
"MintATM","MINT0106",1,6115,6116,40.0000,3.0000,1,0,0,0,0,0,0,0.6000,"20200801"
"MintATM","MINT0107",4,1019,1022,120.0000,12.0000,2,1,1,0,0,0,0,2.4000,"20200801"
"MintATM","MINT0109",4,8254,8257,880.0000,12.0000,3,0,1,0,0,0,0,2.4000,"20200801"
"MintATM","MINT0110",3,6432,6435,700.0000,9.0000,3,0,0,0,0,0,0,1.8000,"20200801"
"MintATM","MINT0112",3,2389,2393,240.0000,8.2500,3,0,0,0,0,0,0,1.8000,"20200801"
"MintATM","MINT0115",4,954,957,180.0000,12.0000,4,0,0,0,0,0,0,2.4000,"20200801"
"MintATM","MINT0116",6,5942,5947,320.0000,18.0000,3,0,2,1,0,0,0,3.0000,"20200801"
"MintATM","MINT0117",59,530,589,5080.0000,206.5000,46,3,7,3,0,0,0,33.6000,"20200801"
"MintATM","MINT0118",3,3659,3661,180.0000,10.5000,3,0,0,0,0,0,0,1.8000,"20200801"
"MintATM","MINT0119",1,7396,7396,100.0000,3.5000,1,0,0,0,0,0,0,0.6000,"20200801"
"MintATM","MINT0121",5,4842,4848,760.0000,15.0000,4,1,0,0,0,0,0,3.0000,"20200801"
"MintATM","MINT0125",7,7655,7661,800.0000,21.0000,5,0,1,1,0,0,0,3.6000,"20200801"
"MintATM","MINT0126",8,3915,3925,680.0000,24.0000,6,2,0,0,0,0,0,4.8000,"20200801"
"MintATM","MINT0127",9,4695,4704,1060.0000,27.0000,5,1,2,1,0,0,0,4.8000,"20200801"
"MintATM","MINT0131",1,406,406,320.0000,2.0000,0,1,0,0,0,0,0,0.6000,"20200801"
"MintATM","MINT0135",5,1177,1181,1420.0000,15.0000,5,0,0,0,0,0,0,3.0000,"20200801"
"MintATM","MINT0137",8,1651,1662,1080.0000,24.0000,5,3,0,0,0,0,0,4.8000,"20200801"
"MintATM","MINT0138",1,2870,2870,60.0000,3.0000,0,1,0,0,0,0,0,0.6000,"20200801"
"MintATM","MINT0141",6,1760,1765,920.0000,18.0000,6,0,0,0,0,0,0,3.6000,"20200801"
"MintATM","MINT0142",2,73,74,200.0000,7.9000,2,0,0,0,0,0,0,1.2000,"20200801"
"MintATM","MINT0143",7,4692,4698,1620.0000,21.0000,5,0,2,0,0,0,0,4.2000,"20200801"
"MintATM","MINT0144",1,496,497,60.0000,3.5000,0,0,0,0,1,0,0,0.0000,"20200801"
"MintATM","MINT0145",0,438,438,0.0000,0.0000,0,0,0,0,0,0,0,0.0000,"20200801"
"MintATM","MINT0149",1,633,633,200.0000,3.5000,1,0,0,0,0,0,0,0.6000,"20200801"
"MintATM","MINT0153",1,404,404,20.0000,3.0000,1,0,0,0,0,0,0,0.6000,"20200801"
"MintATM","MINT0154",20,1774,1794,1260.0000,55.0000,16,2,2,0,0,0,0,12.0000,"20200801"
"MintATM","MINT0155",16,1669,1685,2050.0000,48.0000,13,2,0,1,0,0,0,9.0000,"20200801"
"MintATM","MINT0351",1,857,858,200.0000,4.0000,1,0,0,0,0,0,0,0.6000,"20200801"
"MintATM","MINT0352",2,864,865,220.0000,7.5000,2,0,0,0,0,0,0,1.2000,"20200801"
"MintATM","MINT0353",10,2594,2603,1300.0000,37.5000,10,0,0,0,0,0,0,6.0000,"20200801"
"MintATM","MINT0355",7,1222,1228,280.0000,21.0000,5,2,0,0,0,0,0,4.2000,"20200801"
"MintATM","MINT0356",6,1308,1314,1240.0000,22.5000,4,0,0,2,0,0,0,2.4000,"20200801"
"MintATM","MINT0357",1,430,430,100.0000,3.7500,1,0,0,0,0,0,0,0.6000,"20200801"
"MintATM","MINT0358",15,526,547,1620.0000,56.2500,9,3,2,1,0,0,0,8.4000,"20200801"
"MintATM","MINT0360",6,327,332,520.0000,18.0000,5,0,0,1,0,0,0,3.0000,"20200801"
"MintATM","MINT0402",2,2368,2370,500.0000,5.9000,2,0,0,0,0,0,0,1.2000,"20200801"
"MintATM","MINT0403",5,2747,2754,800.0000,14.7500,2,1,2,0,0,0,0,3.0000,"20200801"
"MintATM","MINT0406",5,1182,1187,500.0000,15.0000,5,0,0,0,0,0,0,3.0000,"20200801"
"MintATM","MINT0407",1,848,849,40.0000,3.0000,1,0,0,0,0,0,0,0.6000,"20200801"
"MintATM","MINT0408",1,305,305,80.0000,3.0000,1,0,0,0,0,0,0,0.6000,"20200801"
"MintATM","MINT0409",8,272,279,780.0000,24.0000,7,0,1,0,0,0,0,4.8000,"20200801"
"MintATM","MINT0410",1,138,138,400.0000,3.0000,0,0,1,0,0,0,0,0.6000,"20200801"
"MintATM","MINT0411",3,586,588,560.0000,9.7500,1,0,2,0,0,0,0,1.8000,"20200801"
"MintATM","MINT0414",7,303,310,760.0000,19.2500,4,1,2,0,0,0,0,4.2000,"20200801"
"MintATM","MINT0416",1,9,9,160.0000,3.0000,1,0,0,0,0,0,0,0.6000,"20200801"
"MintATM","MINT0499",0,1858,1858,0.0000,0.0000,0,0,0,0,0,0,0,0.0000,"20200801"
"MintATM","MINT0508",51,2714,2770,4960.0000,153.0000,42,4,2,1,2,0,0,28.8000,"20200801"
"MintATM","MINT0522",15,4903,4919,780.0000,37.5000,13,0,1,1,0,0,0,8.4000,"20200801"
"MintATM","MINT0527",6,1184,1189,180.0000,18.0000,6,0,0,0,0,0,0,3.6000,"20200801"
"MintATM","MINT0531",4,8499,8502,140.0000,4.0000,4,0,0,0,0,0,0,2.4000,"20200801"
"MintATM","MINT0532",29,4353,4383,1500.0000,87.0000,28,0,1,0,0,0,0,17.4000,"20200801"
"MintATM","MINT0533",37,5435,5474,2320.0000,111.0000,34,2,1,0,0,0,0,22.2000,"20200801"
"MintATM","MINT0537",1,8272,8273,200.0000,3.0000,1,0,0,0,0,0,0,0.6000,"20200801"
"MintATM","MINT0540",4,9260,9263,180.0000,12.0000,3,1,0,0,0,0,0,2.4000,"20200801"
"MintATM","MINT0542",8,3214,3222,940.0000,24.0000,7,0,0,0,1,0,0,4.2000,"20200801"
"MintATM","MINT0546",8,1821,1828,420.0000,24.0000,7,1,0,0,0,0,0,4.8000,"20200801"
"MintATM","MINT0548",1,2252,2252,20.0000,3.0000,0,1,0,0,0,0,0,0.6000,"20200801"
"MintATM","MINT0550",49,4449,4501,3400.0000,147.0000,44,4,1,0,0,0,0,29.4000,"20200801"
"MintATM","MINT0554",37,1280,1319,2100.0000,111.0000,30,3,2,2,0,0,0,21.0000,"20200801"
"MintATM","MINT0556",4,2944,2947,140.0000,4.0000,3,1,0,0,0,0,0,2.4000,"20200801"
"MintATM","MINT0561",4,6408,6412,140.0000,12.0000,4,0,0,0,0,0,0,2.4000,"20200801"
"MintATM","MINT0562",4,147,150,200.0000,10.0000,4,0,0,0,0,0,0,2.4000,"20200801"
"MintATM","MINT0563",4,4935,4938,460.0000,10.0000,3,0,1,0,0,0,0,2.4000,"20200801"
"MintATM","MINT0564",11,7538,7548,1060.0000,27.5000,9,2,0,0,0,0,0,6.6000,"20200801"
"MintATM","MINT0567",18,6060,6079,2760.0000,45.0000,15,3,0,0,0,0,0,10.8000,"20200801"
"MintATM","MINT0569",7,9014,9020,520.0000,17.5000,7,0,0,0,0,0,0,4.2000,"20200801"
"MintATM","MINT0570",9,7431,7439,1540.0000,22.5000,6,2,1,0,0,0,0,5.4000,"20200801"
"MintATM","MINT0572",2,5412,5413,80.0000,6.0000,1,1,0,0,0,0,0,1.2000,"20200801"
"MintATM","MINT0574",7,8993,9000,1400.0000,21.0000,6,0,0,1,0,0,0,3.6000,"20200801"
"MintATM","MINT0577",7,5936,5943,540.0000,21.0000,5,1,0,1,0,0,0,3.6000,"20200801"
"MintATM","MINT0579",5,5804,5808,180.0000,7.5000,4,0,0,0,1,0,0,2.4000,"20200801"
"MintATM","MINT0581",3,3571,3573,740.0000,9.0000,3,0,0,0,0,0,0,1.8000,"20200801"
"MintATM","MINT0582",5,6278,6282,320.0000,15.0000,4,1,0,0,0,0,0,3.0000,"20200801"
"MintATM","MINT0583",2,2809,2810,160.0000,6.0000,2,0,0,0,0,0,0,1.2000,"20200801"
"MintATM","MINT0585",2,4477,4478,80.0000,0.0000,2,0,0,0,0,0,0,1.2000,"20200801"
"MintATM","MINT0586",7,2556,2562,520.0000,21.0000,7,0,0,0,0,0,0,4.2000,"20200801"
"MintATM","MINT0588",1,3059,3059,100.0000,3.0000,1,0,0,0,0,0,0,0.6000,"20200801"
"MintATM","MINT0589",12,295,307,660.0000,36.0000,10,2,0,0,0,0,0,7.2000,"20200801"
"MintATM","MINT0590",0,6146,6147,0.0000,0.0000,0,0,0,0,0,0,0,0.0000,"20200801"
"MintATM","MINT0591",40,9356,9401,3200.0000,120.0000,34,4,1,1,0,0,0,23.4000,"20200801"
"MintATM","MINT0592",6,5310,5316,260.0000,18.0000,6,0,0,0,0,0,0,3.6000,"20200801"
"MintATM","MINT0593",4,48,51,180.0000,12.0000,4,0,0,0,0,0,0,2.4000,"20200801"
"MintATM","MINT0594",7,3165,3172,540.0000,21.0000,7,0,0,0,0,0,0,4.2000,"20200801"
"MintATM","MINT0595",11,4660,4671,460.0000,33.0000,9,1,0,1,0,0,0,6.0000,"20200801"
"MintATM","MINT0596",16,2721,2737,1000.0000,48.0000,16,0,0,0,0,0,0,9.6000,"20200801"
"MintATM","MINT0598",34,7381,7416,3780.0000,102.0000,32,2,0,0,0,0,0,20.4000,"20200801"
"MintATM","MINT0609",1,3360,3360,160.0000,3.9500,1,0,0,0,0,0,0,0.6000,"20200801"
"MintATM","MINT0610",3,8258,8261,580.0000,11.8500,2,1,0,0,0,0,0,1.8000,"20200801"
"MintATM","MINT0705",5,8549,8555,1620.0000,17.5000,3,2,0,0,0,0,0,3.0000,"20200801"
"MintATM","MINT0711",2,299,300,30.0000,6.0000,1,1,0,0,0,0,0,1.2000,"20200801"
"MintATM","MINT0712",2,3109,3110,80.0000,6.0000,1,1,0,0,0,0,0,1.2000,"20200801"
"MintATM","MINT0728",2,2226,2227,220.0000,6.0000,2,0,0,0,0,0,0,1.2000,"20200801"
"MintATM","MINT0901",1,1154,1154,300.0000,3.0000,1,0,0,0,0,0,0,0.6000,"20200801"
"MintATM","MINT0903",2,648,650,400.0000,6.0000,2,0,0,0,0,0,0,1.2000,"20200801"
"MintATM","MINT0906",1,1750,1751,160.0000,3.0000,0,1,0,0,0,0,0,0.6000,"20200801"
"MintATM","MINT0908",2,43,44,380.0000,6.0000,2,0,0,0,0,0,0,1.2000,"20200801"
"MintATM","MINT0910",1,676,676,100.0000,3.0000,1,0,0,0,0,0,0,0.6000,"20200801"
"MintATM","MINT0912",15,8889,8904,2000.0000,45.0000,11,3,0,1,0,0,0,8.4000,"20200801"
"MintATM","MINT0913",17,5048,5074,2060.0000,51.0000,10,4,0,3,0,0,0,8.4000,"20200801"
"MintATM","MINT0916",10,2681,2694,2260.0000,30.0000,9,1,0,0,0,0,0,6.0000,"20200801"
"MintATM","MINT0917",4,241,245,1020.0000,12.0000,3,1,0,0,0,0,0,2.4000,"20200801"
"MintATM","MINT0919",21,3574,3594,4100.0000,63.0000,18,2,0,1,0,0,0,12.0000,"20200801"
"MintATM","MINT0922",13,215,228,1360.0000,39.0000,12,1,0,0,0,0,0,7.8000,"20200801"
"MintATM","MINT1014",1,1117,1117,40.0000,3.0000,1,0,0,0,0,0,0,0.6000,"20200801"
"MintATM","MINT1015",4,802,805,880.0000,12.0000,4,0,0,0,0,0,0,2.4000,"20200801"
"MintATM","MINT1050",2,1494,1495,100.0000,6.0000,2,0,0,0,0,0,0,1.2000,"20200801"
"MintATM","MINT1061",5,370,375,1160.0000,17.5000,5,0,0,0,0,0,0,3.0000,"20200801"
"MintATM","MINT1062",4,181,184,420.0000,14.0000,4,0,0,0,0,0,0,2.4000,"20200801"
"MintATM","MINT1063",19,218,237,1740.0000,57.0000,15,3,0,1,0,0,0,10.8000,"20200801"
"MintATM","MINT1066",6,343,349,340.0000,18.0000,5,0,0,1,0,0,0,3.0000,"20200801"
"MintATM","MINT1070",5,14,18,460.0000,12.5000,4,1,0,0,0,0,0,3.0000,"20200801"
"MintATM","MINT1071",0,29,29,0.0000,0.0000,0,0,0,0,0,0,0,0.0000,"20200801"
"MintATM","MINT1072",2,486,487,180.0000,4.0000,2,0,0,0,0,0,0,1.2000,"20200801"
"MintATM","MINT1074",3,214,216,200.0000,8.2500,2,1,0,0,0,0,0,1.8000,"20200801"
"MintATM","MINT1075",15,874,890,1460.0000,45.0000,6,9,0,0,0,0,0,9.0000,"20200801"
"MintATM","MINT1076",9,600,613,740.0000,27.0000,6,3,0,0,0,0,0,5.4000,"20200801"
"MintATM","MINT1077",2,134,137,800.0000,9.0000,2,0,0,0,0,0,0,1.2000,"20200801"
"MintATM","MINT1078",1,1,1,100.0000,3.0000,1,0,0,0,0,0,0,0.6000,"20200801"
"MintATM","MINT3000",9,494,502,300.0000,36.0000,7,0,0,1,1,0,0,4.2000,"20200801"
"MintATM","MINT3001",8,903,912,500.0000,20.0000,8,0,0,0,0,0,0,4.8000,"20200801"
"MintATM","MINTHI21",12,12,25,1060.0000,36.0000,12,0,0,0,0,0,0,7.2000,"20200801"
"MintATM","MINTHI31",38,49,90,4240.0000,114.0000,23,0,7,7,1,0,0,18.0000,"20200801"
"MintATM","MINTHI41",7,21,27,1240.0000,21.0000,6,1,0,0,0,0,0,4.2000,"20200801"
"MintATM","MINTHI51",11,2,17,2280.0000,33.0000,11,0,0,0,0,0,0,6.6000,"20200801"
"MintATM","TNS5GBZ3",9,484,498,1140.0000,27.0000,4,5,0,0,0,0,0,5.4000,"20200801"
"MintATM","TNS5GBZ4",7,7766,7772,780.0000,21.0000,5,1,1,0,0,0,0,4.2000,"20200801"
