"MintATM","MINT0009",74,53,0.7162,21,0.2837,7,2,8,0,0,0,4
"MintATM","MINT0010",76,73,0.9605,3,0.0394,1,0,0,0,0,1,1
"MintATM","MINT0025",4,4,1.0000,0,0.0000,0,0,0,0,0,0,0
"MintATM","MINT0026",6,6,1.0000,0,0.0000,0,0,0,0,0,0,0
"MintATM","MINT0028",1,1,1.0000,0,0.0000,0,0,0,0,0,0,0
"MintATM","MINT0032",54,50,0.9259,4,0.0740,0,2,0,0,0,0,2
"MintATM","MINT0034",19,17,0.8947,2,0.1052,0,0,0,0,0,2,0
"MintATM","MINT0041",25,20,0.8000,5,0.2000,2,1,1,0,0,0,1
"MintATM","MINT0042",31,24,0.7741,7,0.2258,5,0,0,0,0,0,2
"MintATM","MINT0049",7,5,0.7142,2,0.2857,2,0,0,0,0,0,0
"MintATM","MINT0050",4,3,0.7500,1,0.2500,0,0,1,0,0,0,0
"MintATM","MINT0051",2,2,1.0000,0,0.0000,0,0,0,0,0,0,0
"MintATM","MINT0054",8,8,1.0000,0,0.0000,0,0,0,0,0,0,0
"MintATM","MINT0056",3,3,1.0000,0,0.0000,0,0,0,0,0,0,0
"MintATM","MINT0059",4,4,1.0000,0,0.0000,0,0,0,0,0,0,0
"MintATM","MINT0062",13,12,0.9230,1,0.0769,0,0,0,0,0,0,1
"MintATM","MINT0063",6,6,1.0000,0,0.0000,0,0,0,0,0,0,0
"MintATM","MINT0065",1,1,1.0000,0,0.0000,0,0,0,0,0,0,0
"MintATM","MINT0067",17,14,0.8235,3,0.1764,0,0,0,0,0,0,3
"MintATM","MINT0068",2,2,1.0000,0,0.0000,0,0,0,0,0,0,0
"MintATM","MINT0101",3,3,1.0000,0,0.0000,0,0,0,0,0,0,0
"MintATM","MINT0105",4,4,1.0000,0,0.0000,0,0,0,0,0,0,0
"MintATM","MINT0106",2,1,0.5000,1,0.5000,1,0,0,0,0,0,0
"MintATM","MINT0107",4,4,1.0000,0,0.0000,0,0,0,0,0,0,0
"MintATM","MINT0109",4,4,1.0000,0,0.0000,0,0,0,0,0,0,0
"MintATM","MINT0110",4,3,0.7500,1,0.2500,0,1,0,0,0,0,0
"MintATM","MINT0112",5,3,0.6000,2,0.4000,1,0,0,0,0,0,1
"MintATM","MINT0115",4,4,1.0000,0,0.0000,0,0,0,0,0,0,0
"MintATM","MINT0116",6,6,1.0000,0,0.0000,0,0,0,0,0,0,0
"MintATM","MINT0117",60,59,0.9833,1,0.0166,1,0,0,0,0,0,0
"MintATM","MINT0118",3,3,1.0000,0,0.0000,0,0,0,0,0,0,0
"MintATM","MINT0119",1,1,1.0000,0,0.0000,0,0,0,0,0,0,0
"MintATM","MINT0121",7,5,0.7142,2,0.2857,2,0,0,0,0,0,0
"MintATM","MINT0125",7,7,1.0000,0,0.0000,0,0,0,0,0,0,0
"MintATM","MINT0126",11,8,0.7272,3,0.2727,3,0,0,0,0,0,0
"MintATM","MINT0127",10,9,0.9000,1,0.1000,0,0,0,0,0,0,1
"MintATM","MINT0131",1,1,1.0000,0,0.0000,0,0,0,0,0,0,0
"MintATM","MINT0135",5,5,1.0000,0,0.0000,0,0,0,0,0,0,0
"MintATM","MINT0137",12,8,0.6666,4,0.3333,2,2,0,0,0,0,0
"MintATM","MINT0138",1,1,1.0000,0,0.0000,0,0,0,0,0,0,0
"MintATM","MINT0141",6,6,1.0000,0,0.0000,0,0,0,0,0,0,0
"MintATM","MINT0142",2,2,1.0000,0,0.0000,0,0,0,0,0,0,0
"MintATM","MINT0143",7,7,1.0000,0,0.0000,0,0,0,0,0,0,0
"MintATM","MINT0144",2,1,0.5000,1,0.5000,0,0,0,0,0,0,1
"MintATM","MINT0145",1,0,0.0000,1,1.0000,1,0,0,0,0,0,0
"MintATM","MINT0149",1,1,1.0000,0,0.0000,0,0,0,0,0,0,0
"MintATM","MINT0153",1,1,1.0000,0,0.0000,0,0,0,0,0,0,0
"MintATM","MINT0154",21,20,0.9523,1,0.0476,0,1,0,0,0,0,0
"MintATM","MINT0155",17,16,0.9411,1,0.0588,0,1,0,0,0,0,0
"MintATM","MINT0351",2,1,0.5000,1,0.5000,1,0,0,0,0,0,0
"MintATM","MINT0352",2,2,1.0000,0,0.0000,0,0,0,0,0,0,0
"MintATM","MINT0353",10,10,1.0000,0,0.0000,0,0,0,0,0,0,0
"MintATM","MINT0355",7,7,1.0000,0,0.0000,0,0,0,0,0,0,0
"MintATM","MINT0356",7,6,0.8571,1,0.1428,0,0,0,0,0,0,1
"MintATM","MINT0357",1,1,1.0000,0,0.0000,0,0,0,0,0,0,0
"MintATM","MINT0358",22,15,0.6818,7,0.3181,1,0,0,0,0,1,5
"MintATM","MINT0360",6,6,1.0000,0,0.0000,0,0,0,0,0,0,0
"MintATM","MINT0402",3,2,0.6666,1,0.3333,0,0,0,0,0,0,1
"MintATM","MINT0403",8,5,0.6250,3,0.3750,2,0,1,0,0,0,0
"MintATM","MINT0406",6,5,0.8333,1,0.1666,0,0,1,0,0,0,0
"MintATM","MINT0407",2,1,0.5000,1,0.5000,0,0,0,0,0,0,1
"MintATM","MINT0408",1,1,1.0000,0,0.0000,0,0,0,0,0,0,0
"MintATM","MINT0409",8,8,1.0000,0,0.0000,0,0,0,0,0,0,0
"MintATM","MINT0410",1,1,1.0000,0,0.0000,0,0,0,0,0,0,0
"MintATM","MINT0411",3,3,1.0000,0,0.0000,0,0,0,0,0,0,0
"MintATM","MINT0414",8,7,0.8750,1,0.1250,0,0,0,0,0,0,1
"MintATM","MINT0416",1,1,1.0000,0,0.0000,0,0,0,0,0,0,0
"MintATM","MINT0499",1,0,0.0000,1,1.0000,0,0,0,0,0,0,1
"MintATM","MINT0508",57,51,0.8947,6,0.1052,2,2,1,0,0,0,1
"MintATM","MINT0522",17,15,0.8823,2,0.1176,0,1,0,0,0,1,0
"MintATM","MINT0527",6,6,1.0000,0,0.0000,0,0,0,0,0,0,0
"MintATM","MINT0531",4,4,1.0000,0,0.0000,0,0,0,0,0,0,0
"MintATM","MINT0532",31,29,0.9354,2,0.0645,1,1,0,0,0,0,0
"MintATM","MINT0533",40,37,0.9250,3,0.0750,1,0,1,0,0,0,1
"MintATM","MINT0537",2,1,0.5000,1,0.5000,0,0,1,0,0,0,0
"MintATM","MINT0540",4,4,1.0000,0,0.0000,0,0,0,0,0,0,0
"MintATM","MINT0542",9,8,0.8888,1,0.1111,1,0,0,0,0,0,0
"MintATM","MINT0546",8,8,1.0000,0,0.0000,0,0,0,0,0,0,0
"MintATM","MINT0548",1,1,1.0000,0,0.0000,0,0,0,0,0,0,0
"MintATM","MINT0550",53,49,0.9245,4,0.0754,1,0,1,0,0,0,2
"MintATM","MINT0554",40,37,0.9250,3,0.0750,0,2,0,0,0,0,1
"MintATM","MINT0556",4,4,1.0000,0,0.0000,0,0,0,0,0,0,0
"MintATM","MINT0561",5,4,0.8000,1,0.2000,0,1,0,0,0,0,0
"MintATM","MINT0562",4,4,1.0000,0,0.0000,0,0,0,0,0,0,0
"MintATM","MINT0563",4,4,1.0000,0,0.0000,0,0,0,0,0,0,0
"MintATM","MINT0564",11,11,1.0000,0,0.0000,0,0,0,0,0,0,0
"MintATM","MINT0567",20,18,0.9000,2,0.1000,2,0,0,0,0,0,0
"MintATM","MINT0569",7,7,1.0000,0,0.0000,0,0,0,0,0,0,0
"MintATM","MINT0570",9,9,1.0000,0,0.0000,0,0,0,0,0,0,0
"MintATM","MINT0572",2,2,1.0000,0,0.0000,0,0,0,0,0,0,0
"MintATM","MINT0574",8,7,0.8750,1,0.1250,1,0,0,0,0,0,0
"MintATM","MINT0577",8,7,0.8750,1,0.1250,0,0,0,0,0,0,1
"MintATM","MINT0579",5,5,1.0000,0,0.0000,0,0,0,0,0,0,0
"MintATM","MINT0581",3,3,1.0000,0,0.0000,0,0,0,0,0,0,0
"MintATM","MINT0582",5,5,1.0000,0,0.0000,0,0,0,0,0,0,0
"MintATM","MINT0583",2,2,1.0000,0,0.0000,0,0,0,0,0,0,0
"MintATM","MINT0585",2,2,1.0000,0,0.0000,0,0,0,0,0,0,0
"MintATM","MINT0586",7,7,1.0000,0,0.0000,0,0,0,0,0,0,0
"MintATM","MINT0588",1,1,1.0000,0,0.0000,0,0,0,0,0,0,0
"MintATM","MINT0589",13,12,0.9230,1,0.0769,1,0,0,0,0,0,0
"MintATM","MINT0590",2,0,0.0000,2,1.0000,1,0,0,0,0,0,1
"MintATM","MINT0591",46,40,0.8695,6,0.1304,1,0,0,0,0,0,5
"MintATM","MINT0592",7,6,0.8571,1,0.1428,0,0,0,0,0,0,1
"MintATM","MINT0593",4,4,1.0000,0,0.0000,0,0,0,0,0,0,0
"MintATM","MINT0594",8,7,0.8750,1,0.1250,0,0,0,0,0,0,1
"MintATM","MINT0595",12,11,0.9166,1,0.0833,0,0,0,0,0,0,1
"MintATM","MINT0596",17,16,0.9411,1,0.0588,0,0,0,0,0,0,1
"MintATM","MINT0598",36,34,0.9444,2,0.0555,0,0,0,0,0,0,2
"MintATM","MINT0609",1,1,1.0000,0,0.0000,0,0,0,0,0,0,0
"MintATM","MINT0610",4,3,0.7500,1,0.2500,1,0,0,0,0,0,0
"MintATM","MINT0705",5,5,1.0000,0,0.0000,0,0,0,0,0,0,0
"MintATM","MINT0711",2,2,1.0000,0,0.0000,0,0,0,0,0,0,0
"MintATM","MINT0712",2,2,1.0000,0,0.0000,0,0,0,0,0,0,0
"MintATM","MINT0728",2,2,1.0000,0,0.0000,0,0,0,0,0,0,0
"MintATM","MINT0901",1,1,1.0000,0,0.0000,0,0,0,0,0,0,0
"MintATM","MINT0903",3,2,0.6666,1,0.3333,0,0,0,0,0,0,1
"MintATM","MINT0906",2,1,0.5000,1,0.5000,1,0,0,0,0,0,0
"MintATM","MINT0908",2,2,1.0000,0,0.0000,0,0,0,0,0,0,0
"MintATM","MINT0910",1,1,1.0000,0,0.0000,0,0,0,0,0,0,0
"MintATM","MINT0912",16,15,0.9375,1,0.0625,0,0,0,0,0,0,1
"MintATM","MINT0913",27,17,0.6296,10,0.3703,9,0,1,0,0,0,0
"MintATM","MINT0916",10,10,1.0000,0,0.0000,0,0,0,0,0,0,0
"MintATM","MINT0917",5,4,0.8000,1,0.2000,1,0,0,0,0,0,0
"MintATM","MINT0919",21,21,1.0000,0,0.0000,0,0,0,0,0,0,0
"MintATM","MINT0922",14,13,0.9285,1,0.0714,1,0,0,0,0,0,0
"MintATM","MINT1014",1,1,1.0000,0,0.0000,0,0,0,0,0,0,0
"MintATM","MINT1015",4,4,1.0000,0,0.0000,0,0,0,0,0,0,0
"MintATM","MINT1050",2,2,1.0000,0,0.0000,0,0,0,0,0,0,0
"MintATM","MINT1061",6,5,0.8333,1,0.1666,0,0,1,0,0,0,0
"MintATM","MINT1062",4,4,1.0000,0,0.0000,0,0,0,0,0,0,0
"MintATM","MINT1063",20,19,0.9500,1,0.0500,1,0,0,0,0,0,0
"MintATM","MINT1066",7,6,0.8571,1,0.1428,1,0,0,0,0,0,0
"MintATM","MINT1070",5,5,1.0000,0,0.0000,0,0,0,0,0,0,0
"MintATM","MINT1071",1,0,0.0000,1,1.0000,1,0,0,0,0,0,0
"MintATM","MINT1072",2,2,1.0000,0,0.0000,0,0,0,0,0,0,0
"MintATM","MINT1074",3,3,1.0000,0,0.0000,0,0,0,0,0,0,0
"MintATM","MINT1075",17,15,0.8823,2,0.1176,1,0,0,0,0,0,1
"MintATM","MINT1076",14,9,0.6428,5,0.3571,1,0,0,0,0,0,4
"MintATM","MINT1077",4,2,0.5000,2,0.5000,0,0,2,0,0,0,0
"MintATM","MINT1078",1,1,1.0000,0,0.0000,0,0,0,0,0,0,0
"MintATM","MINT3000",9,9,1.0000,0,0.0000,0,0,0,0,0,0,0
"MintATM","MINT3001",10,8,0.8000,2,0.2000,2,0,0,0,0,0,0
"MintATM","MINTHI21",14,12,0.8571,2,0.1428,2,0,0,0,0,0,0
"MintATM","MINTHI31",42,38,0.9047,4,0.0952,2,0,1,0,0,0,1
"MintATM","MINTHI41",7,7,1.0000,0,0.0000,0,0,0,0,0,0,0
"MintATM","MINTHI51",16,11,0.6875,5,0.3125,0,0,1,0,0,0,4
"MintATM","TNS5GBZ3",15,9,0.6000,6,0.4000,4,1,0,0,0,0,1
"MintATM","TNS5GBZ4",7,7,1.0000,0,0.0000,0,0,0,0,0,0,0
