"RocketReports","MINT0009",50,33,0.6600,17,0.3400,11,0,0,0,0,0,6
"RocketReports","MINT0010",9,9,1.0000,0,0.0000,0,0,0,0,0,0,0
"RocketReports","MINT0025",3,3,1.0000,0,0.0000,0,0,0,0,0,0,0
"RocketReports","MINT0026",1,1,1.0000,0,0.0000,0,0,0,0,0,0,0
"RocketReports","MINT0027",3,2,0.6666,1,0.3333,0,1,0,0,0,0,0
"RocketReports","MINT0028",3,3,1.0000,0,0.0000,0,0,0,0,0,0,0
"RocketReports","MINT0032",21,21,1.0000,0,0.0000,0,0,0,0,0,0,0
"RocketReports","MINT0034",7,7,1.0000,0,0.0000,0,0,0,0,0,0,0
"RocketReports","MINT0041",6,6,1.0000,0,0.0000,0,0,0,0,0,0,0
"RocketReports","MINT0042",10,7,0.7000,3,0.3000,3,0,0,0,0,0,0
"RocketReports","MINT0049",1,1,1.0000,0,0.0000,0,0,0,0,0,0,0
"RocketReports","MINT0050",1,1,1.0000,0,0.0000,0,0,0,0,0,0,0
"RocketReports","MINT0054",10,10,1.0000,0,0.0000,0,0,0,0,0,0,0
"RocketReports","MINT0055",2,2,1.0000,0,0.0000,0,0,0,0,0,0,0
"RocketReports","MINT0059",4,3,0.7500,1,0.2500,1,0,0,0,0,0,0
"RocketReports","MINT0063",4,4,1.0000,0,0.0000,0,0,0,0,0,0,0
"RocketReports","MINT0067",3,3,1.0000,0,0.0000,0,0,0,0,0,0,0
"RocketReports","MINT0069",50,46,0.9200,4,0.0800,0,2,0,0,0,0,2
"RocketReports","MINT0107",5,5,1.0000,0,0.0000,0,0,0,0,0,0,0
"RocketReports","MINT0108",6,6,1.0000,0,0.0000,0,0,0,0,0,0,0
"RocketReports","MINT0109",12,11,0.9166,1,0.0833,0,1,0,0,0,0,0
"RocketReports","MINT0110",1,1,1.0000,0,0.0000,0,0,0,0,0,0,0
"RocketReports","MINT0112",4,4,1.0000,0,0.0000,0,0,0,0,0,0,0
"RocketReports","MINT0116",1,1,1.0000,0,0.0000,0,0,0,0,0,0,0
"RocketReports","MINT0121",8,5,0.6250,3,0.3750,3,0,0,0,0,0,0
"RocketReports","MINT0126",3,2,0.6666,1,0.3333,1,0,0,0,0,0,0
"RocketReports","MINT0127",8,5,0.6250,3,0.3750,2,1,0,0,0,0,0
"RocketReports","MINT0133",1,1,1.0000,0,0.0000,0,0,0,0,0,0,0
"RocketReports","MINT0135",3,1,0.3333,2,0.6666,1,1,0,0,0,0,0
"RocketReports","MINT0137",9,7,0.7777,2,0.2222,0,1,0,0,0,0,1
"RocketReports","MINT0145",1,0,0.0000,1,1.0000,1,0,0,0,0,0,0
"RocketReports","MINT0153",1,1,1.0000,0,0.0000,0,0,0,0,0,0,0
"RocketReports","MINT0154",7,7,1.0000,0,0.0000,0,0,0,0,0,0,0
"RocketReports","MINT0157",4,4,1.0000,0,0.0000,0,0,0,0,0,0,0
"RocketReports","MINT0160",1,1,1.0000,0,0.0000,0,0,0,0,0,0,0
"RocketReports","MINT0207",1,1,1.0000,0,0.0000,0,0,0,0,0,0,0
"RocketReports","MINT0209",1,1,1.0000,0,0.0000,0,0,0,0,0,0,0
"RocketReports","MINT0305",3,3,1.0000,0,0.0000,0,0,0,0,0,0,0
"RocketReports","MINT0353",15,11,0.7333,4,0.2666,0,3,1,0,0,0,0
"RocketReports","MINT0355",8,8,1.0000,0,0.0000,0,0,0,0,0,0,0
"RocketReports","MINT0356",2,2,1.0000,0,0.0000,0,0,0,0,0,0,0
"RocketReports","MINT0360",3,3,1.0000,0,0.0000,0,0,0,0,0,0,0
"RocketReports","MINT0402",3,3,1.0000,0,0.0000,0,0,0,0,0,0,0
"RocketReports","MINT0409",3,3,1.0000,0,0.0000,0,0,0,0,0,0,0
"RocketReports","MINT0411",3,3,1.0000,0,0.0000,0,0,0,0,0,0,0
"RocketReports","MINT0413",1,1,1.0000,0,0.0000,0,0,0,0,0,0,0
"RocketReports","MINT0494",3,3,1.0000,0,0.0000,0,0,0,0,0,0,0
"RocketReports","MINT0495",2,2,1.0000,0,0.0000,0,0,0,0,0,0,0
"RocketReports","MINT0497",7,7,1.0000,0,0.0000,0,0,0,0,0,0,0
"RocketReports","MINT0498",1,1,1.0000,0,0.0000,0,0,0,0,0,0,0
"RocketReports","MINT0508",52,47,0.9038,5,0.0961,1,1,0,0,0,0,3
"RocketReports","MINT0519",4,4,1.0000,0,0.0000,0,0,0,0,0,0,0
"RocketReports","MINT0527",6,6,1.0000,0,0.0000,0,0,0,0,0,0,0
"RocketReports","MINT0529",1,1,1.0000,0,0.0000,0,0,0,0,0,0,0
"RocketReports","MINT0532",10,9,0.9000,1,0.1000,0,0,0,0,0,0,1
"RocketReports","MINT0534",4,4,1.0000,0,0.0000,0,0,0,0,0,0,0
"RocketReports","MINT0537",1,1,1.0000,0,0.0000,0,0,0,0,0,0,0
"RocketReports","MINT0539",3,2,0.6666,1,0.3333,0,0,0,0,0,0,1
"RocketReports","MINT0540",3,3,1.0000,0,0.0000,0,0,0,0,0,0,0
"RocketReports","MINT0542",1,1,1.0000,0,0.0000,0,0,0,0,0,0,0
"RocketReports","MINT0545",1,1,1.0000,0,0.0000,0,0,0,0,0,0,0
"RocketReports","MINT0547",2,2,1.0000,0,0.0000,0,0,0,0,0,0,0
"RocketReports","MINT0550",21,21,1.0000,0,0.0000,0,0,0,0,0,0,0
"RocketReports","MINT0556",5,4,0.8000,1,0.2000,0,1,0,0,0,0,0
"RocketReports","MINT0563",1,1,1.0000,0,0.0000,0,0,0,0,0,0,0
"RocketReports","MINT0564",1,1,1.0000,0,0.0000,0,0,0,0,0,0,0
"RocketReports","MINT0567",1,1,1.0000,0,0.0000,0,0,0,0,0,0,0
"RocketReports","MINT0569",3,3,1.0000,0,0.0000,0,0,0,0,0,0,0
"RocketReports","MINT0570",1,1,1.0000,0,0.0000,0,0,0,0,0,0,0
"RocketReports","MINT0571",1,0,0.0000,1,1.0000,0,0,1,0,0,0,0
"RocketReports","MINT0572",12,11,0.9166,1,0.0833,0,1,0,0,0,0,0
"RocketReports","MINT0574",5,5,1.0000,0,0.0000,0,0,0,0,0,0,0
"RocketReports","MINT0576",2,2,1.0000,0,0.0000,0,0,0,0,0,0,0
"RocketReports","MINT0585",2,2,1.0000,0,0.0000,0,0,0,0,0,0,0
"RocketReports","MINT0595",3,3,1.0000,0,0.0000,0,0,0,0,0,0,0
"RocketReports","MINT0596",19,19,1.0000,0,0.0000,0,0,0,0,0,0,0
"RocketReports","MINT0599",21,19,0.9047,2,0.0952,1,1,0,0,0,0,0
"RocketReports","MINT0711",3,3,1.0000,0,0.0000,0,0,0,0,0,0,0
"RocketReports","MINT0712",3,3,1.0000,0,0.0000,0,0,0,0,0,0,0
"RocketReports","MINT0906",2,2,1.0000,0,0.0000,0,0,0,0,0,0,0
"RocketReports","MINT0910",2,2,1.0000,0,0.0000,0,0,0,0,0,0,0
"RocketReports","MINT0913",5,5,1.0000,0,0.0000,0,0,0,0,0,0,0
"RocketReports","MINT0916",5,5,1.0000,0,0.0000,0,0,0,0,0,0,0
"RocketReports","MINT0922",2,2,1.0000,0,0.0000,0,0,0,0,0,0,0
"RocketReports","MINT1016",26,26,1.0000,0,0.0000,0,0,0,0,0,0,0
"RocketReports","MINT1041",5,5,1.0000,0,0.0000,0,0,0,0,0,0,0
"RocketReports","MINT1050",2,2,1.0000,0,0.0000,0,0,0,0,0,0,0
"RocketReports","MINT1063",33,33,1.0000,0,0.0000,0,0,0,0,0,0,0
"RocketReports","MINT1066",1,1,1.0000,0,0.0000,0,0,0,0,0,0,0
"RocketReports","MINT1074",2,2,1.0000,0,0.0000,0,0,0,0,0,0,0
"RocketReports","MINT1077",2,2,1.0000,0,0.0000,0,0,0,0,0,0,0
"RocketReports","MINT1080",3,3,1.0000,0,0.0000,0,0,0,0,0,0,0
"RocketReports","MINT3000",20,18,0.9000,2,0.1000,2,0,0,0,0,0,0
"RocketReports","MINT3001",3,1,0.3333,2,0.6666,0,0,0,0,0,0,2
"RocketReports","MINT3003",2,1,0.5000,1,0.5000,1,0,0,0,0,0,0
"RocketReports","MINT4001",5,4,0.8000,1,0.2000,0,0,0,0,0,0,1
"RocketReports","MINT4003",14,14,1.0000,0,0.0000,0,0,0,0,0,0,0
"RocketReports","MINT4014",3,3,1.0000,0,0.0000,0,0,0,0,0,0,0
"RocketReports","MINT4015",1,1,1.0000,0,0.0000,0,0,0,0,0,0,0
"RocketReports","MINT4018",2,2,1.0000,0,0.0000,0,0,0,0,0,0,0
"RocketReports","MINT4031",8,8,1.0000,0,0.0000,0,0,0,0,0,0,0
"RocketReports","MINT4033",3,3,1.0000,0,0.0000,0,0,0,0,0,0,0
"RocketReports","MINT5001",7,6,0.8571,1,0.1428,0,1,0,0,0,0,0
"RocketReports","MINT5002",3,3,1.0000,0,0.0000,0,0,0,0,0,0,0
"RocketReports","MINT5007",5,5,1.0000,0,0.0000,0,0,0,0,0,0,0
"RocketReports","MINTHI61",1,1,1.0000,0,0.0000,0,0,0,0,0,0,0
"RocketReports","MINTHI62",6,6,1.0000,0,0.0000,0,0,0,0,0,0,0
"RocketReports","MINTHI71",1,1,1.0000,0,0.0000,0,0,0,0,0,0,0
"RocketReports","MINTPLB1",1,1,1.0000,0,0.0000,0,0,0,0,0,0,0
"RocketReports","MINTPLB2",1,1,1.0000,0,0.0000,0,0,0,0,0,0,0
"RocketReports","MINTPLB3",5,3,0.6000,2,0.4000,0,1,0,0,0,0,1
"RocketReports","MINTPLB4",1,1,1.0000,0,0.0000,0,0,0,0,0,0,0
"RocketReports","MINTPLB5",1,1,1.0000,0,0.0000,0,0,0,0,0,0,0
"RocketReports","MINTPMH1",1,1,1.0000,0,0.0000,0,0,0,0,0,0,0
"RocketReports","TNS5GBZ3",4,4,1.0000,0,0.0000,0,0,0,0,0,0,0
"RocketReports","TNS5GBZ4",1,1,1.0000,0,0.0000,0,0,0,0,0,0,0
