"MintATM","MINT0009",55,43,0.7818,12,0.2181,10,0,0,0,0,0,2
"MintATM","MINT0010",9,9,1.0000,0,0.0000,0,0,0,0,0,0,0
"MintATM","MINT0025",1,1,1.0000,0,0.0000,0,0,0,0,0,0,0
"MintATM","MINT0026",4,2,0.5000,2,0.5000,0,2,0,0,0,0,0
"MintATM","MINT0027",1,1,1.0000,0,0.0000,0,0,0,0,0,0,0
"MintATM","MINT0028",1,1,1.0000,0,0.0000,0,0,0,0,0,0,0
"MintATM","MINT0032",4,4,1.0000,0,0.0000,0,0,0,0,0,0,0
"MintATM","MINT0034",3,3,1.0000,0,0.0000,0,0,0,0,0,0,0
"MintATM","MINT0041",4,4,1.0000,0,0.0000,0,0,0,0,0,0,0
"MintATM","MINT0042",10,8,0.8000,2,0.2000,2,0,0,0,0,0,0
"MintATM","MINT0044",2,2,1.0000,0,0.0000,0,0,0,0,0,0,0
"MintATM","MINT0050",2,1,0.5000,1,0.5000,0,1,0,0,0,0,0
"MintATM","MINT0054",2,2,1.0000,0,0.0000,0,0,0,0,0,0,0
"MintATM","MINT0055",1,1,1.0000,0,0.0000,0,0,0,0,0,0,0
"MintATM","MINT0056",2,2,1.0000,0,0.0000,0,0,0,0,0,0,0
"MintATM","MINT0058",1,1,1.0000,0,0.0000,0,0,0,0,0,0,0
"MintATM","MINT0059",3,3,1.0000,0,0.0000,0,0,0,0,0,0,0
"MintATM","MINT0063",6,6,1.0000,0,0.0000,0,0,0,0,0,0,0
"MintATM","MINT0067",8,8,1.0000,0,0.0000,0,0,0,0,0,0,0
"MintATM","MINT0069",59,52,0.8813,7,0.1186,7,0,0,0,0,0,0
"MintATM","MINT0106",1,1,1.0000,0,0.0000,0,0,0,0,0,0,0
"MintATM","MINT0108",5,5,1.0000,0,0.0000,0,0,0,0,0,0,0
"MintATM","MINT0109",8,8,1.0000,0,0.0000,0,0,0,0,0,0,0
"MintATM","MINT0110",1,1,1.0000,0,0.0000,0,0,0,0,0,0,0
"MintATM","MINT0112",1,1,1.0000,0,0.0000,0,0,0,0,0,0,0
"MintATM","MINT0113",1,0,0.0000,1,1.0000,0,0,0,0,0,0,1
"MintATM","MINT0116",3,3,1.0000,0,0.0000,0,0,0,0,0,0,0
"MintATM","MINT0117",1,1,1.0000,0,0.0000,0,0,0,0,0,0,0
"MintATM","MINT0121",9,4,0.4444,5,0.5555,0,0,0,0,0,0,5
"MintATM","MINT0123",1,1,1.0000,0,0.0000,0,0,0,0,0,0,0
"MintATM","MINT0126",3,2,0.6666,1,0.3333,0,1,0,0,0,0,0
"MintATM","MINT0127",5,5,1.0000,0,0.0000,0,0,0,0,0,0,0
"MintATM","MINT0130",1,1,1.0000,0,0.0000,0,0,0,0,0,0,0
"MintATM","MINT0133",1,1,1.0000,0,0.0000,0,0,0,0,0,0,0
"MintATM","MINT0135",3,3,1.0000,0,0.0000,0,0,0,0,0,0,0
"MintATM","MINT0137",8,7,0.8750,1,0.1250,0,0,0,0,0,1,0
"MintATM","MINT0138",2,2,1.0000,0,0.0000,0,0,0,0,0,0,0
"MintATM","MINT0141",2,1,0.5000,1,0.5000,0,0,0,0,0,0,1
"MintATM","MINT0142",3,2,0.6666,1,0.3333,1,0,0,0,0,0,0
"MintATM","MINT0144",1,0,0.0000,1,1.0000,1,0,0,0,0,0,0
"MintATM","MINT0149",1,1,1.0000,0,0.0000,0,0,0,0,0,0,0
"MintATM","MINT0152",6,6,1.0000,0,0.0000,0,0,0,0,0,0,0
"MintATM","MINT0153",4,3,0.7500,1,0.2500,0,0,0,0,0,0,1
"MintATM","MINT0154",5,5,1.0000,0,0.0000,0,0,0,0,0,0,0
"MintATM","MINT0156",1,1,1.0000,0,0.0000,0,0,0,0,0,0,0
"MintATM","MINT0157",3,3,1.0000,0,0.0000,0,0,0,0,0,0,0
"MintATM","MINT0204",1,1,1.0000,0,0.0000,0,0,0,0,0,0,0
"MintATM","MINT0209",3,3,1.0000,0,0.0000,0,0,0,0,0,0,0
"MintATM","MINT0305",2,2,1.0000,0,0.0000,0,0,0,0,0,0,0
"MintATM","MINT0353",10,10,1.0000,0,0.0000,0,0,0,0,0,0,0
"MintATM","MINT0355",3,3,1.0000,0,0.0000,0,0,0,0,0,0,0
"MintATM","MINT0356",7,6,0.8571,1,0.1428,1,0,0,0,0,0,0
"MintATM","MINT0360",2,2,1.0000,0,0.0000,0,0,0,0,0,0,0
"MintATM","MINT0402",2,2,1.0000,0,0.0000,0,0,0,0,0,0,0
"MintATM","MINT0403",2,2,1.0000,0,0.0000,0,0,0,0,0,0,0
"MintATM","MINT0411",4,1,0.2500,3,0.7500,1,0,0,0,0,0,2
"MintATM","MINT0413",1,1,1.0000,0,0.0000,0,0,0,0,0,0,0
"MintATM","MINT0414",1,1,1.0000,0,0.0000,0,0,0,0,0,0,0
"MintATM","MINT0494",1,1,1.0000,0,0.0000,0,0,0,0,0,0,0
"MintATM","MINT0496",10,10,1.0000,0,0.0000,0,0,0,0,0,0,0
"MintATM","MINT0497",6,6,1.0000,0,0.0000,0,0,0,0,0,0,0
"MintATM","MINT0504",1,1,1.0000,0,0.0000,0,0,0,0,0,0,0
"MintATM","MINT0508",19,19,1.0000,0,0.0000,0,0,0,0,0,0,0
"MintATM","MINT0519",4,4,1.0000,0,0.0000,0,0,0,0,0,0,0
"MintATM","MINT0531",10,8,0.8000,2,0.2000,0,1,0,0,0,0,1
"MintATM","MINT0532",25,20,0.8000,5,0.2000,5,0,0,0,0,0,0
"MintATM","MINT0534",4,4,1.0000,0,0.0000,0,0,0,0,0,0,0
"MintATM","MINT0535",1,1,1.0000,0,0.0000,0,0,0,0,0,0,0
"MintATM","MINT0539",2,2,1.0000,0,0.0000,0,0,0,0,0,0,0
"MintATM","MINT0540",2,2,1.0000,0,0.0000,0,0,0,0,0,0,0
"MintATM","MINT0545",2,2,1.0000,0,0.0000,0,0,0,0,0,0,0
"MintATM","MINT0546",4,4,1.0000,0,0.0000,0,0,0,0,0,0,0
"MintATM","MINT0550",12,12,1.0000,0,0.0000,0,0,0,0,0,0,0
"MintATM","MINT0554",3,3,1.0000,0,0.0000,0,0,0,0,0,0,0
"MintATM","MINT0555",1,1,1.0000,0,0.0000,0,0,0,0,0,0,0
"MintATM","MINT0556",3,3,1.0000,0,0.0000,0,0,0,0,0,0,0
"MintATM","MINT0557",15,12,0.8000,3,0.2000,1,2,0,0,0,0,0
"MintATM","MINT0558",1,1,1.0000,0,0.0000,0,0,0,0,0,0,0
"MintATM","MINT0559",6,6,1.0000,0,0.0000,0,0,0,0,0,0,0
"MintATM","MINT0560",1,1,1.0000,0,0.0000,0,0,0,0,0,0,0
"MintATM","MINT0561",8,5,0.6250,3,0.3750,0,3,0,0,0,0,0
"MintATM","MINT0562",5,5,1.0000,0,0.0000,0,0,0,0,0,0,0
"MintATM","MINT0563",3,3,1.0000,0,0.0000,0,0,0,0,0,0,0
"MintATM","MINT0564",5,5,1.0000,0,0.0000,0,0,0,0,0,0,0
"MintATM","MINT0567",8,7,0.8750,1,0.1250,0,0,0,0,0,0,1
"MintATM","MINT0569",9,9,1.0000,0,0.0000,0,0,0,0,0,0,0
"MintATM","MINT0570",5,4,0.8000,1,0.2000,1,0,0,0,0,0,0
"MintATM","MINT0572",9,7,0.7777,2,0.2222,2,0,0,0,0,0,0
"MintATM","MINT0574",3,3,1.0000,0,0.0000,0,0,0,0,0,0,0
"MintATM","MINT0584",1,1,1.0000,0,0.0000,0,0,0,0,0,0,0
"MintATM","MINT0585",2,2,1.0000,0,0.0000,0,0,0,0,0,0,0
"MintATM","MINT0589",1,1,1.0000,0,0.0000,0,0,0,0,0,0,0
"MintATM","MINT0592",3,3,1.0000,0,0.0000,0,0,0,0,0,0,0
"MintATM","MINT0593",3,3,1.0000,0,0.0000,0,0,0,0,0,0,0
"MintATM","MINT0594",8,6,0.7500,2,0.2500,0,0,0,0,0,0,2
"MintATM","MINT0595",3,3,1.0000,0,0.0000,0,0,0,0,0,0,0
"MintATM","MINT0596",16,16,1.0000,0,0.0000,0,0,0,0,0,0,0
"MintATM","MINT0599",51,48,0.9411,3,0.0588,0,0,0,0,0,0,3
"MintATM","MINT0712",3,3,1.0000,0,0.0000,0,0,0,0,0,0,0
"MintATM","MINT0901",1,1,1.0000,0,0.0000,0,0,0,0,0,0,0
"MintATM","MINT0903",1,1,1.0000,0,0.0000,0,0,0,0,0,0,0
"MintATM","MINT0905",1,1,1.0000,0,0.0000,0,0,0,0,0,0,0
"MintATM","MINT0906",2,1,0.5000,1,0.5000,1,0,0,0,0,0,0
"MintATM","MINT0908",4,4,1.0000,0,0.0000,0,0,0,0,0,0,0
"MintATM","MINT0913",1,1,1.0000,0,0.0000,0,0,0,0,0,0,0
"MintATM","MINT0914",1,1,1.0000,0,0.0000,0,0,0,0,0,0,0
"MintATM","MINT0916",7,5,0.7142,2,0.2857,0,1,1,0,0,0,0
"MintATM","MINT0917",1,1,1.0000,0,0.0000,0,0,0,0,0,0,0
"MintATM","MINT0918",1,1,1.0000,0,0.0000,0,0,0,0,0,0,0
"MintATM","MINT0920",6,6,1.0000,0,0.0000,0,0,0,0,0,0,0
"MintATM","MINT0922",1,1,1.0000,0,0.0000,0,0,0,0,0,0,0
"MintATM","MINT1012",5,5,1.0000,0,0.0000,0,0,0,0,0,0,0
"MintATM","MINT1016",24,24,1.0000,0,0.0000,0,0,0,0,0,0,0
"MintATM","MINT1017",1,1,1.0000,0,0.0000,0,0,0,0,0,0,0
"MintATM","MINT1018",1,1,1.0000,0,0.0000,0,0,0,0,0,0,0
"MintATM","MINT1041",7,7,1.0000,0,0.0000,0,0,0,0,0,0,0
"MintATM","MINT1050",7,5,0.7142,2,0.2857,2,0,0,0,0,0,0
"MintATM","MINT1062",1,1,1.0000,0,0.0000,0,0,0,0,0,0,0
"MintATM","MINT1063",35,35,1.0000,0,0.0000,0,0,0,0,0,0,0
"MintATM","MINT1069",1,1,1.0000,0,0.0000,0,0,0,0,0,0,0
"MintATM","MINT1071",1,1,1.0000,0,0.0000,0,0,0,0,0,0,0
"MintATM","MINT1072",1,1,1.0000,0,0.0000,0,0,0,0,0,0,0
"MintATM","MINT1073",1,1,1.0000,0,0.0000,0,0,0,0,0,0,0
"MintATM","MINT1074",2,2,1.0000,0,0.0000,0,0,0,0,0,0,0
"MintATM","MINT1075",1,1,1.0000,0,0.0000,0,0,0,0,0,0,0
"MintATM","MINT1076",3,3,1.0000,0,0.0000,0,0,0,0,0,0,0
"MintATM","MINT1077",6,6,1.0000,0,0.0000,0,0,0,0,0,0,0
"MintATM","MINT1083",7,2,0.2857,5,0.7142,1,0,0,0,0,0,4
"MintATM","MINT1084",1,1,1.0000,0,0.0000,0,0,0,0,0,0,0
"MintATM","MINT1091",2,1,0.5000,1,0.5000,0,0,0,0,0,0,1
"MintATM","MINT3000",8,5,0.6250,3,0.3750,1,0,1,0,0,0,1
"MintATM","MINT3001",2,2,1.0000,0,0.0000,0,0,0,0,0,0,0
"MintATM","MINT4001",4,3,0.7500,1,0.2500,1,0,0,0,0,0,0
"MintATM","MINT4003",7,7,1.0000,0,0.0000,0,0,0,0,0,0,0
"MintATM","MINT4013",1,1,1.0000,0,0.0000,0,0,0,0,0,0,0
"MintATM","MINT4014",13,12,0.9230,1,0.0769,1,0,0,0,0,0,0
"MintATM","MINT4024",1,1,1.0000,0,0.0000,0,0,0,0,0,0,0
"MintATM","MINT4028",1,1,1.0000,0,0.0000,0,0,0,0,0,0,0
"MintATM","MINT4031",15,14,0.9333,1,0.0666,1,0,0,0,0,0,0
"MintATM","MINT4033",3,3,1.0000,0,0.0000,0,0,0,0,0,0,0
"MintATM","MINT5001",19,16,0.8421,3,0.1578,1,0,0,0,0,0,2
"MintATM","MINT5002",2,2,1.0000,0,0.0000,0,0,0,0,0,0,0
"MintATM","MINT5004",1,1,1.0000,0,0.0000,0,0,0,0,0,0,0
"MintATM","MINTHI11",1,1,1.0000,0,0.0000,0,0,0,0,0,0,0
"MintATM","MINTHI51",6,3,0.5000,3,0.5000,2,0,0,0,0,0,1
"MintATM","MINTHI61",6,6,1.0000,0,0.0000,0,0,0,0,0,0,0
"MintATM","MINTHI62",24,22,0.9166,2,0.0833,0,1,0,0,0,0,1
"MintATM","MINTHI71",20,15,0.7500,5,0.2500,4,0,0,0,0,0,1
"MintATM","MINTPLB2",2,2,1.0000,0,0.0000,0,0,0,0,0,0,0
"MintATM","MINTPLB3",3,3,1.0000,0,0.0000,0,0,0,0,0,0,0
"MintATM","MINTPLB4",8,7,0.8750,1,0.1250,0,0,0,0,0,0,1
"MintATM","MINTPLB5",6,4,0.6666,2,0.3333,2,0,0,0,0,0,0
"MintATM","MINTPMH1",4,3,0.7500,1,0.2500,0,1,0,0,0,0,0
"MintATM","MINTPMH2",6,6,1.0000,0,0.0000,0,0,0,0,0,0,0
"MintATM","MINTPMH3",1,1,1.0000,0,0.0000,0,0,0,0,0,0,0
"MintATM","TNS5GBZ3",12,12,1.0000,0,0.0000,0,0,0,0,0,0,0
"MintATM","TNS5GBZ4",5,3,0.6000,2,0.4000,2,0,0,0,0,0,0
