"RocketReports","MINT0009",28,17,0.6071,11,0.3928,6,1,2,0,0,0,2
"RocketReports","MINT0010",4,4,1.0000,0,0.0000,0,0,0,0,0,0,0
"RocketReports","MINT0014",1,1,1.0000,0,0.0000,0,0,0,0,0,0,0
"RocketReports","MINT0025",1,1,1.0000,0,0.0000,0,0,0,0,0,0,0
"RocketReports","MINT0026",1,1,1.0000,0,0.0000,0,0,0,0,0,0,0
"RocketReports","MINT0027",2,2,1.0000,0,0.0000,0,0,0,0,0,0,0
"RocketReports","MINT0028",3,1,0.3333,2,0.6666,2,0,0,0,0,0,0
"RocketReports","MINT0032",2,2,1.0000,0,0.0000,0,0,0,0,0,0,0
"RocketReports","MINT0034",3,3,1.0000,0,0.0000,0,0,0,0,0,0,0
"RocketReports","MINT0041",3,2,0.6666,1,0.3333,1,0,0,0,0,0,0
"RocketReports","MINT0042",10,7,0.7000,3,0.3000,2,0,0,0,0,0,1
"RocketReports","MINT0048",2,2,1.0000,0,0.0000,0,0,0,0,0,0,0
"RocketReports","MINT0049",1,1,1.0000,0,0.0000,0,0,0,0,0,0,0
"RocketReports","MINT0050",3,1,0.3333,2,0.6666,0,0,2,0,0,0,0
"RocketReports","MINT0054",1,1,1.0000,0,0.0000,0,0,0,0,0,0,0
"RocketReports","MINT0056",1,1,1.0000,0,0.0000,0,0,0,0,0,0,0
"RocketReports","MINT0058",1,1,1.0000,0,0.0000,0,0,0,0,0,0,0
"RocketReports","MINT0059",5,3,0.6000,2,0.4000,2,0,0,0,0,0,0
"RocketReports","MINT0063",7,4,0.5714,3,0.4285,0,3,0,0,0,0,0
"RocketReports","MINT0065",2,1,0.5000,1,0.5000,0,0,0,0,0,1,0
"RocketReports","MINT0067",4,4,1.0000,0,0.0000,0,0,0,0,0,0,0
"RocketReports","MINT0068",1,1,1.0000,0,0.0000,0,0,0,0,0,0,0
"RocketReports","MINT0069",30,23,0.7666,7,0.2333,4,0,1,0,0,0,2
"RocketReports","MINT0106",4,3,0.7500,1,0.2500,0,0,0,0,0,0,1
"RocketReports","MINT0108",9,9,1.0000,0,0.0000,0,0,0,0,0,0,0
"RocketReports","MINT0109",9,9,1.0000,0,0.0000,0,0,0,0,0,0,0
"RocketReports","MINT0110",3,3,1.0000,0,0.0000,0,0,0,0,0,0,0
"RocketReports","MINT0116",2,2,1.0000,0,0.0000,0,0,0,0,0,0,0
"RocketReports","MINT0121",3,3,1.0000,0,0.0000,0,0,0,0,0,0,0
"RocketReports","MINT0126",3,3,1.0000,0,0.0000,0,0,0,0,0,0,0
"RocketReports","MINT0127",8,7,0.8750,1,0.1250,1,0,0,0,0,0,0
"RocketReports","MINT0133",2,2,1.0000,0,0.0000,0,0,0,0,0,0,0
"RocketReports","MINT0135",4,3,0.7500,1,0.2500,1,0,0,0,0,0,0
"RocketReports","MINT0137",3,3,1.0000,0,0.0000,0,0,0,0,0,0,0
"RocketReports","MINT0144",3,3,1.0000,0,0.0000,0,0,0,0,0,0,0
"RocketReports","MINT0145",2,2,1.0000,0,0.0000,0,0,0,0,0,0,0
"RocketReports","MINT0149",1,1,1.0000,0,0.0000,0,0,0,0,0,0,0
"RocketReports","MINT0152",4,4,1.0000,0,0.0000,0,0,0,0,0,0,0
"RocketReports","MINT0153",6,3,0.5000,3,0.5000,1,1,0,0,0,0,1
"RocketReports","MINT0154",2,2,1.0000,0,0.0000,0,0,0,0,0,0,0
"RocketReports","MINT0156",1,1,1.0000,0,0.0000,0,0,0,0,0,0,0
"RocketReports","MINT0157",3,1,0.3333,2,0.6666,2,0,0,0,0,0,0
"RocketReports","MINT0207",1,0,0.0000,1,1.0000,0,1,0,0,0,0,0
"RocketReports","MINT0351",1,0,0.0000,1,1.0000,1,0,0,0,0,0,0
"RocketReports","MINT0353",12,9,0.7500,3,0.2500,3,0,0,0,0,0,0
"RocketReports","MINT0355",2,2,1.0000,0,0.0000,0,0,0,0,0,0,0
"RocketReports","MINT0356",4,4,1.0000,0,0.0000,0,0,0,0,0,0,0
"RocketReports","MINT0360",2,2,1.0000,0,0.0000,0,0,0,0,0,0,0
"RocketReports","MINT0400",5,5,1.0000,0,0.0000,0,0,0,0,0,0,0
"RocketReports","MINT0402",2,2,1.0000,0,0.0000,0,0,0,0,0,0,0
"RocketReports","MINT0404",1,1,1.0000,0,0.0000,0,0,0,0,0,0,0
"RocketReports","MINT0411",6,5,0.8333,1,0.1666,0,0,0,0,0,0,1
"RocketReports","MINT0494",3,2,0.6666,1,0.3333,1,0,0,0,0,0,0
"RocketReports","MINT0495",2,2,1.0000,0,0.0000,0,0,0,0,0,0,0
"RocketReports","MINT0496",1,1,1.0000,0,0.0000,0,0,0,0,0,0,0
"RocketReports","MINT0497",7,7,1.0000,0,0.0000,0,0,0,0,0,0,0
"RocketReports","MINT0504",1,1,1.0000,0,0.0000,0,0,0,0,0,0,0
"RocketReports","MINT0508",40,34,0.8500,6,0.1500,3,1,0,0,0,1,1
"RocketReports","MINT0519",1,1,1.0000,0,0.0000,0,0,0,0,0,0,0
"RocketReports","MINT0531",3,3,1.0000,0,0.0000,0,0,0,0,0,0,0
"RocketReports","MINT0532",18,17,0.9444,1,0.0555,0,1,0,0,0,0,0
"RocketReports","MINT0534",6,6,1.0000,0,0.0000,0,0,0,0,0,0,0
"RocketReports","MINT0535",1,1,1.0000,0,0.0000,0,0,0,0,0,0,0
"RocketReports","MINT0539",2,2,1.0000,0,0.0000,0,0,0,0,0,0,0
"RocketReports","MINT0545",2,2,1.0000,0,0.0000,0,0,0,0,0,0,0
"RocketReports","MINT0546",4,4,1.0000,0,0.0000,0,0,0,0,0,0,0
"RocketReports","MINT0550",13,13,1.0000,0,0.0000,0,0,0,0,0,0,0
"RocketReports","MINT0556",1,1,1.0000,0,0.0000,0,0,0,0,0,0,0
"RocketReports","MINT0557",1,1,1.0000,0,0.0000,0,0,0,0,0,0,0
"RocketReports","MINT0559",2,2,1.0000,0,0.0000,0,0,0,0,0,0,0
"RocketReports","MINT0561",2,2,1.0000,0,0.0000,0,0,0,0,0,0,0
"RocketReports","MINT0562",5,5,1.0000,0,0.0000,0,0,0,0,0,0,0
"RocketReports","MINT0563",2,2,1.0000,0,0.0000,0,0,0,0,0,0,0
"RocketReports","MINT0564",2,2,1.0000,0,0.0000,0,0,0,0,0,0,0
"RocketReports","MINT0567",8,7,0.8750,1,0.1250,0,0,0,0,0,0,1
"RocketReports","MINT0569",4,4,1.0000,0,0.0000,0,0,0,0,0,0,0
"RocketReports","MINT0570",1,1,1.0000,0,0.0000,0,0,0,0,0,0,0
"RocketReports","MINT0571",2,2,1.0000,0,0.0000,0,0,0,0,0,0,0
"RocketReports","MINT0572",3,2,0.6666,1,0.3333,0,0,0,0,0,0,1
"RocketReports","MINT0574",8,6,0.7500,2,0.2500,0,0,0,0,0,0,2
"RocketReports","MINT0584",1,1,1.0000,0,0.0000,0,0,0,0,0,0,0
"RocketReports","MINT0585",1,1,1.0000,0,0.0000,0,0,0,0,0,0,0
"RocketReports","MINT0595",8,8,1.0000,0,0.0000,0,0,0,0,0,0,0
"RocketReports","MINT0596",22,14,0.6363,8,0.3636,5,0,0,0,0,2,1
"RocketReports","MINT0598",1,1,1.0000,0,0.0000,0,0,0,0,0,0,0
"RocketReports","MINT0599",27,26,0.9629,1,0.0370,0,1,0,0,0,0,0
"RocketReports","MINT0711",3,3,1.0000,0,0.0000,0,0,0,0,0,0,0
"RocketReports","MINT0712",2,2,1.0000,0,0.0000,0,0,0,0,0,0,0
"RocketReports","MINT0901",1,1,1.0000,0,0.0000,0,0,0,0,0,0,0
"RocketReports","MINT0902",3,2,0.6666,1,0.3333,0,1,0,0,0,0,0
"RocketReports","MINT0910",1,1,1.0000,0,0.0000,0,0,0,0,0,0,0
"RocketReports","MINT0912",5,5,1.0000,0,0.0000,0,0,0,0,0,0,0
"RocketReports","MINT0913",13,10,0.7692,3,0.2307,1,2,0,0,0,0,0
"RocketReports","MINT0914",2,2,1.0000,0,0.0000,0,0,0,0,0,0,0
"RocketReports","MINT0916",2,2,1.0000,0,0.0000,0,0,0,0,0,0,0
"RocketReports","MINT0919",27,22,0.8148,5,0.1851,3,0,1,0,0,0,1
"RocketReports","MINT0922",3,3,1.0000,0,0.0000,0,0,0,0,0,0,0
"RocketReports","MINT0923",1,1,1.0000,0,0.0000,0,0,0,0,0,0,0
"RocketReports","MINT1012",3,3,1.0000,0,0.0000,0,0,0,0,0,0,0
"RocketReports","MINT1016",20,18,0.9000,2,0.1000,0,1,0,0,0,0,1
"RocketReports","MINT1041",3,3,1.0000,0,0.0000,0,0,0,0,0,0,0
"RocketReports","MINT1063",29,28,0.9655,1,0.0344,0,0,0,0,0,0,1
"RocketReports","MINT1072",2,2,1.0000,0,0.0000,0,0,0,0,0,0,0
"RocketReports","MINT1073",1,1,1.0000,0,0.0000,0,0,0,0,0,0,0
"RocketReports","MINT1074",1,1,1.0000,0,0.0000,0,0,0,0,0,0,0
"RocketReports","MINT1078",1,1,1.0000,0,0.0000,0,0,0,0,0,0,0
"RocketReports","MINT1080",8,5,0.6250,3,0.3750,1,0,1,0,0,0,1
"RocketReports","MINT1083",2,2,1.0000,0,0.0000,0,0,0,0,0,0,0
"RocketReports","MINT3000",8,6,0.7500,2,0.2500,0,0,0,0,0,0,2
"RocketReports","MINT4000",14,13,0.9285,1,0.0714,0,0,1,0,0,0,0
"RocketReports","MINT4001",1,1,1.0000,0,0.0000,0,0,0,0,0,0,0
"RocketReports","MINT4003",2,2,1.0000,0,0.0000,0,0,0,0,0,0,0
"RocketReports","MINT4005",47,45,0.9574,2,0.0425,1,0,0,0,0,0,1
"RocketReports","MINT4009",33,27,0.8181,6,0.1818,2,2,0,0,0,1,1
"RocketReports","MINT4010",24,24,1.0000,0,0.0000,0,0,0,0,0,0,0
"RocketReports","MINT4013",1,1,1.0000,0,0.0000,0,0,0,0,0,0,0
"RocketReports","MINT4014",12,10,0.8333,2,0.1666,2,0,0,0,0,0,0
"RocketReports","MINT4015",29,25,0.8620,4,0.1379,3,1,0,0,0,0,0
"RocketReports","MINT4018",1,1,1.0000,0,0.0000,0,0,0,0,0,0,0
"RocketReports","MINT4020",7,6,0.8571,1,0.1428,1,0,0,0,0,0,0
"RocketReports","MINT4022",53,41,0.7735,12,0.2264,8,0,2,0,0,0,2
"RocketReports","MINT4023",4,4,1.0000,0,0.0000,0,0,0,0,0,0,0
"RocketReports","MINT4024",11,11,1.0000,0,0.0000,0,0,0,0,0,0,0
"RocketReports","MINT4026",1,1,1.0000,0,0.0000,0,0,0,0,0,0,0
"RocketReports","MINT4031",13,11,0.8461,2,0.1538,1,1,0,0,0,0,0
"RocketReports","MINT4033",8,7,0.8750,1,0.1250,0,0,1,0,0,0,0
"RocketReports","MINT5001",7,6,0.8571,1,0.1428,1,0,0,0,0,0,0
"RocketReports","MINT5002",8,8,1.0000,0,0.0000,0,0,0,0,0,0,0
"RocketReports","MINT5004",1,1,1.0000,0,0.0000,0,0,0,0,0,0,0
"RocketReports","MINT5007",8,3,0.3750,5,0.6250,3,0,0,0,0,0,2
"RocketReports","MINTHI21",1,1,1.0000,0,0.0000,0,0,0,0,0,0,0
"RocketReports","MINTHI31",2,2,1.0000,0,0.0000,0,0,0,0,0,0,0
"RocketReports","MINTHI51",2,2,1.0000,0,0.0000,0,0,0,0,0,0,0
"RocketReports","MINTHI61",1,1,1.0000,0,0.0000,0,0,0,0,0,0,0
"RocketReports","MINTHI71",12,10,0.8333,2,0.1666,1,0,0,0,0,0,1
"RocketReports","MINTPLB1",1,1,1.0000,0,0.0000,0,0,0,0,0,0,0
"RocketReports","MINTPLB3",3,3,1.0000,0,0.0000,0,0,0,0,0,0,0
"RocketReports","MINTPLB4",8,2,0.2500,6,0.7500,5,1,0,0,0,0,0
"RocketReports","MINTPLB5",1,1,1.0000,0,0.0000,0,0,0,0,0,0,0
"RocketReports","MINTPMH2",1,1,1.0000,0,0.0000,0,0,0,0,0,0,0
"RocketReports","TNS5GBZ3",10,8,0.8000,2,0.2000,1,0,0,0,0,1,0
"RocketReports","TNS5GBZ4",1,1,1.0000,0,0.0000,0,0,0,0,0,0,0
