"RocketReports","MINT0007",20.0000,746,0,746,0,0.0000,0,0,0,0,0.0000,0,0,0,0,0.0000,0,0,0,0,0.0000,0,0,0,0,"2021-05-18 21:00:00"
"RocketReports","MINT0009",20.0000,1899,0,788,1111,0.0000,0,0,0,0,0.0000,0,0,0,0,0.0000,0,0,0,0,0.0000,0,0,0,0,"2021-05-18 21:00:00"
"RocketReports","MINT0010",20.0000,167,0,160,7,0.0000,0,0,0,0,0.0000,0,0,0,0,0.0000,0,0,0,0,0.0000,0,0,0,0,"2021-05-18 21:00:00"
"RocketReports","MINT0012",20.0000,6921,0,6886,35,0.0000,0,0,0,0,0.0000,0,0,0,0,0.0000,0,0,0,0,0.0000,0,0,0,0,"2021-05-18 21:00:00"
"RocketReports","MINT0014",20.0000,126,0,112,14,0.0000,0,0,0,0,0.0000,0,0,0,0,0.0000,0,0,0,0,0.0000,0,0,0,0,"2021-05-18 21:00:00"
"RocketReports","MINT0025",20.0000,397,0,364,33,0.0000,0,0,0,0,0.0000,0,0,0,0,0.0000,0,0,0,0,0.0000,0,0,0,0,"2021-05-18 21:00:00"
"RocketReports","MINT0026",20.0000,4322,0,4094,228,0.0000,0,0,0,0,0.0000,0,0,0,0,0.0000,0,0,0,0,0.0000,0,0,0,0,"2021-05-18 21:00:00"
"RocketReports","MINT0027",20.0000,894,0,637,257,0.0000,0,0,0,0,0.0000,0,0,0,0,0.0000,0,0,0,0,0.0000,0,0,0,0,"2021-05-18 21:00:00"
"RocketReports","MINT0028",20.0000,3680,0,3446,234,0.0000,0,0,0,0,0.0000,0,0,0,0,0.0000,0,0,0,0,0.0000,0,0,0,0,"2021-05-18 21:00:00"
"RocketReports","MINT0030",20.0000,234,0,166,68,0.0000,0,0,0,0,0.0000,0,0,0,0,0.0000,0,0,0,0,0.0000,0,0,0,0,"2021-05-18 21:00:00"
"RocketReports","MINT0031",20.0000,481,0,412,69,0.0000,0,0,0,0,0.0000,0,0,0,0,0.0000,0,0,0,0,0.0000,0,0,0,0,"2021-05-18 21:00:00"
"RocketReports","MINT0032",20.0000,1304,0,1279,25,0.0000,0,0,0,0,0.0000,0,0,0,0,0.0000,0,0,0,0,0.0000,0,0,0,0,"2021-05-18 21:00:00"
"RocketReports","MINT0034",20.0000,1267,0,1256,11,0.0000,0,0,0,0,0.0000,0,0,0,0,0.0000,0,0,0,0,0.0000,0,0,0,0,"2021-05-18 21:00:00"
"RocketReports","MINT0037",20.0000,50,0,31,19,0.0000,0,0,0,0,0.0000,0,0,0,0,0.0000,0,0,0,0,0.0000,0,0,0,0,"2021-05-18 21:00:00"
"RocketReports","MINT0040",20.0000,1040,0,884,156,0.0000,0,0,0,0,0.0000,0,0,0,0,0.0000,0,0,0,0,0.0000,0,0,0,0,"2021-05-18 21:00:00"
"RocketReports","MINT0041",20.0000,9593,0,9583,10,0.0000,0,0,0,0,0.0000,0,0,0,0,0.0000,0,0,0,0,0.0000,0,0,0,0,"2021-05-18 21:00:00"
"RocketReports","MINT0042",20.0000,2278,0,1913,365,0.0000,0,0,0,0,0.0000,0,0,0,0,0.0000,0,0,0,0,0.0000,0,0,0,0,"2021-05-18 21:00:00"
"RocketReports","MINT0043",20.0000,3798,0,3616,182,0.0000,0,0,0,0,0.0000,0,0,0,0,0.0000,0,0,0,0,0.0000,0,0,0,0,"2021-05-18 21:00:00"
"RocketReports","MINT0044",20.0000,842,0,616,226,0.0000,0,0,0,0,0.0000,0,0,0,0,0.0000,0,0,0,0,0.0000,0,0,0,0,"2021-05-18 21:00:00"
"RocketReports","MINT0046",20.0000,2363,0,2042,321,0.0000,0,0,0,0,0.0000,0,0,0,0,0.0000,0,0,0,0,0.0000,0,0,0,0,"2021-05-18 21:00:00"
"RocketReports","MINT0047",20.0000,99,0,15,84,0.0000,0,0,0,0,0.0000,0,0,0,0,0.0000,0,0,0,0,0.0000,0,0,0,0,"2021-05-18 21:00:00"
"RocketReports","MINT0048",20.0000,163,0,112,51,0.0000,0,0,0,0,0.0000,0,0,0,0,0.0000,0,0,0,0,0.0000,0,0,0,0,"2021-05-18 21:00:00"
"RocketReports","MINT0049",20.0000,199,0,95,104,0.0000,0,0,0,0,0.0000,0,0,0,0,0.0000,0,0,0,0,0.0000,0,0,0,0,"2021-05-18 21:00:00"
"RocketReports","MINT0050",20.0000,485,0,139,346,0.0000,0,0,0,0,0.0000,0,0,0,0,0.0000,0,0,0,0,0.0000,0,0,0,0,"2021-05-18 21:00:00"
"RocketReports","MINT0051",20.0000,494,0,406,88,0.0000,0,0,0,0,0.0000,0,0,0,0,0.0000,0,0,0,0,0.0000,0,0,0,0,"2021-05-18 21:00:00"
"RocketReports","MINT0052",20.0000,560,0,291,269,0.0000,0,0,0,0,0.0000,0,0,0,0,0.0000,0,0,0,0,0.0000,0,0,0,0,"2021-05-18 21:00:00"
"RocketReports","MINT0053",20.0000,4198,0,4016,182,0.0000,0,0,0,0,0.0000,0,0,0,0,0.0000,0,0,0,0,0.0000,0,0,0,0,"2021-05-18 21:00:00"
"RocketReports","MINT0054",20.0000,259,0,43,216,0.0000,0,0,0,0,0.0000,0,0,0,0,0.0000,0,0,0,0,0.0000,0,0,0,0,"2021-05-18 21:00:00"
"RocketReports","MINT0055",20.0000,532,0,384,148,0.0000,0,0,0,0,0.0000,0,0,0,0,0.0000,0,0,0,0,0.0000,0,0,0,0,"2021-05-18 21:00:00"
"RocketReports","MINT0056",20.0000,1762,0,1484,278,0.0000,0,0,0,0,0.0000,0,0,0,0,0.0000,0,0,0,0,0.0000,0,0,0,0,"2021-05-18 21:00:00"
"RocketReports","MINT0057",20.0000,1924,0,1890,34,0.0000,0,0,0,0,0.0000,0,0,0,0,0.0000,0,0,0,0,0.0000,0,0,0,0,"2021-05-18 21:00:00"
"RocketReports","MINT0058",20.0000,6089,0,6081,8,0.0000,0,0,0,0,0.0000,0,0,0,0,0.0000,0,0,0,0,0.0000,0,0,0,0,"2021-05-18 21:00:00"
"RocketReports","MINT0059",20.0000,762,0,415,347,0.0000,0,0,0,0,0.0000,0,0,0,0,0.0000,0,0,0,0,0.0000,0,0,0,0,"2021-05-18 21:00:00"
"RocketReports","MINT0062",20.0000,7684,0,7498,186,0.0000,0,0,0,0,0.0000,0,0,0,0,0.0000,0,0,0,0,0.0000,0,0,0,0,"2021-05-18 21:00:00"
"RocketReports","MINT0063",20.0000,3478,0,3358,120,0.0000,0,0,0,0,0.0000,0,0,0,0,0.0000,0,0,0,0,0.0000,0,0,0,0,"2021-05-18 21:00:00"
"RocketReports","MINT0064",20.0000,285,0,182,103,0.0000,0,0,0,0,0.0000,0,0,0,0,0.0000,0,0,0,0,0.0000,0,0,0,0,"2021-05-18 21:00:00"
"RocketReports","MINT0065",20.0000,576,0,383,193,0.0000,0,0,0,0,0.0000,0,0,0,0,0.0000,0,0,0,0,0.0000,0,0,0,0,"2021-05-18 21:00:00"
"RocketReports","MINT0066",20.0000,3643,0,3525,118,0.0000,0,0,0,0,0.0000,0,0,0,0,0.0000,0,0,0,0,0.0000,0,0,0,0,"2021-05-18 21:00:00"
"RocketReports","MINT0067",20.0000,523,0,329,194,0.0000,0,0,0,0,0.0000,0,0,0,0,0.0000,0,0,0,0,0.0000,0,0,0,0,"2021-05-18 21:00:00"
"RocketReports","MINT0067",0.0000,0,0,0,0,50.0000,698,0,537,161,0.0000,0,0,0,0,0.0000,0,0,0,0,0.0000,0,0,0,0,"2021-05-18 21:00:00"
"RocketReports","MINT0068",20.0000,1801,0,1666,135,0.0000,0,0,0,0,0.0000,0,0,0,0,0.0000,0,0,0,0,0.0000,0,0,0,0,"2021-05-18 21:00:00"
"RocketReports","MINT0069",20.0000,934,0,448,486,0.0000,0,0,0,0,0.0000,0,0,0,0,0.0000,0,0,0,0,0.0000,0,0,0,0,"2021-05-18 21:00:00"
"RocketReports","MINT0069",0.0000,0,0,0,0,50.0000,0,0,0,0,0.0000,0,0,0,0,0.0000,0,0,0,0,0.0000,0,0,0,0,"2021-05-18 21:00:00"
"RocketReports","MINT0070",20.0000,14,0,1,13,0.0000,0,0,0,0,0.0000,0,0,0,0,0.0000,0,0,0,0,0.0000,0,0,0,0,"2021-05-18 21:00:00"
"RocketReports","MINT0100",20.0000,250,0,92,158,0.0000,0,0,0,0,0.0000,0,0,0,0,0.0000,0,0,0,0,0.0000,0,0,0,0,"2021-05-18 21:00:00"
"RocketReports","MINT0101",20.0000,500,0,322,178,0.0000,0,0,0,0,0.0000,0,0,0,0,0.0000,0,0,0,0,0.0000,0,0,0,0,"2021-05-18 21:00:00"
"RocketReports","MINT0102",20.0000,26,0,3,23,0.0000,0,0,0,0,0.0000,0,0,0,0,0.0000,0,0,0,0,0.0000,0,0,0,0,"2021-05-18 21:00:00"
"RocketReports","MINT0103",20.0000,76,0,31,45,0.0000,0,0,0,0,0.0000,0,0,0,0,0.0000,0,0,0,0,0.0000,0,0,0,0,"2021-05-18 21:00:00"
"RocketReports","MINT0104",20.0000,100,0,83,17,0.0000,0,0,0,0,0.0000,0,0,0,0,0.0000,0,0,0,0,0.0000,0,0,0,0,"2021-05-18 21:00:00"
"RocketReports","MINT0105",20.0000,73,0,13,60,0.0000,0,0,0,0,0.0000,0,0,0,0,0.0000,0,0,0,0,0.0000,0,0,0,0,"2021-05-18 21:00:00"
"RocketReports","MINT0106",20.0000,150,0,92,58,0.0000,0,0,0,0,0.0000,0,0,0,0,0.0000,0,0,0,0,0.0000,0,0,0,0,"2021-05-18 21:00:00"
"RocketReports","MINT0107",20.0000,3200,0,3130,70,0.0000,0,0,0,0,0.0000,0,0,0,0,0.0000,0,0,0,0,0.0000,0,0,0,0,"2021-05-18 21:00:00"
"RocketReports","MINT0108",20.0000,300,0,282,18,0.0000,0,0,0,0,0.0000,0,0,0,0,0.0000,0,0,0,0,0.0000,0,0,0,0,"2021-05-18 21:00:00"
"RocketReports","MINT0109",20.0000,700,0,2,698,0.0000,0,0,0,0,0.0000,0,0,0,0,0.0000,0,0,0,0,0.0000,0,0,0,0,"2021-05-18 21:00:00"
"RocketReports","MINT0110",20.0000,250,0,66,184,0.0000,0,0,0,0,0.0000,0,0,0,0,0.0000,0,0,0,0,0.0000,0,0,0,0,"2021-05-18 21:00:00"
"RocketReports","MINT0111",20.0000,70,0,1,69,0.0000,0,0,0,0,0.0000,0,0,0,0,0.0000,0,0,0,0,0.0000,0,0,0,0,"2021-05-18 21:00:00"
"RocketReports","MINT0112",20.0000,6175,0,6141,34,0.0000,0,0,0,0,0.0000,0,0,0,0,0.0000,0,0,0,0,0.0000,0,0,0,0,"2021-05-18 21:00:00"
"RocketReports","MINT0113",20.0000,150,0,24,126,0.0000,0,0,0,0,0.0000,0,0,0,0,0.0000,0,0,0,0,0.0000,0,0,0,0,"2021-05-18 21:00:00"
"RocketReports","MINT0115",20.0000,250,0,6,244,0.0000,0,0,0,0,0.0000,0,0,0,0,0.0000,0,0,0,0,0.0000,0,0,0,0,"2021-05-18 21:00:00"
"RocketReports","MINT0116",20.0000,250,0,40,210,0.0000,0,0,0,0,0.0000,0,0,0,0,0.0000,0,0,0,0,0.0000,0,0,0,0,"2021-05-18 21:00:00"
"RocketReports","MINT0117",20.0000,450,0,300,150,0.0000,0,0,0,0,0.0000,0,0,0,0,0.0000,0,0,0,0,0.0000,0,0,0,0,"2021-05-18 21:00:00"
"RocketReports","MINT0118",20.0000,250,0,28,222,0.0000,0,0,0,0,0.0000,0,0,0,0,0.0000,0,0,0,0,0.0000,0,0,0,0,"2021-05-18 21:00:00"
"RocketReports","MINT0119",20.0000,140,0,15,125,0.0000,0,0,0,0,0.0000,0,0,0,0,0.0000,0,0,0,0,0.0000,0,0,0,0,"2021-05-18 21:00:00"
"RocketReports","MINT0120",20.0000,84,0,59,25,0.0000,0,0,0,0,0.0000,0,0,0,0,0.0000,0,0,0,0,0.0000,0,0,0,0,"2021-05-18 21:00:00"
"RocketReports","MINT0121",20.0000,500,0,131,369,0.0000,0,0,0,0,0.0000,0,0,0,0,0.0000,0,0,0,0,0.0000,0,0,0,0,"2021-05-18 21:00:00"
"RocketReports","MINT0122",20.0000,250,0,125,125,0.0000,0,0,0,0,0.0000,0,0,0,0,0.0000,0,0,0,0,0.0000,0,0,0,0,"2021-05-18 21:00:00"
"RocketReports","MINT0123",20.0000,79,0,0,79,0.0000,0,0,0,0,0.0000,0,0,0,0,0.0000,0,0,0,0,0.0000,0,0,0,0,"2021-05-18 21:00:00"
"RocketReports","MINT0124",20.0000,197,0,125,72,0.0000,0,0,0,0,0.0000,0,0,0,0,0.0000,0,0,0,0,0.0000,0,0,0,0,"2021-05-18 21:00:00"
"RocketReports","MINT0125",20.0000,366,0,75,291,0.0000,0,0,0,0,0.0000,0,0,0,0,0.0000,0,0,0,0,0.0000,0,0,0,0,"2021-05-18 21:00:00"
"RocketReports","MINT0126",20.0000,250,0,96,154,0.0000,0,0,0,0,0.0000,0,0,0,0,0.0000,0,0,0,0,0.0000,0,0,0,0,"2021-05-18 21:00:00"
"RocketReports","MINT0127",20.0000,450,0,174,276,0.0000,0,0,0,0,0.0000,0,0,0,0,0.0000,0,0,0,0,0.0000,0,0,0,0,"2021-05-18 21:00:00"
"RocketReports","MINT0129",20.0000,250,0,64,186,0.0000,0,0,0,0,0.0000,0,0,0,0,0.0000,0,0,0,0,0.0000,0,0,0,0,"2021-05-18 21:00:00"
"RocketReports","MINT0130",20.0000,18,0,0,18,0.0000,0,0,0,0,0.0000,0,0,0,0,0.0000,0,0,0,0,0.0000,0,0,0,0,"2021-05-18 21:00:00"
"RocketReports","MINT0131",20.0000,100,0,92,8,0.0000,0,0,0,0,0.0000,0,0,0,0,0.0000,0,0,0,0,0.0000,0,0,0,0,"2021-05-18 21:00:00"
"RocketReports","MINT0132",20.0000,100,0,1,99,0.0000,0,0,0,0,0.0000,0,0,0,0,0.0000,0,0,0,0,0.0000,0,0,0,0,"2021-05-18 21:00:00"
"RocketReports","MINT0133",20.0000,250,0,10,240,0.0000,0,0,0,0,0.0000,0,0,0,0,0.0000,0,0,0,0,0.0000,0,0,0,0,"2021-05-18 21:00:00"
"RocketReports","MINT0134",20.0000,50,0,16,34,0.0000,0,0,0,0,0.0000,0,0,0,0,0.0000,0,0,0,0,0.0000,0,0,0,0,"2021-05-18 21:00:00"
"RocketReports","MINT0135",20.0000,250,0,20,230,0.0000,0,0,0,0,0.0000,0,0,0,0,0.0000,0,0,0,0,0.0000,0,0,0,0,"2021-05-18 21:00:00"
"RocketReports","MINT0136",20.0000,50,0,0,50,0.0000,0,0,0,0,0.0000,0,0,0,0,0.0000,0,0,0,0,0.0000,0,0,0,0,"2021-05-18 21:00:00"
"RocketReports","MINT0137",20.0000,400,0,0,400,0.0000,0,0,0,0,0.0000,0,0,0,0,0.0000,0,0,0,0,0.0000,0,0,0,0,"2021-05-18 21:00:00"
"RocketReports","MINT0138",20.0000,200,0,118,82,0.0000,0,0,0,0,0.0000,0,0,0,0,0.0000,0,0,0,0,0.0000,0,0,0,0,"2021-05-18 21:00:00"
"RocketReports","MINT0139",20.0000,250,0,148,102,0.0000,0,0,0,0,0.0000,0,0,0,0,0.0000,0,0,0,0,0.0000,0,0,0,0,"2021-05-18 21:00:00"
"RocketReports","MINT0141",20.0000,0,0,0,0,0.0000,0,0,0,0,0.0000,0,0,0,0,0.0000,0,0,0,0,0.0000,0,0,0,0,"2021-05-18 21:00:00"
"RocketReports","MINT0142",20.0000,100,0,27,73,0.0000,0,0,0,0,0.0000,0,0,0,0,0.0000,0,0,0,0,0.0000,0,0,0,0,"2021-05-18 21:00:00"
"RocketReports","MINT0143",20.0000,250,0,152,98,0.0000,0,0,0,0,0.0000,0,0,0,0,0.0000,0,0,0,0,0.0000,0,0,0,0,"2021-05-18 21:00:00"
"RocketReports","MINT0144",20.0000,150,0,89,61,0.0000,0,0,0,0,0.0000,0,0,0,0,0.0000,0,0,0,0,0.0000,0,0,0,0,"2021-05-18 21:00:00"
"RocketReports","MINT0145",20.0000,96,0,75,21,0.0000,0,0,0,0,0.0000,0,0,0,0,0.0000,0,0,0,0,0.0000,0,0,0,0,"2021-05-18 21:00:00"
"RocketReports","MINT0146",20.0000,264,0,7,257,0.0000,0,0,0,0,0.0000,0,0,0,0,0.0000,0,0,0,0,0.0000,0,0,0,0,"2021-05-18 21:00:00"
"RocketReports","MINT0147",20.0000,100,0,22,78,0.0000,0,0,0,0,0.0000,0,0,0,0,0.0000,0,0,0,0,0.0000,0,0,0,0,"2021-05-18 21:00:00"
"RocketReports","MINT0148",20.0000,108,0,35,73,0.0000,0,0,0,0,0.0000,0,0,0,0,0.0000,0,0,0,0,0.0000,0,0,0,0,"2021-05-18 21:00:00"
"RocketReports","MINT0149",20.0000,250,0,10,240,0.0000,0,0,0,0,0.0000,0,0,0,0,0.0000,0,0,0,0,0.0000,0,0,0,0,"2021-05-18 21:00:00"
"RocketReports","MINT0150",20.0000,239,0,8,231,0.0000,0,0,0,0,0.0000,0,0,0,0,0.0000,0,0,0,0,0.0000,0,0,0,0,"2021-05-18 21:00:00"
"RocketReports","MINT0151",20.0000,34,0,26,8,0.0000,0,0,0,0,0.0000,0,0,0,0,0.0000,0,0,0,0,0.0000,0,0,0,0,"2021-05-18 21:00:00"
"RocketReports","MINT0152",20.0000,250,0,0,250,0.0000,0,0,0,0,0.0000,0,0,0,0,0.0000,0,0,0,0,0.0000,0,0,0,0,"2021-05-18 21:00:00"
"RocketReports","MINT0153",20.0000,150,0,63,87,0.0000,0,0,0,0,0.0000,0,0,0,0,0.0000,0,0,0,0,0.0000,0,0,0,0,"2021-05-18 21:00:00"
"RocketReports","MINT0154",20.0000,293,0,87,206,0.0000,0,0,0,0,0.0000,0,0,0,0,0.0000,0,0,0,0,0.0000,0,0,0,0,"2021-05-18 21:00:00"
"RocketReports","MINT0155",20.0000,104,0,60,44,0.0000,0,0,0,0,0.0000,0,0,0,0,0.0000,0,0,0,0,0.0000,0,0,0,0,"2021-05-18 21:00:00"
"RocketReports","MINT0155",0.0000,0,0,0,0,5.0000,37,0,7,30,0.0000,0,0,0,0,0.0000,0,0,0,0,0.0000,0,0,0,0,"2021-05-18 21:00:00"
"RocketReports","MINT0156",20.0000,100,0,9,91,0.0000,0,0,0,0,0.0000,0,0,0,0,0.0000,0,0,0,0,0.0000,0,0,0,0,"2021-05-18 21:00:00"
"RocketReports","MINT0157",20.0000,1295,0,1240,55,0.0000,0,0,0,0,0.0000,0,0,0,0,0.0000,0,0,0,0,0.0000,0,0,0,0,"2021-05-18 21:00:00"
"RocketReports","MINT0160",20.0000,311,0,110,201,0.0000,0,0,0,0,0.0000,0,0,0,0,0.0000,0,0,0,0,0.0000,0,0,0,0,"2021-05-18 21:00:00"
"RocketReports","MINT0161",20.0000,250,0,0,250,0.0000,0,0,0,0,0.0000,0,0,0,0,0.0000,0,0,0,0,0.0000,0,0,0,0,"2021-05-18 21:00:00"
"RocketReports","MINT0162",20.0000,100,0,0,100,0.0000,0,0,0,0,0.0000,0,0,0,0,0.0000,0,0,0,0,0.0000,0,0,0,0,"2021-05-18 21:00:00"
"RocketReports","MINT0201",20.0000,20,0,0,20,0.0000,0,0,0,0,0.0000,0,0,0,0,0.0000,0,0,0,0,0.0000,0,0,0,0,"2021-05-18 21:00:00"
"RocketReports","MINT0203",20.0000,76,0,26,50,0.0000,0,0,0,0,0.0000,0,0,0,0,0.0000,0,0,0,0,0.0000,0,0,0,0,"2021-05-18 21:00:00"
"RocketReports","MINT0204",20.0000,300,0,216,84,0.0000,0,0,0,0,0.0000,0,0,0,0,0.0000,0,0,0,0,0.0000,0,0,0,0,"2021-05-18 21:00:00"
"RocketReports","MINT0205",20.0000,399,0,345,54,0.0000,0,0,0,0,0.0000,0,0,0,0,0.0000,0,0,0,0,0.0000,0,0,0,0,"2021-05-18 21:00:00"
"RocketReports","MINT0206",20.0000,301,0,179,122,0.0000,0,0,0,0,0.0000,0,0,0,0,0.0000,0,0,0,0,0.0000,0,0,0,0,"2021-05-18 21:00:00"
"RocketReports","MINT0207",20.0000,136,0,15,121,0.0000,0,0,0,0,0.0000,0,0,0,0,0.0000,0,0,0,0,0.0000,0,0,0,0,"2021-05-18 21:00:00"
"RocketReports","MINT0208",20.0000,379,0,334,45,0.0000,0,0,0,0,0.0000,0,0,0,0,0.0000,0,0,0,0,0.0000,0,0,0,0,"2021-05-18 21:00:00"
"RocketReports","MINT0209",20.0000,598,0,258,340,0.0000,0,0,0,0,0.0000,0,0,0,0,0.0000,0,0,0,0,0.0000,0,0,0,0,"2021-05-18 21:00:00"
"RocketReports","MINT0304",20.0000,200,0,70,130,0.0000,0,0,0,0,0.0000,0,0,0,0,0.0000,0,0,0,0,0.0000,0,0,0,0,"2021-05-18 21:00:00"
"RocketReports","MINT0305",20.0000,1000,0,761,239,0.0000,0,0,0,0,0.0000,0,0,0,0,0.0000,0,0,0,0,0.0000,0,0,0,0,"2021-05-18 21:00:00"
"RocketReports","MINT0306",20.0000,278,0,72,206,0.0000,0,0,0,0,0.0000,0,0,0,0,0.0000,0,0,0,0,0.0000,0,0,0,0,"2021-05-18 21:00:00"
"RocketReports","MINT0308",20.0000,540,0,459,81,0.0000,0,0,0,0,0.0000,0,0,0,0,0.0000,0,0,0,0,0.0000,0,0,0,0,"2021-05-18 21:00:00"
"RocketReports","MINT0350",20.0000,1194,0,931,263,0.0000,0,0,0,0,0.0000,0,0,0,0,0.0000,0,0,0,0,0.0000,0,0,0,0,"2021-05-18 21:00:00"
"RocketReports","MINT0351",20.0000,1332,0,1132,200,0.0000,0,0,0,0,0.0000,0,0,0,0,0.0000,0,0,0,0,0.0000,0,0,0,0,"2021-05-18 21:00:00"
"RocketReports","MINT0352",20.0000,493,0,261,232,0.0000,0,0,0,0,0.0000,0,0,0,0,0.0000,0,0,0,0,0.0000,0,0,0,0,"2021-05-18 21:00:00"
"RocketReports","MINT0353",20.0000,800,0,652,148,0.0000,0,0,0,0,0.0000,0,0,0,0,0.0000,0,0,0,0,0.0000,0,0,0,0,"2021-05-18 21:00:00"
"RocketReports","MINT0355",20.0000,553,0,500,53,0.0000,0,0,0,0,0.0000,0,0,0,0,0.0000,0,0,0,0,0.0000,0,0,0,0,"2021-05-18 21:00:00"
"RocketReports","MINT0356",20.0000,675,0,675,0,0.0000,0,0,0,0,0.0000,0,0,0,0,0.0000,0,0,0,0,0.0000,0,0,0,0,"2021-05-18 21:00:00"
"RocketReports","MINT0357",20.0000,548,0,406,142,0.0000,0,0,0,0,0.0000,0,0,0,0,0.0000,0,0,0,0,0.0000,0,0,0,0,"2021-05-18 21:00:00"
"RocketReports","MINT0358",20.0000,0,0,0,0,0.0000,0,0,0,0,0.0000,0,0,0,0,0.0000,0,0,0,0,0.0000,0,0,0,0,"2021-05-18 21:00:00"
"RocketReports","MINT0359",20.0000,7238,0,7081,157,0.0000,0,0,0,0,0.0000,0,0,0,0,0.0000,0,0,0,0,0.0000,0,0,0,0,"2021-05-18 21:00:00"
"RocketReports","MINT0360",20.0000,632,0,593,39,0.0000,0,0,0,0,0.0000,0,0,0,0,0.0000,0,0,0,0,0.0000,0,0,0,0,"2021-05-18 21:00:00"
"RocketReports","MINT0400",20.0000,101,0,20,81,0.0000,0,0,0,0,0.0000,0,0,0,0,0.0000,0,0,0,0,0.0000,0,0,0,0,"2021-05-18 21:00:00"
"RocketReports","MINT0401",20.0000,129,0,31,98,0.0000,0,0,0,0,0.0000,0,0,0,0,0.0000,0,0,0,0,0.0000,0,0,0,0,"2021-05-18 21:00:00"
"RocketReports","MINT0402",20.0000,138,0,36,102,0.0000,0,0,0,0,0.0000,0,0,0,0,0.0000,0,0,0,0,0.0000,0,0,0,0,"2021-05-18 21:00:00"
"RocketReports","MINT0403",20.0000,112,0,68,44,0.0000,0,0,0,0,0.0000,0,0,0,0,0.0000,0,0,0,0,0.0000,0,0,0,0,"2021-05-18 21:00:00"
"RocketReports","MINT0404",20.0000,81,0,30,51,0.0000,0,0,0,0,0.0000,0,0,0,0,0.0000,0,0,0,0,0.0000,0,0,0,0,"2021-05-18 21:00:00"
"RocketReports","MINT0405",20.0000,89,0,10,79,0.0000,0,0,0,0,0.0000,0,0,0,0,0.0000,0,0,0,0,0.0000,0,0,0,0,"2021-05-18 21:00:00"
"RocketReports","MINT0406",20.0000,31,0,2,29,0.0000,0,0,0,0,0.0000,0,0,0,0,0.0000,0,0,0,0,0.0000,0,0,0,0,"2021-05-18 21:00:00"
"RocketReports","MINT0407",20.0000,29,0,0,29,0.0000,0,0,0,0,0.0000,0,0,0,0,0.0000,0,0,0,0,0.0000,0,0,0,0,"2021-05-18 21:00:00"
"RocketReports","MINT0408",20.0000,25,0,1,24,0.0000,0,0,0,0,0.0000,0,0,0,0,0.0000,0,0,0,0,0.0000,0,0,0,0,"2021-05-18 21:00:00"
"RocketReports","MINT0409",20.0000,197,0,0,197,0.0000,0,0,0,0,0.0000,0,0,0,0,0.0000,0,0,0,0,0.0000,0,0,0,0,"2021-05-18 21:00:00"
"RocketReports","MINT0410",20.0000,102,0,87,15,0.0000,0,0,0,0,0.0000,0,0,0,0,0.0000,0,0,0,0,0.0000,0,0,0,0,"2021-05-18 21:00:00"
"RocketReports","MINT0411",20.0000,1735,0,1428,307,0.0000,0,0,0,0,0.0000,0,0,0,0,0.0000,0,0,0,0,0.0000,0,0,0,0,"2021-05-18 21:00:00"
"RocketReports","MINT0412",20.0000,111,0,36,75,0.0000,0,0,0,0,0.0000,0,0,0,0,0.0000,0,0,0,0,0.0000,0,0,0,0,"2021-05-18 21:00:00"
"RocketReports","MINT0413",20.0000,170,0,105,65,0.0000,0,0,0,0,0.0000,0,0,0,0,0.0000,0,0,0,0,0.0000,0,0,0,0,"2021-05-18 21:00:00"
"RocketReports","MINT0414",20.0000,100,0,100,0,0.0000,0,0,0,0,0.0000,0,0,0,0,0.0000,0,0,0,0,0.0000,0,0,0,0,"2021-05-18 21:00:00"
"RocketReports","MINT0415",20.0000,61,0,4,57,0.0000,0,0,0,0,0.0000,0,0,0,0,0.0000,0,0,0,0,0.0000,0,0,0,0,"2021-05-18 21:00:00"
"RocketReports","MINT0416",20.0000,63,0,17,46,0.0000,0,0,0,0,0.0000,0,0,0,0,0.0000,0,0,0,0,0.0000,0,0,0,0,"2021-05-18 21:00:00"
"RocketReports","MINT0417",20.0000,97,0,4,93,0.0000,0,0,0,0,0.0000,0,0,0,0,0.0000,0,0,0,0,0.0000,0,0,0,0,"2021-05-18 21:00:00"
"RocketReports","MINT0418",20.0000,53,0,0,53,0.0000,0,0,0,0,0.0000,0,0,0,0,0.0000,0,0,0,0,0.0000,0,0,0,0,"2021-05-18 21:00:00"
"RocketReports","MINT0494",20.0000,2337,0,2145,192,0.0000,0,0,0,0,0.0000,0,0,0,0,0.0000,0,0,0,0,0.0000,0,0,0,0,"2021-05-18 21:00:00"
"RocketReports","MINT0495",20.0000,206,0,36,170,0.0000,0,0,0,0,0.0000,0,0,0,0,0.0000,0,0,0,0,0.0000,0,0,0,0,"2021-05-18 21:00:00"
"RocketReports","MINT0496",20.0000,689,0,523,166,0.0000,0,0,0,0,0.0000,0,0,0,0,0.0000,0,0,0,0,0.0000,0,0,0,0,"2021-05-18 21:00:00"
"RocketReports","MINT0497",20.0000,3791,0,3545,246,0.0000,0,0,0,0,0.0000,0,0,0,0,0.0000,0,0,0,0,0.0000,0,0,0,0,"2021-05-18 21:00:00"
"RocketReports","MINT0498",20.0000,1329,0,1226,103,0.0000,0,0,0,0,0.0000,0,0,0,0,0.0000,0,0,0,0,0.0000,0,0,0,0,"2021-05-18 21:00:00"
"RocketReports","MINT0499",20.0000,841,0,841,0,0.0000,0,0,0,0,0.0000,0,0,0,0,0.0000,0,0,0,0,0.0000,0,0,0,0,"2021-05-18 21:00:00"
"RocketReports","MINT0501",20.0000,3222,0,3164,58,0.0000,0,0,0,0,0.0000,0,0,0,0,0.0000,0,0,0,0,0.0000,0,0,0,0,"2021-05-18 21:00:00"
"RocketReports","MINT0503",20.0000,4264,0,3544,720,0.0000,0,0,0,0,0.0000,0,0,0,0,0.0000,0,0,0,0,0.0000,0,0,0,0,"2021-05-18 21:00:00"
"RocketReports","MINT0504",20.0000,113,0,24,89,0.0000,0,0,0,0,0.0000,0,0,0,0,0.0000,0,0,0,0,0.0000,0,0,0,0,"2021-05-18 21:00:00"
"RocketReports","MINT0508",20.0000,7678,0,7374,304,0.0000,0,0,0,0,0.0000,0,0,0,0,0.0000,0,0,0,0,0.0000,0,0,0,0,"2021-05-18 21:00:00"
"RocketReports","MINT0509",20.0000,679,0,677,2,0.0000,0,0,0,0,0.0000,0,0,0,0,0.0000,0,0,0,0,0.0000,0,0,0,0,"2021-05-18 21:00:00"
"RocketReports","MINT0509",0.0000,0,0,0,0,10.0000,0,0,0,0,0.0000,0,0,0,0,0.0000,0,0,0,0,0.0000,0,0,0,0,"2021-05-18 21:00:00"
"RocketReports","MINT0519",20.0000,66,0,29,37,0.0000,0,0,0,0,0.0000,0,0,0,0,0.0000,0,0,0,0,0.0000,0,0,0,0,"2021-05-18 21:00:00"
"RocketReports","MINT0520",20.0000,600,0,9,591,0.0000,0,0,0,0,0.0000,0,0,0,0,0.0000,0,0,0,0,0.0000,0,0,0,0,"2021-05-18 21:00:00"
"RocketReports","MINT0527",20.0000,28,0,25,3,0.0000,0,0,0,0,0.0000,0,0,0,0,0.0000,0,0,0,0,0.0000,0,0,0,0,"2021-05-18 21:00:00"
"RocketReports","MINT0529",20.0000,93,0,38,55,0.0000,0,0,0,0,0.0000,0,0,0,0,0.0000,0,0,0,0,0.0000,0,0,0,0,"2021-05-18 21:00:00"
"RocketReports","MINT0531",20.0000,1201,0,1122,79,0.0000,0,0,0,0,0.0000,0,0,0,0,0.0000,0,0,0,0,0.0000,0,0,0,0,"2021-05-18 21:00:00"
"RocketReports","MINT0532",20.0000,2855,0,2659,196,0.0000,0,0,0,0,0.0000,0,0,0,0,0.0000,0,0,0,0,0.0000,0,0,0,0,"2021-05-18 21:00:00"
"RocketReports","MINT0533",10.0000,0,0,0,0,0.0000,0,0,0,0,0.0000,0,0,0,0,0.0000,0,0,0,0,0.0000,0,0,0,0,"2021-05-18 21:00:00"
"RocketReports","MINT0533",0.0000,0,0,0,0,20.0000,1416,0,1260,156,0.0000,0,0,0,0,0.0000,0,0,0,0,0.0000,0,0,0,0,"2021-05-18 21:00:00"
"RocketReports","MINT0534",20.0000,230,0,75,155,0.0000,0,0,0,0,0.0000,0,0,0,0,0.0000,0,0,0,0,0.0000,0,0,0,0,"2021-05-18 21:00:00"
"RocketReports","MINT0535",20.0000,75,0,43,32,0.0000,0,0,0,0,0.0000,0,0,0,0,0.0000,0,0,0,0,0.0000,0,0,0,0,"2021-05-18 21:00:00"
"RocketReports","MINT0537",20.0000,100,0,31,69,0.0000,0,0,0,0,0.0000,0,0,0,0,0.0000,0,0,0,0,0.0000,0,0,0,0,"2021-05-18 21:00:00"
"RocketReports","MINT0538",20.0000,631,0,569,62,0.0000,0,0,0,0,0.0000,0,0,0,0,0.0000,0,0,0,0,0.0000,0,0,0,0,"2021-05-18 21:00:00"
"RocketReports","MINT0539",20.0000,1257,0,1136,121,0.0000,0,0,0,0,0.0000,0,0,0,0,0.0000,0,0,0,0,0.0000,0,0,0,0,"2021-05-18 21:00:00"
"RocketReports","MINT0540",20.0000,47,0,47,0,0.0000,0,0,0,0,0.0000,0,0,0,0,0.0000,0,0,0,0,0.0000,0,0,0,0,"2021-05-18 21:00:00"
"RocketReports","MINT0542",20.0000,151,0,43,108,0.0000,0,0,0,0,0.0000,0,0,0,0,0.0000,0,0,0,0,0.0000,0,0,0,0,"2021-05-18 21:00:00"
"RocketReports","MINT0543",20.0000,103,0,49,54,0.0000,0,0,0,0,0.0000,0,0,0,0,0.0000,0,0,0,0,0.0000,0,0,0,0,"2021-05-18 21:00:00"
"RocketReports","MINT0544",20.0000,10,0,0,10,0.0000,0,0,0,0,0.0000,0,0,0,0,0.0000,0,0,0,0,0.0000,0,0,0,0,"2021-05-18 21:00:00"
"RocketReports","MINT0545",20.0000,207,0,26,181,0.0000,0,0,0,0,0.0000,0,0,0,0,0.0000,0,0,0,0,0.0000,0,0,0,0,"2021-05-18 21:00:00"
"RocketReports","MINT0546",20.0000,89,0,2,87,0.0000,0,0,0,0,0.0000,0,0,0,0,0.0000,0,0,0,0,0.0000,0,0,0,0,"2021-05-18 21:00:00"
"RocketReports","MINT0547",20.0000,100,0,48,52,0.0000,0,0,0,0,0.0000,0,0,0,0,0.0000,0,0,0,0,0.0000,0,0,0,0,"2021-05-18 21:00:00"
"RocketReports","MINT0548",20.0000,1100,0,989,111,0.0000,0,0,0,0,0.0000,0,0,0,0,0.0000,0,0,0,0,0.0000,0,0,0,0,"2021-05-18 21:00:00"
"RocketReports","MINT0549",20.0000,1498,0,1490,8,0.0000,0,0,0,0,0.0000,0,0,0,0,0.0000,0,0,0,0,0.0000,0,0,0,0,"2021-05-18 21:00:00"
"RocketReports","MINT0550",20.0000,618,0,430,188,0.0000,0,0,0,0,0.0000,0,0,0,0,0.0000,0,0,0,0,0.0000,0,0,0,0,"2021-05-18 21:00:00"
"RocketReports","MINT0551",20.0000,210,0,132,78,0.0000,0,0,0,0,0.0000,0,0,0,0,0.0000,0,0,0,0,0.0000,0,0,0,0,"2021-05-18 21:00:00"
"RocketReports","MINT0552",20.0000,148,0,0,148,0.0000,0,0,0,0,0.0000,0,0,0,0,0.0000,0,0,0,0,0.0000,0,0,0,0,"2021-05-18 21:00:00"
"RocketReports","MINT0553",20.0000,1098,0,980,118,0.0000,0,0,0,0,0.0000,0,0,0,0,0.0000,0,0,0,0,0.0000,0,0,0,0,"2021-05-18 21:00:00"
"RocketReports","MINT0554",20.0000,400,0,400,0,0.0000,0,0,0,0,0.0000,0,0,0,0,0.0000,0,0,0,0,0.0000,0,0,0,0,"2021-05-18 21:00:00"
"RocketReports","MINT0555",20.0000,162,0,84,78,0.0000,0,0,0,0,0.0000,0,0,0,0,0.0000,0,0,0,0,0.0000,0,0,0,0,"2021-05-18 21:00:00"
"RocketReports","MINT0556",20.0000,2288,0,2196,92,0.0000,0,0,0,0,0.0000,0,0,0,0,0.0000,0,0,0,0,0.0000,0,0,0,0,"2021-05-18 21:00:00"
"RocketReports","MINT0557",20.0000,59,0,5,54,0.0000,0,0,0,0,0.0000,0,0,0,0,0.0000,0,0,0,0,0.0000,0,0,0,0,"2021-05-18 21:00:00"
"RocketReports","MINT0558",20.0000,454,0,389,65,0.0000,0,0,0,0,0.0000,0,0,0,0,0.0000,0,0,0,0,0.0000,0,0,0,0,"2021-05-18 21:00:00"
"RocketReports","MINT0559",20.0000,91,0,1,90,0.0000,0,0,0,0,0.0000,0,0,0,0,0.0000,0,0,0,0,0.0000,0,0,0,0,"2021-05-18 21:00:00"
"RocketReports","MINT0560",20.0000,640,0,540,100,0.0000,0,0,0,0,0.0000,0,0,0,0,0.0000,0,0,0,0,0.0000,0,0,0,0,"2021-05-18 21:00:00"
"RocketReports","MINT0561",20.0000,50,0,9,41,0.0000,0,0,0,0,0.0000,0,0,0,0,0.0000,0,0,0,0,0.0000,0,0,0,0,"2021-05-18 21:00:00"
"RocketReports","MINT0562",20.0000,4200,0,4057,143,0.0000,0,0,0,0,0.0000,0,0,0,0,0.0000,0,0,0,0,0.0000,0,0,0,0,"2021-05-18 21:00:00"
"RocketReports","MINT0563",20.0000,3589,0,3350,239,0.0000,0,0,0,0,0.0000,0,0,0,0,0.0000,0,0,0,0,0.0000,0,0,0,0,"2021-05-18 21:00:00"
"RocketReports","MINT0564",20.0000,2587,0,2452,135,0.0000,0,0,0,0,0.0000,0,0,0,0,0.0000,0,0,0,0,0.0000,0,0,0,0,"2021-05-18 21:00:00"
"RocketReports","MINT0565",20.0000,144,0,109,35,0.0000,0,0,0,0,0.0000,0,0,0,0,0.0000,0,0,0,0,0.0000,0,0,0,0,"2021-05-18 21:00:00"
"RocketReports","MINT0566",20.0000,410,0,339,71,0.0000,0,0,0,0,0.0000,0,0,0,0,0.0000,0,0,0,0,0.0000,0,0,0,0,"2021-05-18 21:00:00"
"RocketReports","MINT0567",20.0000,464,0,120,344,0.0000,0,0,0,0,0.0000,0,0,0,0,0.0000,0,0,0,0,0.0000,0,0,0,0,"2021-05-18 21:00:00"
"RocketReports","MINT0568",20.0000,200,0,184,16,0.0000,0,0,0,0,0.0000,0,0,0,0,0.0000,0,0,0,0,0.0000,0,0,0,0,"2021-05-18 21:00:00"
"RocketReports","MINT0569",20.0000,7397,0,7223,174,0.0000,0,0,0,0,0.0000,0,0,0,0,0.0000,0,0,0,0,0.0000,0,0,0,0,"2021-05-18 21:00:00"
"RocketReports","MINT0570",20.0000,4600,0,4299,301,0.0000,0,0,0,0,0.0000,0,0,0,0,0.0000,0,0,0,0,0.0000,0,0,0,0,"2021-05-18 21:00:00"
"RocketReports","MINT0571",20.0000,1718,0,1544,174,0.0000,0,0,0,0,0.0000,0,0,0,0,0.0000,0,0,0,0,0.0000,0,0,0,0,"2021-05-18 21:00:00"
"RocketReports","MINT0572",20.0000,3845,0,3718,127,0.0000,0,0,0,0,0.0000,0,0,0,0,0.0000,0,0,0,0,0.0000,0,0,0,0,"2021-05-18 21:00:00"
"RocketReports","MINT0574",20.0000,3918,0,3834,84,0.0000,0,0,0,0,0.0000,0,0,0,0,0.0000,0,0,0,0,0.0000,0,0,0,0,"2021-05-18 21:00:00"
"RocketReports","MINT0575",20.0000,25,0,0,25,0.0000,0,0,0,0,0.0000,0,0,0,0,0.0000,0,0,0,0,0.0000,0,0,0,0,"2021-05-18 21:00:00"
"RocketReports","MINT0576",20.0000,168,0,144,24,0.0000,0,0,0,0,0.0000,0,0,0,0,0.0000,0,0,0,0,0.0000,0,0,0,0,"2021-05-18 21:00:00"
"RocketReports","MINT0577",20.0000,515,0,445,70,0.0000,0,0,0,0,0.0000,0,0,0,0,0.0000,0,0,0,0,0.0000,0,0,0,0,"2021-05-18 21:00:00"
"RocketReports","MINT0578",20.0000,75,0,2,73,0.0000,0,0,0,0,0.0000,0,0,0,0,0.0000,0,0,0,0,0.0000,0,0,0,0,"2021-05-18 21:00:00"
"RocketReports","MINT0579",20.0000,20,0,20,0,0.0000,0,0,0,0,0.0000,0,0,0,0,0.0000,0,0,0,0,0.0000,0,0,0,0,"2021-05-18 21:00:00"
"RocketReports","MINT0580",20.0000,200,0,5,195,0.0000,0,0,0,0,0.0000,0,0,0,0,0.0000,0,0,0,0,0.0000,0,0,0,0,"2021-05-18 21:00:00"
"RocketReports","MINT0581",20.0000,205,0,89,116,0.0000,0,0,0,0,0.0000,0,0,0,0,0.0000,0,0,0,0,0.0000,0,0,0,0,"2021-05-18 21:00:00"
"RocketReports","MINT0582",20.0000,222,0,113,109,0.0000,0,0,0,0,0.0000,0,0,0,0,0.0000,0,0,0,0,0.0000,0,0,0,0,"2021-05-18 21:00:00"
"RocketReports","MINT0583",20.0000,43,0,8,35,0.0000,0,0,0,0,0.0000,0,0,0,0,0.0000,0,0,0,0,0.0000,0,0,0,0,"2021-05-18 21:00:00"
"RocketReports","MINT0584",20.0000,150,0,89,61,0.0000,0,0,0,0,0.0000,0,0,0,0,0.0000,0,0,0,0,0.0000,0,0,0,0,"2021-05-18 21:00:00"
"RocketReports","MINT0585",20.0000,5175,0,4992,183,0.0000,0,0,0,0,0.0000,0,0,0,0,0.0000,0,0,0,0,0.0000,0,0,0,0,"2021-05-18 21:00:00"
"RocketReports","MINT0586",20.0000,1046,0,1006,40,0.0000,0,0,0,0,0.0000,0,0,0,0,0.0000,0,0,0,0,0.0000,0,0,0,0,"2021-05-18 21:00:00"
"RocketReports","MINT0587",20.0000,25,0,0,25,0.0000,0,0,0,0,0.0000,0,0,0,0,0.0000,0,0,0,0,0.0000,0,0,0,0,"2021-05-18 21:00:00"
"RocketReports","MINT0588",20.0000,104,0,17,87,0.0000,0,0,0,0,0.0000,0,0,0,0,0.0000,0,0,0,0,0.0000,0,0,0,0,"2021-05-18 21:00:00"
"RocketReports","MINT0589",20.0000,95,0,73,22,0.0000,0,0,0,0,0.0000,0,0,0,0,0.0000,0,0,0,0,0.0000,0,0,0,0,"2021-05-18 21:00:00"
"RocketReports","MINT0590",20.0000,705,0,643,62,0.0000,0,0,0,0,0.0000,0,0,0,0,0.0000,0,0,0,0,0.0000,0,0,0,0,"2021-05-18 21:00:00"
"RocketReports","MINT0591",20.0000,200,0,113,87,0.0000,0,0,0,0,0.0000,0,0,0,0,0.0000,0,0,0,0,0.0000,0,0,0,0,"2021-05-18 21:00:00"
"RocketReports","MINT0592",20.0000,41,0,41,0,0.0000,0,0,0,0,0.0000,0,0,0,0,0.0000,0,0,0,0,0.0000,0,0,0,0,"2021-05-18 21:00:00"
"RocketReports","MINT0593",20.0000,51,0,51,0,0.0000,0,0,0,0,0.0000,0,0,0,0,0.0000,0,0,0,0,0.0000,0,0,0,0,"2021-05-18 21:00:00"
"RocketReports","MINT0594",20.0000,62,0,0,62,0.0000,0,0,0,0,0.0000,0,0,0,0,0.0000,0,0,0,0,0.0000,0,0,0,0,"2021-05-18 21:00:00"
"RocketReports","MINT0595",20.0000,50,0,37,13,0.0000,0,0,0,0,0.0000,0,0,0,0,0.0000,0,0,0,0,0.0000,0,0,0,0,"2021-05-18 21:00:00"
"RocketReports","MINT0596",20.0000,401,0,6,395,0.0000,0,0,0,0,0.0000,0,0,0,0,0.0000,0,0,0,0,0.0000,0,0,0,0,"2021-05-18 21:00:00"
"RocketReports","MINT0597",20.0000,54,0,6,48,0.0000,0,0,0,0,0.0000,0,0,0,0,0.0000,0,0,0,0,0.0000,0,0,0,0,"2021-05-18 21:00:00"
"RocketReports","MINT0598",20.0000,75,0,24,51,0.0000,0,0,0,0,0.0000,0,0,0,0,0.0000,0,0,0,0,0.0000,0,0,0,0,"2021-05-18 21:00:00"
"RocketReports","MINT0599",20.0000,4907,0,4636,271,0.0000,0,0,0,0,0.0000,0,0,0,0,0.0000,0,0,0,0,0.0000,0,0,0,0,"2021-05-18 21:00:00"
"RocketReports","MINT0600",20.0000,45,0,30,15,0.0000,0,0,0,0,0.0000,0,0,0,0,0.0000,0,0,0,0,0.0000,0,0,0,0,"2021-05-18 21:00:00"
"RocketReports","MINT0601",20.0000,578,0,533,45,0.0000,0,0,0,0,0.0000,0,0,0,0,0.0000,0,0,0,0,0.0000,0,0,0,0,"2021-05-18 21:00:00"
"RocketReports","MINT0602",20.0000,400,0,393,7,0.0000,0,0,0,0,0.0000,0,0,0,0,0.0000,0,0,0,0,0.0000,0,0,0,0,"2021-05-18 21:00:00"
"RocketReports","MINT0603",20.0000,906,0,709,197,0.0000,0,0,0,0,0.0000,0,0,0,0,0.0000,0,0,0,0,0.0000,0,0,0,0,"2021-05-18 21:00:00"
"RocketReports","MINT0604",20.0000,2635,0,2528,107,0.0000,0,0,0,0,0.0000,0,0,0,0,0.0000,0,0,0,0,0.0000,0,0,0,0,"2021-05-18 21:00:00"
"RocketReports","MINT0606",20.0000,80,0,31,49,0.0000,0,0,0,0,0.0000,0,0,0,0,0.0000,0,0,0,0,0.0000,0,0,0,0,"2021-05-18 21:00:00"
"RocketReports","MINT0609",20.0000,202,0,161,41,0.0000,0,0,0,0,0.0000,0,0,0,0,0.0000,0,0,0,0,0.0000,0,0,0,0,"2021-05-18 21:00:00"
"RocketReports","MINT0610",20.0000,248,0,139,109,0.0000,0,0,0,0,0.0000,0,0,0,0,0.0000,0,0,0,0,0.0000,0,0,0,0,"2021-05-18 21:00:00"
"RocketReports","MINT0611",20.0000,1412,0,1387,25,0.0000,0,0,0,0,0.0000,0,0,0,0,0.0000,0,0,0,0,0.0000,0,0,0,0,"2021-05-18 21:00:00"
"RocketReports","MINT0707",20.0000,183,0,173,10,0.0000,0,0,0,0,0.0000,0,0,0,0,0.0000,0,0,0,0,0.0000,0,0,0,0,"2021-05-18 21:00:00"
"RocketReports","MINT0709",20.0000,927,0,925,2,0.0000,0,0,0,0,0.0000,0,0,0,0,0.0000,0,0,0,0,0.0000,0,0,0,0,"2021-05-18 21:00:00"
"RocketReports","MINT0711",10.0000,338,0,240,98,0.0000,0,0,0,0,0.0000,0,0,0,0,0.0000,0,0,0,0,0.0000,0,0,0,0,"2021-05-18 21:00:00"
"RocketReports","MINT0712",10.0000,1850,0,1806,44,0.0000,0,0,0,0,0.0000,0,0,0,0,0.0000,0,0,0,0,0.0000,0,0,0,0,"2021-05-18 21:00:00"
"RocketReports","MINT0728",20.0000,97,0,86,11,0.0000,0,0,0,0,0.0000,0,0,0,0,0.0000,0,0,0,0,0.0000,0,0,0,0,"2021-05-18 21:00:00"
"RocketReports","MINT0900",20.0000,85,0,4,81,0.0000,0,0,0,0,0.0000,0,0,0,0,0.0000,0,0,0,0,0.0000,0,0,0,0,"2021-05-18 21:00:00"
"RocketReports","MINT0901",20.0000,100,0,5,95,0.0000,0,0,0,0,0.0000,0,0,0,0,0.0000,0,0,0,0,0.0000,0,0,0,0,"2021-05-18 21:00:00"
"RocketReports","MINT0902",20.0000,117,0,44,73,0.0000,0,0,0,0,0.0000,0,0,0,0,0.0000,0,0,0,0,0.0000,0,0,0,0,"2021-05-18 21:00:00"
"RocketReports","MINT0903",20.0000,99,0,17,82,0.0000,0,0,0,0,0.0000,0,0,0,0,0.0000,0,0,0,0,0.0000,0,0,0,0,"2021-05-18 21:00:00"
"RocketReports","MINT0904",20.0000,1,0,0,1,0.0000,0,0,0,0,0.0000,0,0,0,0,0.0000,0,0,0,0,0.0000,0,0,0,0,"2021-05-18 21:00:00"
"RocketReports","MINT0905",20.0000,100,0,6,94,0.0000,0,0,0,0,0.0000,0,0,0,0,0.0000,0,0,0,0,0.0000,0,0,0,0,"2021-05-18 21:00:00"
"RocketReports","MINT0906",20.0000,101,0,0,101,0.0000,0,0,0,0,0.0000,0,0,0,0,0.0000,0,0,0,0,0.0000,0,0,0,0,"2021-05-18 21:00:00"
"RocketReports","MINT0907",20.0000,151,0,30,121,0.0000,0,0,0,0,0.0000,0,0,0,0,0.0000,0,0,0,0,0.0000,0,0,0,0,"2021-05-18 21:00:00"
"RocketReports","MINT0908",20.0000,142,0,106,36,0.0000,0,0,0,0,0.0000,0,0,0,0,0.0000,0,0,0,0,0.0000,0,0,0,0,"2021-05-18 21:00:00"
"RocketReports","MINT0909",20.0000,143,0,2,141,0.0000,0,0,0,0,0.0000,0,0,0,0,0.0000,0,0,0,0,0.0000,0,0,0,0,"2021-05-18 21:00:00"
"RocketReports","MINT0910",20.0000,228,0,190,38,0.0000,0,0,0,0,0.0000,0,0,0,0,0.0000,0,0,0,0,0.0000,0,0,0,0,"2021-05-18 21:00:00"
"RocketReports","MINT0912",20.0000,227,0,44,183,0.0000,0,0,0,0,0.0000,0,0,0,0,0.0000,0,0,0,0,0.0000,0,0,0,0,"2021-05-18 21:00:00"
"RocketReports","MINT0913",20.0000,515,0,108,407,0.0000,0,0,0,0,0.0000,0,0,0,0,0.0000,0,0,0,0,0.0000,0,0,0,0,"2021-05-18 21:00:00"
"RocketReports","MINT0914",20.0000,86,0,30,56,0.0000,0,0,0,0,0.0000,0,0,0,0,0.0000,0,0,0,0,0.0000,0,0,0,0,"2021-05-18 21:00:00"
"RocketReports","MINT0915",20.0000,51,0,0,51,0.0000,0,0,0,0,0.0000,0,0,0,0,0.0000,0,0,0,0,0.0000,0,0,0,0,"2021-05-18 21:00:00"
"RocketReports","MINT0916",20.0000,107,0,105,2,0.0000,0,0,0,0,0.0000,0,0,0,0,0.0000,0,0,0,0,0.0000,0,0,0,0,"2021-05-18 21:00:00"
"RocketReports","MINT0917",20.0000,100,0,0,100,0.0000,0,0,0,0,0.0000,0,0,0,0,0.0000,0,0,0,0,0.0000,0,0,0,0,"2021-05-18 21:00:00"
"RocketReports","MINT0918",20.0000,100,0,14,86,0.0000,0,0,0,0,0.0000,0,0,0,0,0.0000,0,0,0,0,0.0000,0,0,0,0,"2021-05-18 21:00:00"
"RocketReports","MINT0919",20.0000,900,0,437,463,0.0000,0,0,0,0,0.0000,0,0,0,0,0.0000,0,0,0,0,0.0000,0,0,0,0,"2021-05-18 21:00:00"
"RocketReports","MINT0920",20.0000,168,0,38,130,0.0000,0,0,0,0,0.0000,0,0,0,0,0.0000,0,0,0,0,0.0000,0,0,0,0,"2021-05-18 21:00:00"
"RocketReports","MINT0921",20.0000,62,0,25,37,0.0000,0,0,0,0,0.0000,0,0,0,0,0.0000,0,0,0,0,0.0000,0,0,0,0,"2021-05-18 21:00:00"
"RocketReports","MINT0922",20.0000,5230,0,5130,100,0.0000,0,0,0,0,0.0000,0,0,0,0,0.0000,0,0,0,0,0.0000,0,0,0,0,"2021-05-18 21:00:00"
"RocketReports","MINT0923",20.0000,206,0,95,111,0.0000,0,0,0,0,0.0000,0,0,0,0,0.0000,0,0,0,0,0.0000,0,0,0,0,"2021-05-18 21:00:00"
"RocketReports","MINT0924",20.0000,100,0,0,100,0.0000,0,0,0,0,0.0000,0,0,0,0,0.0000,0,0,0,0,0.0000,0,0,0,0,"2021-05-18 21:00:00"
"RocketReports","MINT0925",20.0000,185,0,110,75,0.0000,0,0,0,0,0.0000,0,0,0,0,0.0000,0,0,0,0,0.0000,0,0,0,0,"2021-05-18 21:00:00"
"RocketReports","MINT0926",20.0000,110,0,27,83,0.0000,0,0,0,0,0.0000,0,0,0,0,0.0000,0,0,0,0,0.0000,0,0,0,0,"2021-05-18 21:00:00"
"RocketReports","MINT1000",20.0000,300,0,0,300,0.0000,0,0,0,0,0.0000,0,0,0,0,0.0000,0,0,0,0,0.0000,0,0,0,0,"2021-05-18 21:00:00"
"RocketReports","MINT1001",20.0000,398,0,143,255,0.0000,0,0,0,0,0.0000,0,0,0,0,0.0000,0,0,0,0,0.0000,0,0,0,0,"2021-05-18 21:00:00"
"RocketReports","MINT1002",20.0000,262,0,10,252,0.0000,0,0,0,0,0.0000,0,0,0,0,0.0000,0,0,0,0,0.0000,0,0,0,0,"2021-05-18 21:00:00"
"RocketReports","MINT1003",20.0000,399,0,204,195,0.0000,0,0,0,0,0.0000,0,0,0,0,0.0000,0,0,0,0,0.0000,0,0,0,0,"2021-05-18 21:00:00"
"RocketReports","MINT1004",20.0000,499,0,306,193,0.0000,0,0,0,0,0.0000,0,0,0,0,0.0000,0,0,0,0,0.0000,0,0,0,0,"2021-05-18 21:00:00"
"RocketReports","MINT1006",20.0000,350,0,15,335,0.0000,0,0,0,0,0.0000,0,0,0,0,0.0000,0,0,0,0,0.0000,0,0,0,0,"2021-05-18 21:00:00"
"RocketReports","MINT1007",20.0000,1767,0,1540,227,0.0000,0,0,0,0,0.0000,0,0,0,0,0.0000,0,0,0,0,0.0000,0,0,0,0,"2021-05-18 21:00:00"
"RocketReports","MINT1009",20.0000,2,0,0,2,0.0000,0,0,0,0,0.0000,0,0,0,0,0.0000,0,0,0,0,0.0000,0,0,0,0,"2021-05-18 21:00:00"
"RocketReports","MINT1010",20.0000,0,0,0,0,0.0000,0,0,0,0,0.0000,0,0,0,0,0.0000,0,0,0,0,0.0000,0,0,0,0,"2021-05-18 21:00:00"
"RocketReports","MINT1011",20.0000,264,0,140,124,0.0000,0,0,0,0,0.0000,0,0,0,0,0.0000,0,0,0,0,0.0000,0,0,0,0,"2021-05-18 21:00:00"
"RocketReports","MINT1012",20.0000,5495,0,5432,63,0.0000,0,0,0,0,0.0000,0,0,0,0,0.0000,0,0,0,0,0.0000,0,0,0,0,"2021-05-18 21:00:00"
"RocketReports","MINT1014",20.0000,2898,0,2873,25,0.0000,0,0,0,0,0.0000,0,0,0,0,0.0000,0,0,0,0,0.0000,0,0,0,0,"2021-05-18 21:00:00"
"RocketReports","MINT1015",20.0000,200,0,35,165,0.0000,0,0,0,0,0.0000,0,0,0,0,0.0000,0,0,0,0,0.0000,0,0,0,0,"2021-05-18 21:00:00"
"RocketReports","MINT1016",20.0000,418,0,351,67,0.0000,0,0,0,0,0.0000,0,0,0,0,0.0000,0,0,0,0,0.0000,0,0,0,0,"2021-05-18 21:00:00"
"RocketReports","MINT1017",20.0000,145,0,89,56,0.0000,0,0,0,0,0.0000,0,0,0,0,0.0000,0,0,0,0,0.0000,0,0,0,0,"2021-05-18 21:00:00"
"RocketReports","MINT1018",20.0000,100,0,59,41,0.0000,0,0,0,0,0.0000,0,0,0,0,0.0000,0,0,0,0,0.0000,0,0,0,0,"2021-05-18 21:00:00"
"RocketReports","MINT1019",20.0000,70,0,0,70,0.0000,0,0,0,0,0.0000,0,0,0,0,0.0000,0,0,0,0,0.0000,0,0,0,0,"2021-05-18 21:00:00"
"RocketReports","MINT1041",20.0000,200,0,24,176,0.0000,0,0,0,0,0.0000,0,0,0,0,0.0000,0,0,0,0,0.0000,0,0,0,0,"2021-05-18 21:00:00"
"RocketReports","MINT1050",20.0000,3717,0,3717,0,0.0000,0,0,0,0,0.0000,0,0,0,0,0.0000,0,0,0,0,0.0000,0,0,0,0,"2021-05-18 21:00:00"
"RocketReports","MINT1061",20.0000,120,0,66,54,0.0000,0,0,0,0,0.0000,0,0,0,0,0.0000,0,0,0,0,0.0000,0,0,0,0,"2021-05-18 21:00:00"
"RocketReports","MINT1062",20.0000,270,0,27,243,0.0000,0,0,0,0,0.0000,0,0,0,0,0.0000,0,0,0,0,0.0000,0,0,0,0,"2021-05-18 21:00:00"
"RocketReports","MINT1063",20.0000,276,0,152,124,0.0000,0,0,0,0,0.0000,0,0,0,0,0.0000,0,0,0,0,0.0000,0,0,0,0,"2021-05-18 21:00:00"
"RocketReports","MINT1066",20.0000,178,0,58,120,0.0000,0,0,0,0,0.0000,0,0,0,0,0.0000,0,0,0,0,0.0000,0,0,0,0,"2021-05-18 21:00:00"
"RocketReports","MINT1067",20.0000,10,0,0,10,0.0000,0,0,0,0,0.0000,0,0,0,0,0.0000,0,0,0,0,0.0000,0,0,0,0,"2021-05-18 21:00:00"
"RocketReports","MINT1068",20.0000,100,0,0,100,0.0000,0,0,0,0,0.0000,0,0,0,0,0.0000,0,0,0,0,0.0000,0,0,0,0,"2021-05-18 21:00:00"
"RocketReports","MINT1069",20.0000,200,0,184,16,0.0000,0,0,0,0,0.0000,0,0,0,0,0.0000,0,0,0,0,0.0000,0,0,0,0,"2021-05-18 21:00:00"
"RocketReports","MINT1070",20.0000,68,0,67,1,0.0000,0,0,0,0,0.0000,0,0,0,0,0.0000,0,0,0,0,0.0000,0,0,0,0,"2021-05-18 21:00:00"
"RocketReports","MINT1071",20.0000,128,0,5,123,0.0000,0,0,0,0,0.0000,0,0,0,0,0.0000,0,0,0,0,0.0000,0,0,0,0,"2021-05-18 21:00:00"
"RocketReports","MINT1072",20.0000,80,0,43,37,0.0000,0,0,0,0,0.0000,0,0,0,0,0.0000,0,0,0,0,0.0000,0,0,0,0,"2021-05-18 21:00:00"
"RocketReports","MINT1073",20.0000,141,0,68,73,0.0000,0,0,0,0,0.0000,0,0,0,0,0.0000,0,0,0,0,0.0000,0,0,0,0,"2021-05-18 21:00:00"
"RocketReports","MINT1074",20.0000,5359,0,5345,14,0.0000,0,0,0,0,0.0000,0,0,0,0,0.0000,0,0,0,0,0.0000,0,0,0,0,"2021-05-18 21:00:00"
"RocketReports","MINT1075",20.0000,2,0,2,0,0.0000,0,0,0,0,0.0000,0,0,0,0,0.0000,0,0,0,0,0.0000,0,0,0,0,"2021-05-18 21:00:00"
"RocketReports","MINT1076",20.0000,22,0,22,0,0.0000,0,0,0,0,0.0000,0,0,0,0,0.0000,0,0,0,0,0.0000,0,0,0,0,"2021-05-18 21:00:00"
"RocketReports","MINT1077",20.0000,500,0,195,305,0.0000,0,0,0,0,0.0000,0,0,0,0,0.0000,0,0,0,0,0.0000,0,0,0,0,"2021-05-18 21:00:00"
"RocketReports","MINT1078",20.0000,954,0,822,132,0.0000,0,0,0,0,0.0000,0,0,0,0,0.0000,0,0,0,0,0.0000,0,0,0,0,"2021-05-18 21:00:00"
"RocketReports","MINT1079",20.0000,14,0,0,14,0.0000,0,0,0,0,0.0000,0,0,0,0,0.0000,0,0,0,0,0.0000,0,0,0,0,"2021-05-18 21:00:00"
"RocketReports","MINT1080",20.0000,250,0,140,110,0.0000,0,0,0,0,0.0000,0,0,0,0,0.0000,0,0,0,0,0.0000,0,0,0,0,"2021-05-18 21:00:00"
"RocketReports","MINT1081",20.0000,50,0,4,46,0.0000,0,0,0,0,0.0000,0,0,0,0,0.0000,0,0,0,0,0.0000,0,0,0,0,"2021-05-18 21:00:00"
"RocketReports","MINT1082",20.0000,50,0,0,50,0.0000,0,0,0,0,0.0000,0,0,0,0,0.0000,0,0,0,0,0.0000,0,0,0,0,"2021-05-18 21:00:00"
"RocketReports","MINT1083",20.0000,134,0,58,76,0.0000,0,0,0,0,0.0000,0,0,0,0,0.0000,0,0,0,0,0.0000,0,0,0,0,"2021-05-18 21:00:00"
"RocketReports","MINT1084",20.0000,111,0,20,91,0.0000,0,0,0,0,0.0000,0,0,0,0,0.0000,0,0,0,0,0.0000,0,0,0,0,"2021-05-18 21:00:00"
"RocketReports","MINT1085",20.0000,10,0,0,10,0.0000,0,0,0,0,0.0000,0,0,0,0,0.0000,0,0,0,0,0.0000,0,0,0,0,"2021-05-18 21:00:00"
"RocketReports","MINT1086",20.0000,10,0,0,10,0.0000,0,0,0,0,0.0000,0,0,0,0,0.0000,0,0,0,0,0.0000,0,0,0,0,"2021-05-18 21:00:00"
"RocketReports","MINT1090",20.0000,10,0,0,10,0.0000,0,0,0,0,0.0000,0,0,0,0,0.0000,0,0,0,0,0.0000,0,0,0,0,"2021-05-18 21:00:00"
"RocketReports","MINT1091",20.0000,50,0,6,44,0.0000,0,0,0,0,0.0000,0,0,0,0,0.0000,0,0,0,0,0.0000,0,0,0,0,"2021-05-18 21:00:00"
"RocketReports","MINT2000",20.0000,20,0,5,15,0.0000,0,0,0,0,0.0000,0,0,0,0,0.0000,0,0,0,0,0.0000,0,0,0,0,"2021-05-18 21:00:00"
"RocketReports","MINT3000",20.0000,229,0,81,148,0.0000,0,0,0,0,0.0000,0,0,0,0,0.0000,0,0,0,0,0.0000,0,0,0,0,"2021-05-18 21:00:00"
"RocketReports","MINT3001",20.0000,142,0,81,61,0.0000,0,0,0,0,0.0000,0,0,0,0,0.0000,0,0,0,0,0.0000,0,0,0,0,"2021-05-18 21:00:00"
"RocketReports","MINT3002",20.0000,150,0,125,25,0.0000,0,0,0,0,0.0000,0,0,0,0,0.0000,0,0,0,0,0.0000,0,0,0,0,"2021-05-18 21:00:00"
"RocketReports","MINT3003",20.0000,110,0,84,26,0.0000,0,0,0,0,0.0000,0,0,0,0,0.0000,0,0,0,0,0.0000,0,0,0,0,"2021-05-18 21:00:00"
"RocketReports","MINT4000",20.0000,2741,0,2699,42,0.0000,0,0,0,0,0.0000,0,0,0,0,0.0000,0,0,0,0,0.0000,0,0,0,0,"2021-05-18 21:00:00"
"RocketReports","MINT4001",20.0000,300,0,26,274,0.0000,0,0,0,0,0.0000,0,0,0,0,0.0000,0,0,0,0,0.0000,0,0,0,0,"2021-05-18 21:00:00"
"RocketReports","MINT4002",20.0000,100,0,0,100,0.0000,0,0,0,0,0.0000,0,0,0,0,0.0000,0,0,0,0,0.0000,0,0,0,0,"2021-05-18 21:00:00"
"RocketReports","MINT4003",20.0000,614,0,269,345,0.0000,0,0,0,0,0.0000,0,0,0,0,0.0000,0,0,0,0,0.0000,0,0,0,0,"2021-05-18 21:00:00"
"RocketReports","MINT4004",20.0000,239,0,0,239,0.0000,0,0,0,0,0.0000,0,0,0,0,0.0000,0,0,0,0,0.0000,0,0,0,0,"2021-05-18 21:00:00"
"RocketReports","MINT4005",20.0000,6916,0,6321,595,0.0000,0,0,0,0,0.0000,0,0,0,0,0.0000,0,0,0,0,0.0000,0,0,0,0,"2021-05-18 21:00:00"
"RocketReports","MINT4006",20.0000,242,0,0,242,0.0000,0,0,0,0,0.0000,0,0,0,0,0.0000,0,0,0,0,0.0000,0,0,0,0,"2021-05-18 21:00:00"
"RocketReports","MINT4007",20.0000,1,0,0,1,0.0000,0,0,0,0,0.0000,0,0,0,0,0.0000,0,0,0,0,0.0000,0,0,0,0,"2021-05-18 21:00:00"
"RocketReports","MINT4008",20.0000,50,0,0,50,0.0000,0,0,0,0,0.0000,0,0,0,0,0.0000,0,0,0,0,0.0000,0,0,0,0,"2021-05-18 21:00:00"
"RocketReports","MINT4009",20.0000,1195,0,409,786,0.0000,0,0,0,0,0.0000,0,0,0,0,0.0000,0,0,0,0,0.0000,0,0,0,0,"2021-05-18 21:00:00"
"RocketReports","MINT4010",20.0000,2732,0,1821,911,0.0000,0,0,0,0,0.0000,0,0,0,0,0.0000,0,0,0,0,0.0000,0,0,0,0,"2021-05-18 21:00:00"
"RocketReports","MINT4011",20.0000,236,0,0,236,0.0000,0,0,0,0,0.0000,0,0,0,0,0.0000,0,0,0,0,0.0000,0,0,0,0,"2021-05-18 21:00:00"
"RocketReports","MINT4012",20.0000,1246,0,1238,8,0.0000,0,0,0,0,0.0000,0,0,0,0,0.0000,0,0,0,0,0.0000,0,0,0,0,"2021-05-18 21:00:00"
"RocketReports","MINT4013",20.0000,34,0,34,0,0.0000,0,0,0,0,0.0000,0,0,0,0,0.0000,0,0,0,0,0.0000,0,0,0,0,"2021-05-18 21:00:00"
"RocketReports","MINT4014",20.0000,377,0,87,290,0.0000,0,0,0,0,0.0000,0,0,0,0,0.0000,0,0,0,0,0.0000,0,0,0,0,"2021-05-18 21:00:00"
"RocketReports","MINT4015",20.0000,384,0,329,55,0.0000,0,0,0,0,0.0000,0,0,0,0,0.0000,0,0,0,0,0.0000,0,0,0,0,"2021-05-18 21:00:00"
"RocketReports","MINT4018",20.0000,191,0,55,136,0.0000,0,0,0,0,0.0000,0,0,0,0,0.0000,0,0,0,0,0.0000,0,0,0,0,"2021-05-18 21:00:00"
"RocketReports","MINT4019",20.0000,99,0,47,52,0.0000,0,0,0,0,0.0000,0,0,0,0,0.0000,0,0,0,0,0.0000,0,0,0,0,"2021-05-18 21:00:00"
"RocketReports","MINT4020",20.0000,663,0,651,12,0.0000,0,0,0,0,0.0000,0,0,0,0,0.0000,0,0,0,0,0.0000,0,0,0,0,"2021-05-18 21:00:00"
"RocketReports","MINT4021",20.0000,322,0,241,81,0.0000,0,0,0,0,0.0000,0,0,0,0,0.0000,0,0,0,0,0.0000,0,0,0,0,"2021-05-18 21:00:00"
"RocketReports","MINT4022",20.0000,731,0,136,595,0.0000,0,0,0,0,0.0000,0,0,0,0,0.0000,0,0,0,0,0.0000,0,0,0,0,"2021-05-18 21:00:00"
"RocketReports","MINT4023",20.0000,502,0,80,422,0.0000,0,0,0,0,0.0000,0,0,0,0,0.0000,0,0,0,0,0.0000,0,0,0,0,"2021-05-18 21:00:00"
"RocketReports","MINT4024",20.0000,500,0,229,271,0.0000,0,0,0,0,0.0000,0,0,0,0,0.0000,0,0,0,0,0.0000,0,0,0,0,"2021-05-18 21:00:00"
"RocketReports","MINT4026",20.0000,105,0,1,104,0.0000,0,0,0,0,0.0000,0,0,0,0,0.0000,0,0,0,0,0.0000,0,0,0,0,"2021-05-18 21:00:00"
"RocketReports","MINT4028",20.0000,130,0,49,81,0.0000,0,0,0,0,0.0000,0,0,0,0,0.0000,0,0,0,0,0.0000,0,0,0,0,"2021-05-18 21:00:00"
"RocketReports","MINT4030",20.0000,198,0,152,46,0.0000,0,0,0,0,0.0000,0,0,0,0,0.0000,0,0,0,0,0.0000,0,0,0,0,"2021-05-18 21:00:00"
"RocketReports","MINT4031",20.0000,2945,0,2880,65,0.0000,0,0,0,0,0.0000,0,0,0,0,0.0000,0,0,0,0,0.0000,0,0,0,0,"2021-05-18 21:00:00"
"RocketReports","MINT4032",20.0000,96,0,45,51,0.0000,0,0,0,0,0.0000,0,0,0,0,0.0000,0,0,0,0,0.0000,0,0,0,0,"2021-05-18 21:00:00"
"RocketReports","MINT4033",20.0000,698,0,305,393,0.0000,0,0,0,0,0.0000,0,0,0,0,0.0000,0,0,0,0,0.0000,0,0,0,0,"2021-05-18 21:00:00"
"RocketReports","MINT4034",20.0000,25,0,25,0,0.0000,0,0,0,0,0.0000,0,0,0,0,0.0000,0,0,0,0,0.0000,0,0,0,0,"2021-05-18 21:00:00"
"RocketReports","MINT4035",20.0000,160,0,48,112,0.0000,0,0,0,0,0.0000,0,0,0,0,0.0000,0,0,0,0,0.0000,0,0,0,0,"2021-05-18 21:00:00"
"RocketReports","MINT5000",20.0000,400,0,201,199,0.0000,0,0,0,0,0.0000,0,0,0,0,0.0000,0,0,0,0,0.0000,0,0,0,0,"2021-05-18 21:00:00"
"RocketReports","MINT5001",20.0000,300,0,71,229,0.0000,0,0,0,0,0.0000,0,0,0,0,0.0000,0,0,0,0,0.0000,0,0,0,0,"2021-05-18 21:00:00"
"RocketReports","MINT5002",20.0000,334,0,135,199,0.0000,0,0,0,0,0.0000,0,0,0,0,0.0000,0,0,0,0,0.0000,0,0,0,0,"2021-05-18 21:00:00"
"RocketReports","MINT5003",20.0000,64,0,20,44,0.0000,0,0,0,0,0.0000,0,0,0,0,0.0000,0,0,0,0,0.0000,0,0,0,0,"2021-05-18 21:00:00"
"RocketReports","MINT5004",20.0000,68,0,32,36,0.0000,0,0,0,0,0.0000,0,0,0,0,0.0000,0,0,0,0,0.0000,0,0,0,0,"2021-05-18 21:00:00"
"RocketReports","MINT5005",20.0000,126,0,119,7,0.0000,0,0,0,0,0.0000,0,0,0,0,0.0000,0,0,0,0,0.0000,0,0,0,0,"2021-05-18 21:00:00"
"RocketReports","MINT5006",20.0000,170,0,151,19,0.0000,0,0,0,0,0.0000,0,0,0,0,0.0000,0,0,0,0,0.0000,0,0,0,0,"2021-05-18 21:00:00"
"RocketReports","MINT5007",20.0000,134,0,12,122,0.0000,0,0,0,0,0.0000,0,0,0,0,0.0000,0,0,0,0,0.0000,0,0,0,0,"2021-05-18 21:00:00"
"RocketReports","MINT9997",20.0000,50,0,0,50,0.0000,0,0,0,0,0.0000,0,0,0,0,0.0000,0,0,0,0,0.0000,0,0,0,0,"2021-05-18 21:00:00"
"RocketReports","MINT9998",20.0000,50,0,0,50,0.0000,0,0,0,0,0.0000,0,0,0,0,0.0000,0,0,0,0,0.0000,0,0,0,0,"2021-05-18 21:00:00"
"RocketReports","MINT9999",20.0000,50,0,0,50,0.0000,0,0,0,0,0.0000,0,0,0,0,0.0000,0,0,0,0,0.0000,0,0,0,0,"2021-05-18 21:00:00"
"RocketReports","MINTHI11",20.0000,999,0,224,775,0.0000,0,0,0,0,0.0000,0,0,0,0,0.0000,0,0,0,0,0.0000,0,0,0,0,"2021-05-18 21:00:00"
"RocketReports","MINTHI21",20.0000,125,0,80,45,0.0000,0,0,0,0,0.0000,0,0,0,0,0.0000,0,0,0,0,0.0000,0,0,0,0,"2021-05-18 21:00:00"
"RocketReports","MINTHI21",0.0000,0,0,0,0,20.0000,125,0,79,46,0.0000,0,0,0,0,0.0000,0,0,0,0,0.0000,0,0,0,0,"2021-05-18 21:00:00"
"RocketReports","MINTHI31",20.0000,145,0,37,108,0.0000,0,0,0,0,0.0000,0,0,0,0,0.0000,0,0,0,0,0.0000,0,0,0,0,"2021-05-18 21:00:00"
"RocketReports","MINTHI31",0.0000,0,0,0,0,20.0000,145,0,53,92,0.0000,0,0,0,0,0.0000,0,0,0,0,0.0000,0,0,0,0,"2021-05-18 21:00:00"
"RocketReports","MINTHI32",20.0000,250,0,204,46,0.0000,0,0,0,0,0.0000,0,0,0,0,0.0000,0,0,0,0,0.0000,0,0,0,0,"2021-05-18 21:00:00"
"RocketReports","MINTHI41",20.0000,400,0,148,252,0.0000,0,0,0,0,0.0000,0,0,0,0,0.0000,0,0,0,0,0.0000,0,0,0,0,"2021-05-18 21:00:00"
"RocketReports","MINTHI42",20.0000,119,0,18,101,0.0000,0,0,0,0,0.0000,0,0,0,0,0.0000,0,0,0,0,0.0000,0,0,0,0,"2021-05-18 21:00:00"
"RocketReports","MINTHI51",20.0000,348,0,98,250,0.0000,0,0,0,0,0.0000,0,0,0,0,0.0000,0,0,0,0,0.0000,0,0,0,0,"2021-05-18 21:00:00"
"RocketReports","MINTHI51",0.0000,0,0,0,0,20.0000,349,0,112,237,0.0000,0,0,0,0,0.0000,0,0,0,0,0.0000,0,0,0,0,"2021-05-18 21:00:00"
"RocketReports","MINTHI52",20.0000,158,0,0,158,0.0000,0,0,0,0,0.0000,0,0,0,0,0.0000,0,0,0,0,0.0000,0,0,0,0,"2021-05-18 21:00:00"
"RocketReports","MINTHI61",20.0000,272,0,16,256,0.0000,0,0,0,0,0.0000,0,0,0,0,0.0000,0,0,0,0,0.0000,0,0,0,0,"2021-05-18 21:00:00"
"RocketReports","MINTHI61",0.0000,0,0,0,0,20.0000,273,0,17,256,0.0000,0,0,0,0,0.0000,0,0,0,0,0.0000,0,0,0,0,"2021-05-18 21:00:00"
"RocketReports","MINTHI62",20.0000,750,0,371,379,0.0000,0,0,0,0,0.0000,0,0,0,0,0.0000,0,0,0,0,0.0000,0,0,0,0,"2021-05-18 21:00:00"
"RocketReports","MINTHI71",20.0000,1758,0,1343,415,0.0000,0,0,0,0,0.0000,0,0,0,0,0.0000,0,0,0,0,0.0000,0,0,0,0,"2021-05-18 21:00:00"
"RocketReports","MINTHI71",0.0000,0,0,0,0,20.0000,0,0,0,0,0.0000,0,0,0,0,0.0000,0,0,0,0,0.0000,0,0,0,0,"2021-05-18 21:00:00"
"RocketReports","MINTPLB1",20.0000,239,0,130,109,0.0000,0,0,0,0,0.0000,0,0,0,0,0.0000,0,0,0,0,0.0000,0,0,0,0,"2021-05-18 21:00:00"
"RocketReports","MINTPLB2",20.0000,200,0,21,179,0.0000,0,0,0,0,0.0000,0,0,0,0,0.0000,0,0,0,0,0.0000,0,0,0,0,"2021-05-18 21:00:00"
"RocketReports","MINTPLB3",20.0000,250,0,107,143,0.0000,0,0,0,0,0.0000,0,0,0,0,0.0000,0,0,0,0,0.0000,0,0,0,0,"2021-05-18 21:00:00"
"RocketReports","MINTPLB4",20.0000,400,0,148,252,0.0000,0,0,0,0,0.0000,0,0,0,0,0.0000,0,0,0,0,0.0000,0,0,0,0,"2021-05-18 21:00:00"
"RocketReports","MINTPLB5",20.0000,250,0,196,54,0.0000,0,0,0,0,0.0000,0,0,0,0,0.0000,0,0,0,0,0.0000,0,0,0,0,"2021-05-18 21:00:00"
"RocketReports","MINTPMH1",20.0000,403,0,274,129,0.0000,0,0,0,0,0.0000,0,0,0,0,0.0000,0,0,0,0,0.0000,0,0,0,0,"2021-05-18 21:00:00"
"RocketReports","MINTPMH2",20.0000,699,0,97,602,0.0000,0,0,0,0,0.0000,0,0,0,0,0.0000,0,0,0,0,0.0000,0,0,0,0,"2021-05-18 21:00:00"
"RocketReports","MINTPMH3",20.0000,240,0,80,160,0.0000,0,0,0,0,0.0000,0,0,0,0,0.0000,0,0,0,0,0.0000,0,0,0,0,"2021-05-18 21:00:00"
"RocketReports","TNS5GBZ3",20.0000,589,0,425,164,0.0000,0,0,0,0,0.0000,0,0,0,0,0.0000,0,0,0,0,0.0000,0,0,0,0,"2021-05-18 21:00:00"
"RocketReports","TNS5GBZ4",20.0000,203,0,119,84,0.0000,0,0,0,0,0.0000,0,0,0,0,0.0000,0,0,0,0,0.0000,0,0,0,0,"2021-05-18 21:00:00"
