"RocketReports","MINT0009",53,42,0.7924,11,0.2075,4,2,0,0,0,0,5
"RocketReports","MINT0025",3,3,1.0000,0,0.0000,0,0,0,0,0,0,0
"RocketReports","MINT0026",3,1,0.3333,2,0.6666,2,0,0,0,0,0,0
"RocketReports","MINT0027",5,5,1.0000,0,0.0000,0,0,0,0,0,0,0
"RocketReports","MINT0028",4,2,0.5000,2,0.5000,2,0,0,0,0,0,0
"RocketReports","MINT0032",9,9,1.0000,0,0.0000,0,0,0,0,0,0,0
"RocketReports","MINT0034",15,14,0.9333,1,0.0666,1,0,0,0,0,0,0
"RocketReports","MINT0041",3,3,1.0000,0,0.0000,0,0,0,0,0,0,0
"RocketReports","MINT0042",13,5,0.3846,8,0.6153,2,0,0,0,0,0,6
"RocketReports","MINT0044",2,2,1.0000,0,0.0000,0,0,0,0,0,0,0
"RocketReports","MINT0049",5,4,0.8000,1,0.2000,0,1,0,0,0,0,0
"RocketReports","MINT0054",2,1,0.5000,1,0.5000,0,1,0,0,0,0,0
"RocketReports","MINT0055",2,2,1.0000,0,0.0000,0,0,0,0,0,0,0
"RocketReports","MINT0056",1,1,1.0000,0,0.0000,0,0,0,0,0,0,0
"RocketReports","MINT0058",1,1,1.0000,0,0.0000,0,0,0,0,0,0,0
"RocketReports","MINT0059",4,1,0.2500,3,0.7500,3,0,0,0,0,0,0
"RocketReports","MINT0062",4,3,0.7500,1,0.2500,1,0,0,0,0,0,0
"RocketReports","MINT0063",2,2,1.0000,0,0.0000,0,0,0,0,0,0,0
"RocketReports","MINT0067",4,4,1.0000,0,0.0000,0,0,0,0,0,0,0
"RocketReports","MINT0068",2,1,0.5000,1,0.5000,0,0,0,0,0,0,1
"RocketReports","MINT0069",25,24,0.9600,1,0.0400,0,0,0,0,0,0,1
"RocketReports","MINT0101",8,8,1.0000,0,0.0000,0,0,0,0,0,0,0
"RocketReports","MINT0107",1,1,1.0000,0,0.0000,0,0,0,0,0,0,0
"RocketReports","MINT0108",2,1,0.5000,1,0.5000,1,0,0,0,0,0,0
"RocketReports","MINT0109",1,1,1.0000,0,0.0000,0,0,0,0,0,0,0
"RocketReports","MINT0112",4,3,0.7500,1,0.2500,0,1,0,0,0,0,0
"RocketReports","MINT0115",2,1,0.5000,1,0.5000,0,0,0,0,0,0,1
"RocketReports","MINT0118",2,2,1.0000,0,0.0000,0,0,0,0,0,0,0
"RocketReports","MINT0121",1,1,1.0000,0,0.0000,0,0,0,0,0,0,0
"RocketReports","MINT0123",1,1,1.0000,0,0.0000,0,0,0,0,0,0,0
"RocketReports","MINT0124",2,2,1.0000,0,0.0000,0,0,0,0,0,0,0
"RocketReports","MINT0125",2,2,1.0000,0,0.0000,0,0,0,0,0,0,0
"RocketReports","MINT0126",1,1,1.0000,0,0.0000,0,0,0,0,0,0,0
"RocketReports","MINT0127",6,6,1.0000,0,0.0000,0,0,0,0,0,0,0
"RocketReports","MINT0131",1,1,1.0000,0,0.0000,0,0,0,0,0,0,0
"RocketReports","MINT0133",13,12,0.9230,1,0.0769,0,0,1,0,0,0,0
"RocketReports","MINT0135",8,8,1.0000,0,0.0000,0,0,0,0,0,0,0
"RocketReports","MINT0137",4,4,1.0000,0,0.0000,0,0,0,0,0,0,0
"RocketReports","MINT0138",2,2,1.0000,0,0.0000,0,0,0,0,0,0,0
"RocketReports","MINT0143",1,1,1.0000,0,0.0000,0,0,0,0,0,0,0
"RocketReports","MINT0144",1,1,1.0000,0,0.0000,0,0,0,0,0,0,0
"RocketReports","MINT0152",3,3,1.0000,0,0.0000,0,0,0,0,0,0,0
"RocketReports","MINT0153",6,2,0.3333,4,0.6666,1,0,0,0,0,0,3
"RocketReports","MINT0154",9,9,1.0000,0,0.0000,0,0,0,0,0,0,0
"RocketReports","MINT0155",25,22,0.8800,3,0.1200,0,1,2,0,0,0,0
"RocketReports","MINT0157",1,1,1.0000,0,0.0000,0,0,0,0,0,0,0
"RocketReports","MINT0163",2,2,1.0000,0,0.0000,0,0,0,0,0,0,0
"RocketReports","MINT0204",1,1,1.0000,0,0.0000,0,0,0,0,0,0,0
"RocketReports","MINT0206",1,1,1.0000,0,0.0000,0,0,0,0,0,0,0
"RocketReports","MINT0207",1,1,1.0000,0,0.0000,0,0,0,0,0,0,0
"RocketReports","MINT0209",1,1,1.0000,0,0.0000,0,0,0,0,0,0,0
"RocketReports","MINT0305",3,2,0.6666,1,0.3333,0,1,0,0,0,0,0
"RocketReports","MINT0352",5,5,1.0000,0,0.0000,0,0,0,0,0,0,0
"RocketReports","MINT0353",7,6,0.8571,1,0.1428,0,0,0,0,0,0,1
"RocketReports","MINT0355",4,4,1.0000,0,0.0000,0,0,0,0,0,0,0
"RocketReports","MINT0356",4,2,0.5000,2,0.5000,2,0,0,0,0,0,0
"RocketReports","MINT0357",1,1,1.0000,0,0.0000,0,0,0,0,0,0,0
"RocketReports","MINT0360",4,4,1.0000,0,0.0000,0,0,0,0,0,0,0
"RocketReports","MINT0402",4,3,0.7500,1,0.2500,0,0,0,0,0,1,0
"RocketReports","MINT0403",2,2,1.0000,0,0.0000,0,0,0,0,0,0,0
"RocketReports","MINT0409",1,1,1.0000,0,0.0000,0,0,0,0,0,0,0
"RocketReports","MINT0411",5,5,1.0000,0,0.0000,0,0,0,0,0,0,0
"RocketReports","MINT0412",2,1,0.5000,1,0.5000,0,0,0,0,0,0,1
"RocketReports","MINT0414",6,6,1.0000,0,0.0000,0,0,0,0,0,0,0
"RocketReports","MINT0494",2,2,1.0000,0,0.0000,0,0,0,0,0,0,0
"RocketReports","MINT0495",2,2,1.0000,0,0.0000,0,0,0,0,0,0,0
"RocketReports","MINT0497",7,6,0.8571,1,0.1428,0,0,0,0,0,0,1
"RocketReports","MINT0504",2,2,1.0000,0,0.0000,0,0,0,0,0,0,0
"RocketReports","MINT0508",34,32,0.9411,2,0.0588,2,0,0,0,0,0,0
"RocketReports","MINT0519",1,1,1.0000,0,0.0000,0,0,0,0,0,0,0
"RocketReports","MINT0527",2,2,1.0000,0,0.0000,0,0,0,0,0,0,0
"RocketReports","MINT0531",10,8,0.8000,2,0.2000,1,0,0,0,0,0,1
"RocketReports","MINT0532",12,12,1.0000,0,0.0000,0,0,0,0,0,0,0
"RocketReports","MINT0533",1,1,1.0000,0,0.0000,0,0,0,0,0,0,0
"RocketReports","MINT0534",4,4,1.0000,0,0.0000,0,0,0,0,0,0,0
"RocketReports","MINT0535",2,2,1.0000,0,0.0000,0,0,0,0,0,0,0
"RocketReports","MINT0537",3,3,1.0000,0,0.0000,0,0,0,0,0,0,0
"RocketReports","MINT0539",2,1,0.5000,1,0.5000,0,1,0,0,0,0,0
"RocketReports","MINT0542",1,1,1.0000,0,0.0000,0,0,0,0,0,0,0
"RocketReports","MINT0543",1,1,1.0000,0,0.0000,0,0,0,0,0,0,0
"RocketReports","MINT0545",2,2,1.0000,0,0.0000,0,0,0,0,0,0,0
"RocketReports","MINT0546",5,5,1.0000,0,0.0000,0,0,0,0,0,0,0
"RocketReports","MINT0547",1,1,1.0000,0,0.0000,0,0,0,0,0,0,0
"RocketReports","MINT0550",9,9,1.0000,0,0.0000,0,0,0,0,0,0,0
"RocketReports","MINT0553",1,1,1.0000,0,0.0000,0,0,0,0,0,0,0
"RocketReports","MINT0555",3,3,1.0000,0,0.0000,0,0,0,0,0,0,0
"RocketReports","MINT0557",9,8,0.8888,1,0.1111,0,0,0,0,0,0,1
"RocketReports","MINT0559",3,3,1.0000,0,0.0000,0,0,0,0,0,0,0
"RocketReports","MINT0561",2,2,1.0000,0,0.0000,0,0,0,0,0,0,0
"RocketReports","MINT0562",9,8,0.8888,1,0.1111,0,0,0,0,0,0,1
"RocketReports","MINT0563",2,2,1.0000,0,0.0000,0,0,0,0,0,0,0
"RocketReports","MINT0567",4,4,1.0000,0,0.0000,0,0,0,0,0,0,0
"RocketReports","MINT0569",9,7,0.7777,2,0.2222,0,0,0,0,0,0,2
"RocketReports","MINT0570",5,4,0.8000,1,0.2000,1,0,0,0,0,0,0
"RocketReports","MINT0571",6,6,1.0000,0,0.0000,0,0,0,0,0,0,0
"RocketReports","MINT0574",1,1,1.0000,0,0.0000,0,0,0,0,0,0,0
"RocketReports","MINT0581",6,5,0.8333,1,0.1666,0,1,0,0,0,0,0
"RocketReports","MINT0582",2,2,1.0000,0,0.0000,0,0,0,0,0,0,0
"RocketReports","MINT0584",4,4,1.0000,0,0.0000,0,0,0,0,0,0,0
"RocketReports","MINT0585",2,2,1.0000,0,0.0000,0,0,0,0,0,0,0
"RocketReports","MINT0592",2,2,1.0000,0,0.0000,0,0,0,0,0,0,0
"RocketReports","MINT0593",2,2,1.0000,0,0.0000,0,0,0,0,0,0,0
"RocketReports","MINT0594",5,5,1.0000,0,0.0000,0,0,0,0,0,0,0
"RocketReports","MINT0595",8,7,0.8750,1,0.1250,0,0,0,0,0,0,1
"RocketReports","MINT0596",18,18,1.0000,0,0.0000,0,0,0,0,0,0,0
"RocketReports","MINT0599",25,21,0.8400,4,0.1600,4,0,0,0,0,0,0
"RocketReports","MINT0602",2,2,1.0000,0,0.0000,0,0,0,0,0,0,0
"RocketReports","MINT0603",1,1,1.0000,0,0.0000,0,0,0,0,0,0,0
"RocketReports","MINT0707",2,2,1.0000,0,0.0000,0,0,0,0,0,0,0
"RocketReports","MINT0900",1,1,1.0000,0,0.0000,0,0,0,0,0,0,0
"RocketReports","MINT0901",1,1,1.0000,0,0.0000,0,0,0,0,0,0,0
"RocketReports","MINT0902",3,3,1.0000,0,0.0000,0,0,0,0,0,0,0
"RocketReports","MINT0905",2,2,1.0000,0,0.0000,0,0,0,0,0,0,0
"RocketReports","MINT0906",1,1,1.0000,0,0.0000,0,0,0,0,0,0,0
"RocketReports","MINT0909",2,2,1.0000,0,0.0000,0,0,0,0,0,0,0
"RocketReports","MINT0910",2,2,1.0000,0,0.0000,0,0,0,0,0,0,0
"RocketReports","MINT0912",27,26,0.9629,1,0.0370,1,0,0,0,0,0,0
"RocketReports","MINT0913",21,14,0.6666,7,0.3333,4,3,0,0,0,0,0
"RocketReports","MINT0914",1,0,0.0000,1,1.0000,0,0,0,0,0,1,0
"RocketReports","MINT0915",2,2,1.0000,0,0.0000,0,0,0,0,0,0,0
"RocketReports","MINT0916",4,4,1.0000,0,0.0000,0,0,0,0,0,0,0
"RocketReports","MINT0919",20,20,1.0000,0,0.0000,0,0,0,0,0,0,0
"RocketReports","MINT0922",4,4,1.0000,0,0.0000,0,0,0,0,0,0,0
"RocketReports","MINT0923",1,1,1.0000,0,0.0000,0,0,0,0,0,0,0
"RocketReports","MINT1010",2,2,1.0000,0,0.0000,0,0,0,0,0,0,0
"RocketReports","MINT1012",7,7,1.0000,0,0.0000,0,0,0,0,0,0,0
"RocketReports","MINT1016",19,15,0.7894,4,0.2105,3,0,0,0,0,0,1
"RocketReports","MINT1018",3,1,0.3333,2,0.6666,1,1,0,0,0,0,0
"RocketReports","MINT1019",5,5,1.0000,0,0.0000,0,0,0,0,0,0,0
"RocketReports","MINT1041",6,6,1.0000,0,0.0000,0,0,0,0,0,0,0
"RocketReports","MINT1050",3,2,0.6666,1,0.3333,1,0,0,0,0,0,0
"RocketReports","MINT1063",33,32,0.9696,1,0.0303,1,0,0,0,0,0,0
"RocketReports","MINT1068",2,1,0.5000,1,0.5000,0,0,0,0,0,0,1
"RocketReports","MINT1071",1,1,1.0000,0,0.0000,0,0,0,0,0,0,0
"RocketReports","MINT1072",3,2,0.6666,1,0.3333,0,0,0,0,0,0,1
"RocketReports","MINT1073",1,1,1.0000,0,0.0000,0,0,0,0,0,0,0
"RocketReports","MINT1074",3,3,1.0000,0,0.0000,0,0,0,0,0,0,0
"RocketReports","MINT1075",5,5,1.0000,0,0.0000,0,0,0,0,0,0,0
"RocketReports","MINT1076",1,1,1.0000,0,0.0000,0,0,0,0,0,0,0
"RocketReports","MINT1077",1,0,0.0000,1,1.0000,0,0,1,0,0,0,0
"RocketReports","MINT1078",1,0,0.0000,1,1.0000,0,0,1,0,0,0,0
"RocketReports","MINT1080",5,5,1.0000,0,0.0000,0,0,0,0,0,0,0
"RocketReports","MINT1083",3,2,0.6666,1,0.3333,0,0,1,0,0,0,0
"RocketReports","MINT1090",3,0,0.0000,3,1.0000,0,0,0,0,0,0,3
"RocketReports","MINT1091",1,1,1.0000,0,0.0000,0,0,0,0,0,0,0
"RocketReports","MINT1092",2,2,1.0000,0,0.0000,0,0,0,0,0,0,0
"RocketReports","MINT3000",11,9,0.8181,2,0.1818,1,0,0,0,0,0,1
"RocketReports","MINT3001",6,6,1.0000,0,0.0000,0,0,0,0,0,0,0
"RocketReports","MINT4000",12,12,1.0000,0,0.0000,0,0,0,0,0,0,0
"RocketReports","MINT4001",1,1,1.0000,0,0.0000,0,0,0,0,0,0,0
"RocketReports","MINT4002",2,2,1.0000,0,0.0000,0,0,0,0,0,0,0
"RocketReports","MINT4003",1,1,1.0000,0,0.0000,0,0,0,0,0,0,0
"RocketReports","MINT4005",23,22,0.9565,1,0.0434,0,0,1,0,0,0,0
"RocketReports","MINT4009",18,16,0.8888,2,0.1111,0,1,0,0,0,1,0
"RocketReports","MINT4010",29,27,0.9310,2,0.0689,1,0,0,0,0,0,1
"RocketReports","MINT4011",14,13,0.9285,1,0.0714,1,0,0,0,0,0,0
"RocketReports","MINT4014",3,3,1.0000,0,0.0000,0,0,0,0,0,0,0
"RocketReports","MINT4015",31,26,0.8387,5,0.1612,3,0,0,0,0,0,2
"RocketReports","MINT4020",11,7,0.6363,4,0.3636,1,1,0,0,0,1,1
"RocketReports","MINT4022",38,30,0.7894,8,0.2105,7,0,0,0,0,0,1
"RocketReports","MINT4023",1,1,1.0000,0,0.0000,0,0,0,0,0,0,0
"RocketReports","MINT4024",10,10,1.0000,0,0.0000,0,0,0,0,0,0,0
"RocketReports","MINT4025",14,13,0.9285,1,0.0714,1,0,0,0,0,0,0
"RocketReports","MINT4026",1,1,1.0000,0,0.0000,0,0,0,0,0,0,0
"RocketReports","MINT4031",5,5,1.0000,0,0.0000,0,0,0,0,0,0,0
"RocketReports","MINT4033",4,4,1.0000,0,0.0000,0,0,0,0,0,0,0
"RocketReports","MINT4035",2,2,1.0000,0,0.0000,0,0,0,0,0,0,0
"RocketReports","MINT4036",10,9,0.9000,1,0.1000,0,0,1,0,0,0,0
"RocketReports","MINT4037",2,2,1.0000,0,0.0000,0,0,0,0,0,0,0
"RocketReports","MINT5001",18,15,0.8333,3,0.1666,2,1,0,0,0,0,0
"RocketReports","MINT5002",8,7,0.8750,1,0.1250,1,0,0,0,0,0,0
"RocketReports","MINT5007",2,2,1.0000,0,0.0000,0,0,0,0,0,0,0
"RocketReports","MINTHI21",9,9,1.0000,0,0.0000,0,0,0,0,0,0,0
"RocketReports","MINTHI31",24,24,1.0000,0,0.0000,0,0,0,0,0,0,0
"RocketReports","MINTHI41",9,9,1.0000,0,0.0000,0,0,0,0,0,0,0
"RocketReports","MINTHI51",19,16,0.8421,3,0.1578,0,0,2,0,0,0,1
"RocketReports","MINTHI71",23,20,0.8695,3,0.1304,3,0,0,0,0,0,0
"RocketReports","MINTPLB1",1,1,1.0000,0,0.0000,0,0,0,0,0,0,0
"RocketReports","MINTPLB2",1,1,1.0000,0,0.0000,0,0,0,0,0,0,0
"RocketReports","MINTPLB3",6,5,0.8333,1,0.1666,0,0,1,0,0,0,0
"RocketReports","MINTPLB4",9,7,0.7777,2,0.2222,2,0,0,0,0,0,0
"RocketReports","MINTPLB5",3,3,1.0000,0,0.0000,0,0,0,0,0,0,0
"RocketReports","MINTPMH1",1,1,1.0000,0,0.0000,0,0,0,0,0,0,0
"RocketReports","MINTPMH3",1,1,1.0000,0,0.0000,0,0,0,0,0,0,0
"RocketReports","TNS5GBZ3",16,14,0.8750,2,0.1250,0,0,0,0,0,0,2
