"RocketReports","MINT0007",20.0000,746,0,746,0,0.0000,0,0,0,0,0.0000,0,0,0,0,0.0000,0,0,0,0,0.0000,0,0,0,0,"2021-07-13 21:00:00"
"RocketReports","MINT0009",20.0000,1193,0,842,351,0.0000,0,0,0,0,0.0000,0,0,0,0,0.0000,0,0,0,0,0.0000,0,0,0,0,"2021-07-13 21:00:00"
"RocketReports","MINT0010",20.0000,770,0,767,3,0.0000,0,0,0,0,0.0000,0,0,0,0,0.0000,0,0,0,0,0.0000,0,0,0,0,"2021-07-13 21:00:00"
"RocketReports","MINT0012",20.0000,6921,0,6886,35,0.0000,0,0,0,0,0.0000,0,0,0,0,0.0000,0,0,0,0,0.0000,0,0,0,0,"2021-07-13 21:00:00"
"RocketReports","MINT0014",20.0000,197,0,30,167,0.0000,0,0,0,0,0.0000,0,0,0,0,0.0000,0,0,0,0,0.0000,0,0,0,0,"2021-07-13 21:00:00"
"RocketReports","MINT0025",20.0000,843,0,622,221,0.0000,0,0,0,0,0.0000,0,0,0,0,0.0000,0,0,0,0,0.0000,0,0,0,0,"2021-07-13 21:00:00"
"RocketReports","MINT0026",20.0000,621,0,314,307,0.0000,0,0,0,0,0.0000,0,0,0,0,0.0000,0,0,0,0,0.0000,0,0,0,0,"2021-07-13 21:00:00"
"RocketReports","MINT0027",20.0000,1640,0,1326,314,0.0000,0,0,0,0,0.0000,0,0,0,0,0.0000,0,0,0,0,0.0000,0,0,0,0,"2021-07-13 21:00:00"
"RocketReports","MINT0028",20.0000,4128,0,3916,212,0.0000,0,0,0,0,0.0000,0,0,0,0,0.0000,0,0,0,0,0.0000,0,0,0,0,"2021-07-13 21:00:00"
"RocketReports","MINT0030",20.0000,234,0,166,68,0.0000,0,0,0,0,0.0000,0,0,0,0,0.0000,0,0,0,0,0.0000,0,0,0,0,"2021-07-13 21:00:00"
"RocketReports","MINT0031",20.0000,481,0,412,69,0.0000,0,0,0,0,0.0000,0,0,0,0,0.0000,0,0,0,0,0.0000,0,0,0,0,"2021-07-13 21:00:00"
"RocketReports","MINT0032",20.0000,1554,0,1534,20,0.0000,0,0,0,0,0.0000,0,0,0,0,0.0000,0,0,0,0,0.0000,0,0,0,0,"2021-07-13 21:00:00"
"RocketReports","MINT0034",20.0000,2639,0,2635,4,0.0000,0,0,0,0,0.0000,0,0,0,0,0.0000,0,0,0,0,0.0000,0,0,0,0,"2021-07-13 21:00:00"
"RocketReports","MINT0037",20.0000,100,0,98,2,0.0000,0,0,0,0,0.0000,0,0,0,0,0.0000,0,0,0,0,0.0000,0,0,0,0,"2021-07-13 21:00:00"
"RocketReports","MINT0040",20.0000,1040,0,884,156,0.0000,0,0,0,0,0.0000,0,0,0,0,0.0000,0,0,0,0,0.0000,0,0,0,0,"2021-07-13 21:00:00"
"RocketReports","MINT0041",20.0000,163,0,150,13,0.0000,0,0,0,0,0.0000,0,0,0,0,0.0000,0,0,0,0,0.0000,0,0,0,0,"2021-07-13 21:00:00"
"RocketReports","MINT0042",20.0000,5218,0,4902,316,0.0000,0,0,0,0,0.0000,0,0,0,0,0.0000,0,0,0,0,0.0000,0,0,0,0,"2021-07-13 21:00:00"
"RocketReports","MINT0043",20.0000,3798,0,3616,182,0.0000,0,0,0,0,0.0000,0,0,0,0,0.0000,0,0,0,0,0.0000,0,0,0,0,"2021-07-13 21:00:00"
"RocketReports","MINT0044",20.0000,1140,0,996,144,0.0000,0,0,0,0,0.0000,0,0,0,0,0.0000,0,0,0,0,0.0000,0,0,0,0,"2021-07-13 21:00:00"
"RocketReports","MINT0046",20.0000,2363,0,2042,321,0.0000,0,0,0,0,0.0000,0,0,0,0,0.0000,0,0,0,0,0.0000,0,0,0,0,"2021-07-13 21:00:00"
"RocketReports","MINT0047",20.0000,99,0,15,84,0.0000,0,0,0,0,0.0000,0,0,0,0,0.0000,0,0,0,0,0.0000,0,0,0,0,"2021-07-13 21:00:00"
"RocketReports","MINT0048",20.0000,99,0,0,99,0.0000,0,0,0,0,0.0000,0,0,0,0,0.0000,0,0,0,0,0.0000,0,0,0,0,"2021-07-13 21:00:00"
"RocketReports","MINT0049",20.0000,506,0,277,229,0.0000,0,0,0,0,0.0000,0,0,0,0,0.0000,0,0,0,0,0.0000,0,0,0,0,"2021-07-13 21:00:00"
"RocketReports","MINT0050",20.0000,453,0,325,128,0.0000,0,0,0,0,0.0000,0,0,0,0,0.0000,0,0,0,0,0.0000,0,0,0,0,"2021-07-13 21:00:00"
"RocketReports","MINT0051",20.0000,591,0,471,120,0.0000,0,0,0,0,0.0000,0,0,0,0,0.0000,0,0,0,0,0.0000,0,0,0,0,"2021-07-13 21:00:00"
"RocketReports","MINT0052",20.0000,658,0,451,207,0.0000,0,0,0,0,0.0000,0,0,0,0,0.0000,0,0,0,0,0.0000,0,0,0,0,"2021-07-13 21:00:00"
"RocketReports","MINT0053",20.0000,4348,0,4133,215,0.0000,0,0,0,0,0.0000,0,0,0,0,0.0000,0,0,0,0,0.0000,0,0,0,0,"2021-07-13 21:00:00"
"RocketReports","MINT0054",20.0000,952,0,716,236,0.0000,0,0,0,0,0.0000,0,0,0,0,0.0000,0,0,0,0,0.0000,0,0,0,0,"2021-07-13 21:00:00"
"RocketReports","MINT0055",20.0000,226,0,35,191,0.0000,0,0,0,0,0.0000,0,0,0,0,0.0000,0,0,0,0,0.0000,0,0,0,0,"2021-07-13 21:00:00"
"RocketReports","MINT0056",20.0000,290,0,236,54,0.0000,0,0,0,0,0.0000,0,0,0,0,0.0000,0,0,0,0,0.0000,0,0,0,0,"2021-07-13 21:00:00"
"RocketReports","MINT0057",20.0000,1924,0,1890,34,0.0000,0,0,0,0,0.0000,0,0,0,0,0.0000,0,0,0,0,0.0000,0,0,0,0,"2021-07-13 21:00:00"
"RocketReports","MINT0058",20.0000,6239,0,6226,13,0.0000,0,0,0,0,0.0000,0,0,0,0,0.0000,0,0,0,0,0.0000,0,0,0,0,"2021-07-13 21:00:00"
"RocketReports","MINT0059",20.0000,2157,0,2007,150,0.0000,0,0,0,0,0.0000,0,0,0,0,0.0000,0,0,0,0,0.0000,0,0,0,0,"2021-07-13 21:00:00"
"RocketReports","MINT0062",20.0000,497,0,240,257,0.0000,0,0,0,0,0.0000,0,0,0,0,0.0000,0,0,0,0,0.0000,0,0,0,0,"2021-07-13 21:00:00"
"RocketReports","MINT0063",20.0000,3878,0,3770,108,0.0000,0,0,0,0,0.0000,0,0,0,0,0.0000,0,0,0,0,0.0000,0,0,0,0,"2021-07-13 21:00:00"
"RocketReports","MINT0064",20.0000,285,0,182,103,0.0000,0,0,0,0,0.0000,0,0,0,0,0.0000,0,0,0,0,0.0000,0,0,0,0,"2021-07-13 21:00:00"
"RocketReports","MINT0065",20.0000,253,0,1,252,0.0000,0,0,0,0,0.0000,0,0,0,0,0.0000,0,0,0,0,0.0000,0,0,0,0,"2021-07-13 21:00:00"
"RocketReports","MINT0066",20.0000,3643,0,3525,118,0.0000,0,0,0,0,0.0000,0,0,0,0,0.0000,0,0,0,0,0.0000,0,0,0,0,"2021-07-13 21:00:00"
"RocketReports","MINT0067",20.0000,234,0,90,144,0.0000,0,0,0,0,0.0000,0,0,0,0,0.0000,0,0,0,0,0.0000,0,0,0,0,"2021-07-13 21:00:00"
"RocketReports","MINT0067",0.0000,0,0,0,0,50.0000,383,0,196,187,0.0000,0,0,0,0,0.0000,0,0,0,0,0.0000,0,0,0,0,"2021-07-13 21:00:00"
"RocketReports","MINT0068",20.0000,393,0,296,97,0.0000,0,0,0,0,0.0000,0,0,0,0,0.0000,0,0,0,0,0.0000,0,0,0,0,"2021-07-13 21:00:00"
"RocketReports","MINT0069",20.0000,800,0,512,288,0.0000,0,0,0,0,0.0000,0,0,0,0,0.0000,0,0,0,0,0.0000,0,0,0,0,"2021-07-13 21:00:00"
"RocketReports","MINT0069",0.0000,0,0,0,0,50.0000,436,0,307,129,0.0000,0,0,0,0,0.0000,0,0,0,0,0.0000,0,0,0,0,"2021-07-13 21:00:00"
"RocketReports","MINT0070",20.0000,14,0,1,13,0.0000,0,0,0,0,0.0000,0,0,0,0,0.0000,0,0,0,0,0.0000,0,0,0,0,"2021-07-13 21:00:00"
"RocketReports","MINT0100",20.0000,250,0,92,158,0.0000,0,0,0,0,0.0000,0,0,0,0,0.0000,0,0,0,0,0.0000,0,0,0,0,"2021-07-13 21:00:00"
"RocketReports","MINT0101",10.0000,436,0,121,315,0.0000,0,0,0,0,0.0000,0,0,0,0,0.0000,0,0,0,0,0.0000,0,0,0,0,"2021-07-13 21:00:00"
"RocketReports","MINT0102",20.0000,36,0,0,36,0.0000,0,0,0,0,0.0000,0,0,0,0,0.0000,0,0,0,0,0.0000,0,0,0,0,"2021-07-13 21:00:00"
"RocketReports","MINT0103",20.0000,76,0,31,45,0.0000,0,0,0,0,0.0000,0,0,0,0,0.0000,0,0,0,0,0.0000,0,0,0,0,"2021-07-13 21:00:00"
"RocketReports","MINT0104",20.0000,99,0,44,55,0.0000,0,0,0,0,0.0000,0,0,0,0,0.0000,0,0,0,0,0.0000,0,0,0,0,"2021-07-13 21:00:00"
"RocketReports","MINT0105",20.0000,200,0,0,200,0.0000,0,0,0,0,0.0000,0,0,0,0,0.0000,0,0,0,0,0.0000,0,0,0,0,"2021-07-13 21:00:00"
"RocketReports","MINT0106",20.0000,100,0,0,100,0.0000,0,0,0,0,0.0000,0,0,0,0,0.0000,0,0,0,0,0.0000,0,0,0,0,"2021-07-13 21:00:00"
"RocketReports","MINT0107",20.0000,3500,0,3453,47,0.0000,0,0,0,0,0.0000,0,0,0,0,0.0000,0,0,0,0,0.0000,0,0,0,0,"2021-07-13 21:00:00"
"RocketReports","MINT0108",20.0000,247,0,27,220,0.0000,0,0,0,0,0.0000,0,0,0,0,0.0000,0,0,0,0,0.0000,0,0,0,0,"2021-07-13 21:00:00"
"RocketReports","MINT0109",20.0000,243,0,12,231,0.0000,0,0,0,0,0.0000,0,0,0,0,0.0000,0,0,0,0,0.0000,0,0,0,0,"2021-07-13 21:00:00"
"RocketReports","MINT0110",20.0000,200,0,105,95,0.0000,0,0,0,0,0.0000,0,0,0,0,0.0000,0,0,0,0,0.0000,0,0,0,0,"2021-07-13 21:00:00"
"RocketReports","MINT0111",20.0000,319,0,142,177,0.0000,0,0,0,0,0.0000,0,0,0,0,0.0000,0,0,0,0,0.0000,0,0,0,0,"2021-07-13 21:00:00"
"RocketReports","MINT0112",20.0000,7380,0,7246,134,0.0000,0,0,0,0,0.0000,0,0,0,0,0.0000,0,0,0,0,0.0000,0,0,0,0,"2021-07-13 21:00:00"
"RocketReports","MINT0113",20.0000,249,0,90,159,0.0000,0,0,0,0,0.0000,0,0,0,0,0.0000,0,0,0,0,0.0000,0,0,0,0,"2021-07-13 21:00:00"
"RocketReports","MINT0115",20.0000,250,0,177,73,0.0000,0,0,0,0,0.0000,0,0,0,0,0.0000,0,0,0,0,0.0000,0,0,0,0,"2021-07-13 21:00:00"
"RocketReports","MINT0116",20.0000,207,0,2,205,0.0000,0,0,0,0,0.0000,0,0,0,0,0.0000,0,0,0,0,0.0000,0,0,0,0,"2021-07-13 21:00:00"
"RocketReports","MINT0117",20.0000,500,0,323,177,0.0000,0,0,0,0,0.0000,0,0,0,0,0.0000,0,0,0,0,0.0000,0,0,0,0,"2021-07-13 21:00:00"
"RocketReports","MINT0118",20.0000,288,0,70,218,0.0000,0,0,0,0,0.0000,0,0,0,0,0.0000,0,0,0,0,0.0000,0,0,0,0,"2021-07-13 21:00:00"
"RocketReports","MINT0119",20.0000,140,0,60,80,0.0000,0,0,0,0,0.0000,0,0,0,0,0.0000,0,0,0,0,0.0000,0,0,0,0,"2021-07-13 21:00:00"
"RocketReports","MINT0120",20.0000,109,0,0,109,0.0000,0,0,0,0,0.0000,0,0,0,0,0.0000,0,0,0,0,0.0000,0,0,0,0,"2021-07-13 21:00:00"
"RocketReports","MINT0121",20.0000,300,0,102,198,0.0000,0,0,0,0,0.0000,0,0,0,0,0.0000,0,0,0,0,0.0000,0,0,0,0,"2021-07-13 21:00:00"
"RocketReports","MINT0122",20.0000,250,0,125,125,0.0000,0,0,0,0,0.0000,0,0,0,0,0.0000,0,0,0,0,0.0000,0,0,0,0,"2021-07-13 21:00:00"
"RocketReports","MINT0123",20.0000,100,0,0,100,0.0000,0,0,0,0,0.0000,0,0,0,0,0.0000,0,0,0,0,0.0000,0,0,0,0,"2021-07-13 21:00:00"
"RocketReports","MINT0124",20.0000,125,0,18,107,0.0000,0,0,0,0,0.0000,0,0,0,0,0.0000,0,0,0,0,0.0000,0,0,0,0,"2021-07-13 21:00:00"
"RocketReports","MINT0125",20.0000,525,0,36,489,0.0000,0,0,0,0,0.0000,0,0,0,0,0.0000,0,0,0,0,0.0000,0,0,0,0,"2021-07-13 21:00:00"
"RocketReports","MINT0126",20.0000,124,0,5,119,0.0000,0,0,0,0,0.0000,0,0,0,0,0.0000,0,0,0,0,0.0000,0,0,0,0,"2021-07-13 21:00:00"
"RocketReports","MINT0127",20.0000,300,0,212,88,0.0000,0,0,0,0,0.0000,0,0,0,0,0.0000,0,0,0,0,0.0000,0,0,0,0,"2021-07-13 21:00:00"
"RocketReports","MINT0128",20.0000,100,0,29,71,0.0000,0,0,0,0,0.0000,0,0,0,0,0.0000,0,0,0,0,0.0000,0,0,0,0,"2021-07-13 21:00:00"
"RocketReports","MINT0129",20.0000,216,0,8,208,0.0000,0,0,0,0,0.0000,0,0,0,0,0.0000,0,0,0,0,0.0000,0,0,0,0,"2021-07-13 21:00:00"
"RocketReports","MINT0130",20.0000,41,0,2,39,0.0000,0,0,0,0,0.0000,0,0,0,0,0.0000,0,0,0,0,0.0000,0,0,0,0,"2021-07-13 21:00:00"
"RocketReports","MINT0131",20.0000,100,0,9,91,0.0000,0,0,0,0,0.0000,0,0,0,0,0.0000,0,0,0,0,0.0000,0,0,0,0,"2021-07-13 21:00:00"
"RocketReports","MINT0132",20.0000,100,0,1,99,0.0000,0,0,0,0,0.0000,0,0,0,0,0.0000,0,0,0,0,0.0000,0,0,0,0,"2021-07-13 21:00:00"
"RocketReports","MINT0133",20.0000,100,0,0,100,0.0000,0,0,0,0,0.0000,0,0,0,0,0.0000,0,0,0,0,0.0000,0,0,0,0,"2021-07-13 21:00:00"
"RocketReports","MINT0134",20.0000,50,0,50,0,0.0000,0,0,0,0,0.0000,0,0,0,0,0.0000,0,0,0,0,0.0000,0,0,0,0,"2021-07-13 21:00:00"
"RocketReports","MINT0135",20.0000,300,0,52,248,0.0000,0,0,0,0,0.0000,0,0,0,0,0.0000,0,0,0,0,0.0000,0,0,0,0,"2021-07-13 21:00:00"
"RocketReports","MINT0136",20.0000,464,0,24,440,0.0000,0,0,0,0,0.0000,0,0,0,0,0.0000,0,0,0,0,0.0000,0,0,0,0,"2021-07-13 21:00:00"
"RocketReports","MINT0137",20.0000,472,0,120,352,0.0000,0,0,0,0,0.0000,0,0,0,0,0.0000,0,0,0,0,0.0000,0,0,0,0,"2021-07-13 21:00:00"
"RocketReports","MINT0138",20.0000,200,0,0,200,0.0000,0,0,0,0,0.0000,0,0,0,0,0.0000,0,0,0,0,0.0000,0,0,0,0,"2021-07-13 21:00:00"
"RocketReports","MINT0139",20.0000,250,0,0,250,0.0000,0,0,0,0,0.0000,0,0,0,0,0.0000,0,0,0,0,0.0000,0,0,0,0,"2021-07-13 21:00:00"
"RocketReports","MINT0141",20.0000,102,0,27,75,0.0000,0,0,0,0,0.0000,0,0,0,0,0.0000,0,0,0,0,0.0000,0,0,0,0,"2021-07-13 21:00:00"
"RocketReports","MINT0142",20.0000,125,0,38,87,0.0000,0,0,0,0,0.0000,0,0,0,0,0.0000,0,0,0,0,0.0000,0,0,0,0,"2021-07-13 21:00:00"
"RocketReports","MINT0143",20.0000,250,0,57,193,0.0000,0,0,0,0,0.0000,0,0,0,0,0.0000,0,0,0,0,0.0000,0,0,0,0,"2021-07-13 21:00:00"
"RocketReports","MINT0144",20.0000,200,0,0,200,0.0000,0,0,0,0,0.0000,0,0,0,0,0.0000,0,0,0,0,0.0000,0,0,0,0,"2021-07-13 21:00:00"
"RocketReports","MINT0145",20.0000,106,0,69,37,0.0000,0,0,0,0,0.0000,0,0,0,0,0.0000,0,0,0,0,0.0000,0,0,0,0,"2021-07-13 21:00:00"
"RocketReports","MINT0146",20.0000,264,0,7,257,0.0000,0,0,0,0,0.0000,0,0,0,0,0.0000,0,0,0,0,0.0000,0,0,0,0,"2021-07-13 21:00:00"
"RocketReports","MINT0147",20.0000,100,0,33,67,0.0000,0,0,0,0,0.0000,0,0,0,0,0.0000,0,0,0,0,0.0000,0,0,0,0,"2021-07-13 21:00:00"
"RocketReports","MINT0148",20.0000,150,0,6,144,0.0000,0,0,0,0,0.0000,0,0,0,0,0.0000,0,0,0,0,0.0000,0,0,0,0,"2021-07-13 21:00:00"
"RocketReports","MINT0149",20.0000,150,0,33,117,0.0000,0,0,0,0,0.0000,0,0,0,0,0.0000,0,0,0,0,0.0000,0,0,0,0,"2021-07-13 21:00:00"
"RocketReports","MINT0150",20.0000,239,0,50,189,0.0000,0,0,0,0,0.0000,0,0,0,0,0.0000,0,0,0,0,0.0000,0,0,0,0,"2021-07-13 21:00:00"
"RocketReports","MINT0151",20.0000,34,0,26,8,0.0000,0,0,0,0,0.0000,0,0,0,0,0.0000,0,0,0,0,0.0000,0,0,0,0,"2021-07-13 21:00:00"
"RocketReports","MINT0152",20.0000,250,0,187,63,0.0000,0,0,0,0,0.0000,0,0,0,0,0.0000,0,0,0,0,0.0000,0,0,0,0,"2021-07-13 21:00:00"
"RocketReports","MINT0153",20.0000,100,0,0,100,0.0000,0,0,0,0,0.0000,0,0,0,0,0.0000,0,0,0,0,0.0000,0,0,0,0,"2021-07-13 21:00:00"
"RocketReports","MINT0154",20.0000,335,0,46,289,0.0000,0,0,0,0,0.0000,0,0,0,0,0.0000,0,0,0,0,0.0000,0,0,0,0,"2021-07-13 21:00:00"
"RocketReports","MINT0155",20.0000,191,0,47,144,0.0000,0,0,0,0,0.0000,0,0,0,0,0.0000,0,0,0,0,0.0000,0,0,0,0,"2021-07-13 21:00:00"
"RocketReports","MINT0155",0.0000,0,0,0,0,5.0000,40,0,1,39,0.0000,0,0,0,0,0.0000,0,0,0,0,0.0000,0,0,0,0,"2021-07-13 21:00:00"
"RocketReports","MINT0156",20.0000,75,0,26,49,0.0000,0,0,0,0,0.0000,0,0,0,0,0.0000,0,0,0,0,0.0000,0,0,0,0,"2021-07-13 21:00:00"
"RocketReports","MINT0157",20.0000,1847,0,1830,17,0.0000,0,0,0,0,0.0000,0,0,0,0,0.0000,0,0,0,0,0.0000,0,0,0,0,"2021-07-13 21:00:00"
"RocketReports","MINT0160",20.0000,197,0,0,197,0.0000,0,0,0,0,0.0000,0,0,0,0,0.0000,0,0,0,0,0.0000,0,0,0,0,"2021-07-13 21:00:00"
"RocketReports","MINT0161",20.0000,250,0,76,174,0.0000,0,0,0,0,0.0000,0,0,0,0,0.0000,0,0,0,0,0.0000,0,0,0,0,"2021-07-13 21:00:00"
"RocketReports","MINT0162",20.0000,1,0,0,1,0.0000,0,0,0,0,0.0000,0,0,0,0,0.0000,0,0,0,0,0.0000,0,0,0,0,"2021-07-13 21:00:00"
"RocketReports","MINT0163",10.0000,500,0,71,429,0.0000,0,0,0,0,0.0000,0,0,0,0,0.0000,0,0,0,0,0.0000,0,0,0,0,"2021-07-13 21:00:00"
"RocketReports","MINT0163",0.0000,0,0,0,0,20.0000,100,0,100,0,0.0000,0,0,0,0,0.0000,0,0,0,0,0.0000,0,0,0,0,"2021-07-13 21:00:00"
"RocketReports","MINT0201",20.0000,105,0,58,47,0.0000,0,0,0,0,0.0000,0,0,0,0,0.0000,0,0,0,0,0.0000,0,0,0,0,"2021-07-13 21:00:00"
"RocketReports","MINT0203",20.0000,50,0,5,45,0.0000,0,0,0,0,0.0000,0,0,0,0,0.0000,0,0,0,0,0.0000,0,0,0,0,"2021-07-13 21:00:00"
"RocketReports","MINT0204",20.0000,109,0,12,97,0.0000,0,0,0,0,0.0000,0,0,0,0,0.0000,0,0,0,0,0.0000,0,0,0,0,"2021-07-13 21:00:00"
"RocketReports","MINT0205",20.0000,399,0,356,43,0.0000,0,0,0,0,0.0000,0,0,0,0,0.0000,0,0,0,0,0.0000,0,0,0,0,"2021-07-13 21:00:00"
"RocketReports","MINT0206",20.0000,300,0,17,283,0.0000,0,0,0,0,0.0000,0,0,0,0,0.0000,0,0,0,0,0.0000,0,0,0,0,"2021-07-13 21:00:00"
"RocketReports","MINT0207",20.0000,277,0,71,206,0.0000,0,0,0,0,0.0000,0,0,0,0,0.0000,0,0,0,0,0.0000,0,0,0,0,"2021-07-13 21:00:00"
"RocketReports","MINT0208",20.0000,400,0,25,375,0.0000,0,0,0,0,0.0000,0,0,0,0,0.0000,0,0,0,0,0.0000,0,0,0,0,"2021-07-13 21:00:00"
"RocketReports","MINT0209",20.0000,463,0,268,195,0.0000,0,0,0,0,0.0000,0,0,0,0,0.0000,0,0,0,0,0.0000,0,0,0,0,"2021-07-13 21:00:00"
"RocketReports","MINT0304",20.0000,200,0,70,130,0.0000,0,0,0,0,0.0000,0,0,0,0,0.0000,0,0,0,0,0.0000,0,0,0,0,"2021-07-13 21:00:00"
"RocketReports","MINT0305",20.0000,509,0,269,240,0.0000,0,0,0,0,0.0000,0,0,0,0,0.0000,0,0,0,0,0.0000,0,0,0,0,"2021-07-13 21:00:00"
"RocketReports","MINT0306",20.0000,278,0,87,191,0.0000,0,0,0,0,0.0000,0,0,0,0,0.0000,0,0,0,0,0.0000,0,0,0,0,"2021-07-13 21:00:00"
"RocketReports","MINT0308",20.0000,540,0,459,81,0.0000,0,0,0,0,0.0000,0,0,0,0,0.0000,0,0,0,0,0.0000,0,0,0,0,"2021-07-13 21:00:00"
"RocketReports","MINT0350",20.0000,1394,0,1203,191,0.0000,0,0,0,0,0.0000,0,0,0,0,0.0000,0,0,0,0,0.0000,0,0,0,0,"2021-07-13 21:00:00"
"RocketReports","MINT0351",20.0000,199,0,199,0,0.0000,0,0,0,0,0.0000,0,0,0,0,0.0000,0,0,0,0,0.0000,0,0,0,0,"2021-07-13 21:00:00"
"RocketReports","MINT0352",20.0000,375,0,95,280,0.0000,0,0,0,0,0.0000,0,0,0,0,0.0000,0,0,0,0,0.0000,0,0,0,0,"2021-07-13 21:00:00"
"RocketReports","MINT0353",20.0000,650,0,144,506,0.0000,0,0,0,0,0.0000,0,0,0,0,0.0000,0,0,0,0,0.0000,0,0,0,0,"2021-07-13 21:00:00"
"RocketReports","MINT0355",20.0000,576,0,400,176,0.0000,0,0,0,0,0.0000,0,0,0,0,0.0000,0,0,0,0,0.0000,0,0,0,0,"2021-07-13 21:00:00"
"RocketReports","MINT0356",20.0000,359,0,286,73,0.0000,0,0,0,0,0.0000,0,0,0,0,0.0000,0,0,0,0,0.0000,0,0,0,0,"2021-07-13 21:00:00"
"RocketReports","MINT0357",20.0000,748,0,716,32,0.0000,0,0,0,0,0.0000,0,0,0,0,0.0000,0,0,0,0,0.0000,0,0,0,0,"2021-07-13 21:00:00"
"RocketReports","MINT0358",20.0000,0,0,0,0,0.0000,0,0,0,0,0.0000,0,0,0,0,0.0000,0,0,0,0,0.0000,0,0,0,0,"2021-07-13 21:00:00"
"RocketReports","MINT0359",20.0000,7536,0,7421,115,0.0000,0,0,0,0,0.0000,0,0,0,0,0.0000,0,0,0,0,0.0000,0,0,0,0,"2021-07-13 21:00:00"
"RocketReports","MINT0360",20.0000,398,0,308,90,0.0000,0,0,0,0,0.0000,0,0,0,0,0.0000,0,0,0,0,0.0000,0,0,0,0,"2021-07-13 21:00:00"
"RocketReports","MINT0400",20.0000,25,0,17,8,0.0000,0,0,0,0,0.0000,0,0,0,0,0.0000,0,0,0,0,0.0000,0,0,0,0,"2021-07-13 21:00:00"
"RocketReports","MINT0401",20.0000,95,0,7,88,0.0000,0,0,0,0,0.0000,0,0,0,0,0.0000,0,0,0,0,0.0000,0,0,0,0,"2021-07-13 21:00:00"
"RocketReports","MINT0402",20.0000,138,0,24,114,0.0000,0,0,0,0,0.0000,0,0,0,0,0.0000,0,0,0,0,0.0000,0,0,0,0,"2021-07-13 21:00:00"
"RocketReports","MINT0403",20.0000,212,0,137,75,0.0000,0,0,0,0,0.0000,0,0,0,0,0.0000,0,0,0,0,0.0000,0,0,0,0,"2021-07-13 21:00:00"
"RocketReports","MINT0404",20.0000,50,0,15,35,0.0000,0,0,0,0,0.0000,0,0,0,0,0.0000,0,0,0,0,0.0000,0,0,0,0,"2021-07-13 21:00:00"
"RocketReports","MINT0405",20.0000,28,0,25,3,0.0000,0,0,0,0,0.0000,0,0,0,0,0.0000,0,0,0,0,0.0000,0,0,0,0,"2021-07-13 21:00:00"
"RocketReports","MINT0406",20.0000,89,0,21,68,0.0000,0,0,0,0,0.0000,0,0,0,0,0.0000,0,0,0,0,0.0000,0,0,0,0,"2021-07-13 21:00:00"
"RocketReports","MINT0407",20.0000,20,0,1,19,0.0000,0,0,0,0,0.0000,0,0,0,0,0.0000,0,0,0,0,0.0000,0,0,0,0,"2021-07-13 21:00:00"
"RocketReports","MINT0408",20.0000,25,0,2,23,0.0000,0,0,0,0,0.0000,0,0,0,0,0.0000,0,0,0,0,0.0000,0,0,0,0,"2021-07-13 21:00:00"
"RocketReports","MINT0409",20.0000,181,0,121,60,0.0000,0,0,0,0,0.0000,0,0,0,0,0.0000,0,0,0,0,0.0000,0,0,0,0,"2021-07-13 21:00:00"
"RocketReports","MINT0410",20.0000,102,0,102,0,0.0000,0,0,0,0,0.0000,0,0,0,0,0.0000,0,0,0,0,0.0000,0,0,0,0,"2021-07-13 21:00:00"
"RocketReports","MINT0411",20.0000,154,0,17,137,0.0000,0,0,0,0,0.0000,0,0,0,0,0.0000,0,0,0,0,0.0000,0,0,0,0,"2021-07-13 21:00:00"
"RocketReports","MINT0412",20.0000,47,0,9,38,0.0000,0,0,0,0,0.0000,0,0,0,0,0.0000,0,0,0,0,0.0000,0,0,0,0,"2021-07-13 21:00:00"
"RocketReports","MINT0413",20.0000,123,0,75,48,0.0000,0,0,0,0,0.0000,0,0,0,0,0.0000,0,0,0,0,0.0000,0,0,0,0,"2021-07-13 21:00:00"
"RocketReports","MINT0414",20.0000,100,0,83,17,0.0000,0,0,0,0,0.0000,0,0,0,0,0.0000,0,0,0,0,0.0000,0,0,0,0,"2021-07-13 21:00:00"
"RocketReports","MINT0415",20.0000,61,0,6,55,0.0000,0,0,0,0,0.0000,0,0,0,0,0.0000,0,0,0,0,0.0000,0,0,0,0,"2021-07-13 21:00:00"
"RocketReports","MINT0416",20.0000,83,0,25,58,0.0000,0,0,0,0,0.0000,0,0,0,0,0.0000,0,0,0,0,0.0000,0,0,0,0,"2021-07-13 21:00:00"
"RocketReports","MINT0417",20.0000,40,0,2,38,0.0000,0,0,0,0,0.0000,0,0,0,0,0.0000,0,0,0,0,0.0000,0,0,0,0,"2021-07-13 21:00:00"
"RocketReports","MINT0418",20.0000,63,0,52,11,0.0000,0,0,0,0,0.0000,0,0,0,0,0.0000,0,0,0,0,0.0000,0,0,0,0,"2021-07-13 21:00:00"
"RocketReports","MINT0494",20.0000,3137,0,2981,156,0.0000,0,0,0,0,0.0000,0,0,0,0,0.0000,0,0,0,0,0.0000,0,0,0,0,"2021-07-13 21:00:00"
"RocketReports","MINT0495",20.0000,309,0,128,181,0.0000,0,0,0,0,0.0000,0,0,0,0,0.0000,0,0,0,0,0.0000,0,0,0,0,"2021-07-13 21:00:00"
"RocketReports","MINT0496",20.0000,1489,0,1183,306,0.0000,0,0,0,0,0.0000,0,0,0,0,0.0000,0,0,0,0,0.0000,0,0,0,0,"2021-07-13 21:00:00"
"RocketReports","MINT0497",20.0000,5587,0,5494,93,0.0000,0,0,0,0,0.0000,0,0,0,0,0.0000,0,0,0,0,0.0000,0,0,0,0,"2021-07-13 21:00:00"
"RocketReports","MINT0498",20.0000,1629,0,1522,107,0.0000,0,0,0,0,0.0000,0,0,0,0,0.0000,0,0,0,0,0.0000,0,0,0,0,"2021-07-13 21:00:00"
"RocketReports","MINT0499",20.0000,841,0,841,0,0.0000,0,0,0,0,0.0000,0,0,0,0,0.0000,0,0,0,0,0.0000,0,0,0,0,"2021-07-13 21:00:00"
"RocketReports","MINT0501",20.0000,3222,0,3185,37,0.0000,0,0,0,0,0.0000,0,0,0,0,0.0000,0,0,0,0,0.0000,0,0,0,0,"2021-07-13 21:00:00"
"RocketReports","MINT0503",20.0000,4264,0,3544,720,0.0000,0,0,0,0,0.0000,0,0,0,0,0.0000,0,0,0,0,0.0000,0,0,0,0,"2021-07-13 21:00:00"
"RocketReports","MINT0504",20.0000,407,0,322,85,0.0000,0,0,0,0,0.0000,0,0,0,0,0.0000,0,0,0,0,0.0000,0,0,0,0,"2021-07-13 21:00:00"
"RocketReports","MINT0508",20.0000,7919,0,7399,520,0.0000,0,0,0,0,0.0000,0,0,0,0,0.0000,0,0,0,0,0.0000,0,0,0,0,"2021-07-13 21:00:00"
"RocketReports","MINT0509",20.0000,775,0,745,30,0.0000,0,0,0,0,0.0000,0,0,0,0,0.0000,0,0,0,0,0.0000,0,0,0,0,"2021-07-13 21:00:00"
"RocketReports","MINT0509",0.0000,0,0,0,0,10.0000,0,0,0,0,0.0000,0,0,0,0,0.0000,0,0,0,0,0.0000,0,0,0,0,"2021-07-13 21:00:00"
"RocketReports","MINT0519",20.0000,92,0,3,89,0.0000,0,0,0,0,0.0000,0,0,0,0,0.0000,0,0,0,0,0.0000,0,0,0,0,"2021-07-13 21:00:00"
"RocketReports","MINT0520",20.0000,600,0,9,591,0.0000,0,0,0,0,0.0000,0,0,0,0,0.0000,0,0,0,0,0.0000,0,0,0,0,"2021-07-13 21:00:00"
"RocketReports","MINT0527",20.0000,71,0,3,68,0.0000,0,0,0,0,0.0000,0,0,0,0,0.0000,0,0,0,0,0.0000,0,0,0,0,"2021-07-13 21:00:00"
"RocketReports","MINT0529",20.0000,190,0,162,28,0.0000,0,0,0,0,0.0000,0,0,0,0,0.0000,0,0,0,0,0.0000,0,0,0,0,"2021-07-13 21:00:00"
"RocketReports","MINT0531",20.0000,1901,0,1872,29,0.0000,0,0,0,0,0.0000,0,0,0,0,0.0000,0,0,0,0,0.0000,0,0,0,0,"2021-07-13 21:00:00"
"RocketReports","MINT0532",20.0000,4616,0,4525,91,0.0000,0,0,0,0,0.0000,0,0,0,0,0.0000,0,0,0,0,0.0000,0,0,0,0,"2021-07-13 21:00:00"
"RocketReports","MINT0533",10.0000,0,0,0,0,0.0000,0,0,0,0,0.0000,0,0,0,0,0.0000,0,0,0,0,0.0000,0,0,0,0,"2021-07-13 21:00:00"
"RocketReports","MINT0533",0.0000,0,0,0,0,20.0000,2116,0,2000,116,0.0000,0,0,0,0,0.0000,0,0,0,0,0.0000,0,0,0,0,"2021-07-13 21:00:00"
"RocketReports","MINT0534",20.0000,222,0,85,137,0.0000,0,0,0,0,0.0000,0,0,0,0,0.0000,0,0,0,0,0.0000,0,0,0,0,"2021-07-13 21:00:00"
"RocketReports","MINT0535",20.0000,87,0,3,84,0.0000,0,0,0,0,0.0000,0,0,0,0,0.0000,0,0,0,0,0.0000,0,0,0,0,"2021-07-13 21:00:00"
"RocketReports","MINT0536",20.0000,300,0,211,89,0.0000,0,0,0,0,0.0000,0,0,0,0,0.0000,0,0,0,0,0.0000,0,0,0,0,"2021-07-13 21:00:00"
"RocketReports","MINT0537",20.0000,126,0,62,64,0.0000,0,0,0,0,0.0000,0,0,0,0,0.0000,0,0,0,0,0.0000,0,0,0,0,"2021-07-13 21:00:00"
"RocketReports","MINT0538",20.0000,731,0,690,41,0.0000,0,0,0,0,0.0000,0,0,0,0,0.0000,0,0,0,0,0.0000,0,0,0,0,"2021-07-13 21:00:00"
"RocketReports","MINT0539",20.0000,1357,0,1213,144,0.0000,0,0,0,0,0.0000,0,0,0,0,0.0000,0,0,0,0,0.0000,0,0,0,0,"2021-07-13 21:00:00"
"RocketReports","MINT0540",20.0000,38,0,38,0,0.0000,0,0,0,0,0.0000,0,0,0,0,0.0000,0,0,0,0,0.0000,0,0,0,0,"2021-07-13 21:00:00"
"RocketReports","MINT0542",20.0000,104,0,104,0,0.0000,0,0,0,0,0.0000,0,0,0,0,0.0000,0,0,0,0,0.0000,0,0,0,0,"2021-07-13 21:00:00"
"RocketReports","MINT0543",20.0000,118,0,38,80,0.0000,0,0,0,0,0.0000,0,0,0,0,0.0000,0,0,0,0,0.0000,0,0,0,0,"2021-07-13 21:00:00"
"RocketReports","MINT0544",20.0000,10,0,0,10,0.0000,0,0,0,0,0.0000,0,0,0,0,0.0000,0,0,0,0,0.0000,0,0,0,0,"2021-07-13 21:00:00"
"RocketReports","MINT0545",20.0000,271,0,138,133,0.0000,0,0,0,0,0.0000,0,0,0,0,0.0000,0,0,0,0,0.0000,0,0,0,0,"2021-07-13 21:00:00"
"RocketReports","MINT0546",20.0000,66,0,7,59,0.0000,0,0,0,0,0.0000,0,0,0,0,0.0000,0,0,0,0,0.0000,0,0,0,0,"2021-07-13 21:00:00"
"RocketReports","MINT0547",20.0000,396,0,243,153,0.0000,0,0,0,0,0.0000,0,0,0,0,0.0000,0,0,0,0,0.0000,0,0,0,0,"2021-07-13 21:00:00"
"RocketReports","MINT0548",20.0000,1100,0,989,111,0.0000,0,0,0,0,0.0000,0,0,0,0,0.0000,0,0,0,0,0.0000,0,0,0,0,"2021-07-13 21:00:00"
"RocketReports","MINT0549",20.0000,1498,0,1490,8,0.0000,0,0,0,0,0.0000,0,0,0,0,0.0000,0,0,0,0,0.0000,0,0,0,0,"2021-07-13 21:00:00"
"RocketReports","MINT0550",20.0000,493,0,357,136,0.0000,0,0,0,0,0.0000,0,0,0,0,0.0000,0,0,0,0,0.0000,0,0,0,0,"2021-07-13 21:00:00"
"RocketReports","MINT0551",20.0000,310,0,220,90,0.0000,0,0,0,0,0.0000,0,0,0,0,0.0000,0,0,0,0,0.0000,0,0,0,0,"2021-07-13 21:00:00"
"RocketReports","MINT0552",20.0000,148,0,0,148,0.0000,0,0,0,0,0.0000,0,0,0,0,0.0000,0,0,0,0,0.0000,0,0,0,0,"2021-07-13 21:00:00"
"RocketReports","MINT0553",20.0000,1098,0,1057,41,0.0000,0,0,0,0,0.0000,0,0,0,0,0.0000,0,0,0,0,0.0000,0,0,0,0,"2021-07-13 21:00:00"
"RocketReports","MINT0554",20.0000,1200,0,1017,183,0.0000,0,0,0,0,0.0000,0,0,0,0,0.0000,0,0,0,0,0.0000,0,0,0,0,"2021-07-13 21:00:00"
"RocketReports","MINT0555",20.0000,200,0,12,188,0.0000,0,0,0,0,0.0000,0,0,0,0,0.0000,0,0,0,0,0.0000,0,0,0,0,"2021-07-13 21:00:00"
"RocketReports","MINT0556",20.0000,2603,0,2569,34,0.0000,0,0,0,0,0.0000,0,0,0,0,0.0000,0,0,0,0,0.0000,0,0,0,0,"2021-07-13 21:00:00"
"RocketReports","MINT0557",20.0000,56,0,43,13,0.0000,0,0,0,0,0.0000,0,0,0,0,0.0000,0,0,0,0,0.0000,0,0,0,0,"2021-07-13 21:00:00"
"RocketReports","MINT0558",20.0000,651,0,551,100,0.0000,0,0,0,0,0.0000,0,0,0,0,0.0000,0,0,0,0,0.0000,0,0,0,0,"2021-07-13 21:00:00"
"RocketReports","MINT0559",20.0000,52,0,4,48,0.0000,0,0,0,0,0.0000,0,0,0,0,0.0000,0,0,0,0,0.0000,0,0,0,0,"2021-07-13 21:00:00"
"RocketReports","MINT0560",20.0000,740,0,680,60,0.0000,0,0,0,0,0.0000,0,0,0,0,0.0000,0,0,0,0,0.0000,0,0,0,0,"2021-07-13 21:00:00"
"RocketReports","MINT0561",20.0000,57,0,8,49,0.0000,0,0,0,0,0.0000,0,0,0,0,0.0000,0,0,0,0,0.0000,0,0,0,0,"2021-07-13 21:00:00"
"RocketReports","MINT0562",20.0000,5300,0,5190,110,0.0000,0,0,0,0,0.0000,0,0,0,0,0.0000,0,0,0,0,0.0000,0,0,0,0,"2021-07-13 21:00:00"
"RocketReports","MINT0563",20.0000,1085,0,905,180,0.0000,0,0,0,0,0.0000,0,0,0,0,0.0000,0,0,0,0,0.0000,0,0,0,0,"2021-07-13 21:00:00"
"RocketReports","MINT0564",20.0000,3137,0,3030,107,0.0000,0,0,0,0,0.0000,0,0,0,0,0.0000,0,0,0,0,0.0000,0,0,0,0,"2021-07-13 21:00:00"
"RocketReports","MINT0565",20.0000,243,0,233,10,0.0000,0,0,0,0,0.0000,0,0,0,0,0.0000,0,0,0,0,0.0000,0,0,0,0,"2021-07-13 21:00:00"
"RocketReports","MINT0566",20.0000,510,0,445,65,0.0000,0,0,0,0,0.0000,0,0,0,0,0.0000,0,0,0,0,0.0000,0,0,0,0,"2021-07-13 21:00:00"
"RocketReports","MINT0567",20.0000,2489,0,2371,118,0.0000,0,0,0,0,0.0000,0,0,0,0,0.0000,0,0,0,0,0.0000,0,0,0,0,"2021-07-13 21:00:00"
"RocketReports","MINT0568",20.0000,350,0,256,94,0.0000,0,0,0,0,0.0000,0,0,0,0,0.0000,0,0,0,0,0.0000,0,0,0,0,"2021-07-13 21:00:00"
"RocketReports","MINT0569",20.0000,9197,0,9050,147,0.0000,0,0,0,0,0.0000,0,0,0,0,0.0000,0,0,0,0,0.0000,0,0,0,0,"2021-07-13 21:00:00"
"RocketReports","MINT0570",20.0000,5696,0,5499,197,0.0000,0,0,0,0,0.0000,0,0,0,0,0.0000,0,0,0,0,0.0000,0,0,0,0,"2021-07-13 21:00:00"
"RocketReports","MINT0571",20.0000,2518,0,2401,117,0.0000,0,0,0,0,0.0000,0,0,0,0,0.0000,0,0,0,0,0.0000,0,0,0,0,"2021-07-13 21:00:00"
"RocketReports","MINT0572",20.0000,4841,0,4841,0,0.0000,0,0,0,0,0.0000,0,0,0,0,0.0000,0,0,0,0,0.0000,0,0,0,0,"2021-07-13 21:00:00"
"RocketReports","MINT0573",20.0000,1200,0,990,210,0.0000,0,0,0,0,0.0000,0,0,0,0,0.0000,0,0,0,0,0.0000,0,0,0,0,"2021-07-13 21:00:00"
"RocketReports","MINT0574",20.0000,6016,0,5865,151,0.0000,0,0,0,0,0.0000,0,0,0,0,0.0000,0,0,0,0,0.0000,0,0,0,0,"2021-07-13 21:00:00"
"RocketReports","MINT0575",20.0000,25,0,0,25,0.0000,0,0,0,0,0.0000,0,0,0,0,0.0000,0,0,0,0,0.0000,0,0,0,0,"2021-07-13 21:00:00"
"RocketReports","MINT0576",20.0000,366,0,329,37,0.0000,0,0,0,0,0.0000,0,0,0,0,0.0000,0,0,0,0,0.0000,0,0,0,0,"2021-07-13 21:00:00"
"RocketReports","MINT0577",20.0000,515,0,472,43,0.0000,0,0,0,0,0.0000,0,0,0,0,0.0000,0,0,0,0,0.0000,0,0,0,0,"2021-07-13 21:00:00"
"RocketReports","MINT0578",20.0000,73,0,0,73,0.0000,0,0,0,0,0.0000,0,0,0,0,0.0000,0,0,0,0,0.0000,0,0,0,0,"2021-07-13 21:00:00"
"RocketReports","MINT0579",20.0000,20,0,20,0,0.0000,0,0,0,0,0.0000,0,0,0,0,0.0000,0,0,0,0,0.0000,0,0,0,0,"2021-07-13 21:00:00"
"RocketReports","MINT0580",20.0000,200,0,5,195,0.0000,0,0,0,0,0.0000,0,0,0,0,0.0000,0,0,0,0,0.0000,0,0,0,0,"2021-07-13 21:00:00"
"RocketReports","MINT0581",20.0000,183,0,81,102,0.0000,0,0,0,0,0.0000,0,0,0,0,0.0000,0,0,0,0,0.0000,0,0,0,0,"2021-07-13 21:00:00"
"RocketReports","MINT0582",20.0000,196,0,142,54,0.0000,0,0,0,0,0.0000,0,0,0,0,0.0000,0,0,0,0,0.0000,0,0,0,0,"2021-07-13 21:00:00"
"RocketReports","MINT0583",20.0000,43,0,8,35,0.0000,0,0,0,0,0.0000,0,0,0,0,0.0000,0,0,0,0,0.0000,0,0,0,0,"2021-07-13 21:00:00"
"RocketReports","MINT0584",20.0000,167,0,62,105,0.0000,0,0,0,0,0.0000,0,0,0,0,0.0000,0,0,0,0,0.0000,0,0,0,0,"2021-07-13 21:00:00"
"RocketReports","MINT0585",20.0000,5475,0,5357,118,0.0000,0,0,0,0,0.0000,0,0,0,0,0.0000,0,0,0,0,0.0000,0,0,0,0,"2021-07-13 21:00:00"
"RocketReports","MINT0586",20.0000,1046,0,1006,40,0.0000,0,0,0,0,0.0000,0,0,0,0,0.0000,0,0,0,0,0.0000,0,0,0,0,"2021-07-13 21:00:00"
"RocketReports","MINT0587",20.0000,25,0,0,25,0.0000,0,0,0,0,0.0000,0,0,0,0,0.0000,0,0,0,0,0.0000,0,0,0,0,"2021-07-13 21:00:00"
"RocketReports","MINT0588",20.0000,115,0,115,0,0.0000,0,0,0,0,0.0000,0,0,0,0,0.0000,0,0,0,0,0.0000,0,0,0,0,"2021-07-13 21:00:00"
"RocketReports","MINT0589",20.0000,150,0,127,23,0.0000,0,0,0,0,0.0000,0,0,0,0,0.0000,0,0,0,0,0.0000,0,0,0,0,"2021-07-13 21:00:00"
"RocketReports","MINT0590",20.0000,705,0,643,62,0.0000,0,0,0,0,0.0000,0,0,0,0,0.0000,0,0,0,0,0.0000,0,0,0,0,"2021-07-13 21:00:00"
"RocketReports","MINT0591",20.0000,350,0,280,70,0.0000,0,0,0,0,0.0000,0,0,0,0,0.0000,0,0,0,0,0.0000,0,0,0,0,"2021-07-13 21:00:00"
"RocketReports","MINT0592",20.0000,80,0,28,52,0.0000,0,0,0,0,0.0000,0,0,0,0,0.0000,0,0,0,0,0.0000,0,0,0,0,"2021-07-13 21:00:00"
"RocketReports","MINT0593",20.0000,80,0,5,75,0.0000,0,0,0,0,0.0000,0,0,0,0,0.0000,0,0,0,0,0.0000,0,0,0,0,"2021-07-13 21:00:00"
"RocketReports","MINT0594",20.0000,43,0,2,41,0.0000,0,0,0,0,0.0000,0,0,0,0,0.0000,0,0,0,0,0.0000,0,0,0,0,"2021-07-13 21:00:00"
"RocketReports","MINT0595",20.0000,50,0,23,27,0.0000,0,0,0,0,0.0000,0,0,0,0,0.0000,0,0,0,0,0.0000,0,0,0,0,"2021-07-13 21:00:00"
"RocketReports","MINT0596",20.0000,3201,0,3121,80,0.0000,0,0,0,0,0.0000,0,0,0,0,0.0000,0,0,0,0,0.0000,0,0,0,0,"2021-07-13 21:00:00"
"RocketReports","MINT0597",20.0000,54,0,12,42,0.0000,0,0,0,0,0.0000,0,0,0,0,0.0000,0,0,0,0,0.0000,0,0,0,0,"2021-07-13 21:00:00"
"RocketReports","MINT0598",20.0000,79,0,27,52,0.0000,0,0,0,0,0.0000,0,0,0,0,0.0000,0,0,0,0,0.0000,0,0,0,0,"2021-07-13 21:00:00"
"RocketReports","MINT0599",20.0000,4354,0,3728,626,0.0000,0,0,0,0,0.0000,0,0,0,0,0.0000,0,0,0,0,0.0000,0,0,0,0,"2021-07-13 21:00:00"
"RocketReports","MINT0600",20.0000,243,0,141,102,0.0000,0,0,0,0,0.0000,0,0,0,0,0.0000,0,0,0,0,0.0000,0,0,0,0,"2021-07-13 21:00:00"
"RocketReports","MINT0601",20.0000,578,0,533,45,0.0000,0,0,0,0,0.0000,0,0,0,0,0.0000,0,0,0,0,0.0000,0,0,0,0,"2021-07-13 21:00:00"
"RocketReports","MINT0602",20.0000,494,0,408,86,0.0000,0,0,0,0,0.0000,0,0,0,0,0.0000,0,0,0,0,0.0000,0,0,0,0,"2021-07-13 21:00:00"
"RocketReports","MINT0603",20.0000,598,0,413,185,0.0000,0,0,0,0,0.0000,0,0,0,0,0.0000,0,0,0,0,0.0000,0,0,0,0,"2021-07-13 21:00:00"
"RocketReports","MINT0604",20.0000,195,0,75,120,0.0000,0,0,0,0,0.0000,0,0,0,0,0.0000,0,0,0,0,0.0000,0,0,0,0,"2021-07-13 21:00:00"
"RocketReports","MINT0606",20.0000,225,0,136,89,0.0000,0,0,0,0,0.0000,0,0,0,0,0.0000,0,0,0,0,0.0000,0,0,0,0,"2021-07-13 21:00:00"
"RocketReports","MINT0608",20.0000,548,0,497,51,0.0000,0,0,0,0,0.0000,0,0,0,0,0.0000,0,0,0,0,0.0000,0,0,0,0,"2021-07-13 21:00:00"
"RocketReports","MINT0609",20.0000,375,0,72,303,0.0000,0,0,0,0,0.0000,0,0,0,0,0.0000,0,0,0,0,0.0000,0,0,0,0,"2021-07-13 21:00:00"
"RocketReports","MINT0610",20.0000,643,0,99,544,0.0000,0,0,0,0,0.0000,0,0,0,0,0.0000,0,0,0,0,0.0000,0,0,0,0,"2021-07-13 21:00:00"
"RocketReports","MINT0611",20.0000,1412,0,1387,25,0.0000,0,0,0,0,0.0000,0,0,0,0,0.0000,0,0,0,0,0.0000,0,0,0,0,"2021-07-13 21:00:00"
"RocketReports","MINT0614",20.0000,50,0,29,21,0.0000,0,0,0,0,0.0000,0,0,0,0,0.0000,0,0,0,0,0.0000,0,0,0,0,"2021-07-13 21:00:00"
"RocketReports","MINT0615",20.0000,48,0,15,33,0.0000,0,0,0,0,0.0000,0,0,0,0,0.0000,0,0,0,0,0.0000,0,0,0,0,"2021-07-13 21:00:00"
"RocketReports","MINT0707",20.0000,352,0,341,11,0.0000,0,0,0,0,0.0000,0,0,0,0,0.0000,0,0,0,0,0.0000,0,0,0,0,"2021-07-13 21:00:00"
"RocketReports","MINT0709",20.0000,927,0,925,2,0.0000,0,0,0,0,0.0000,0,0,0,0,0.0000,0,0,0,0,0.0000,0,0,0,0,"2021-07-13 21:00:00"
"RocketReports","MINT0820",20.0000,100,0,100,0,0.0000,0,0,0,0,0.0000,0,0,0,0,0.0000,0,0,0,0,0.0000,0,0,0,0,"2021-07-13 21:00:00"
"RocketReports","MINT0900",20.0000,85,0,12,73,0.0000,0,0,0,0,0.0000,0,0,0,0,0.0000,0,0,0,0,0.0000,0,0,0,0,"2021-07-13 21:00:00"
"RocketReports","MINT0901",20.0000,87,0,8,79,0.0000,0,0,0,0,0.0000,0,0,0,0,0.0000,0,0,0,0,0.0000,0,0,0,0,"2021-07-13 21:00:00"
"RocketReports","MINT0902",20.0000,100,0,43,57,0.0000,0,0,0,0,0.0000,0,0,0,0,0.0000,0,0,0,0,0.0000,0,0,0,0,"2021-07-13 21:00:00"
"RocketReports","MINT0903",20.0000,83,0,0,83,0.0000,0,0,0,0,0.0000,0,0,0,0,0.0000,0,0,0,0,0.0000,0,0,0,0,"2021-07-13 21:00:00"
"RocketReports","MINT0904",20.0000,1,0,0,1,0.0000,0,0,0,0,0.0000,0,0,0,0,0.0000,0,0,0,0,0.0000,0,0,0,0,"2021-07-13 21:00:00"
"RocketReports","MINT0905",20.0000,80,0,32,48,0.0000,0,0,0,0,0.0000,0,0,0,0,0.0000,0,0,0,0,0.0000,0,0,0,0,"2021-07-13 21:00:00"
"RocketReports","MINT0906",20.0000,97,0,40,57,0.0000,0,0,0,0,0.0000,0,0,0,0,0.0000,0,0,0,0,0.0000,0,0,0,0,"2021-07-13 21:00:00"
"RocketReports","MINT0907",20.0000,81,0,0,81,0.0000,0,0,0,0,0.0000,0,0,0,0,0.0000,0,0,0,0,0.0000,0,0,0,0,"2021-07-13 21:00:00"
"RocketReports","MINT0908",20.0000,112,0,10,102,0.0000,0,0,0,0,0.0000,0,0,0,0,0.0000,0,0,0,0,0.0000,0,0,0,0,"2021-07-13 21:00:00"
"RocketReports","MINT0909",20.0000,117,0,23,94,0.0000,0,0,0,0,0.0000,0,0,0,0,0.0000,0,0,0,0,0.0000,0,0,0,0,"2021-07-13 21:00:00"
"RocketReports","MINT0910",20.0000,130,0,67,63,0.0000,0,0,0,0,0.0000,0,0,0,0,0.0000,0,0,0,0,0.0000,0,0,0,0,"2021-07-13 21:00:00"
"RocketReports","MINT0912",20.0000,265,0,214,51,0.0000,0,0,0,0,0.0000,0,0,0,0,0.0000,0,0,0,0,0.0000,0,0,0,0,"2021-07-13 21:00:00"
"RocketReports","MINT0913",20.0000,329,0,92,237,0.0000,0,0,0,0,0.0000,0,0,0,0,0.0000,0,0,0,0,0.0000,0,0,0,0,"2021-07-13 21:00:00"
"RocketReports","MINT0914",20.0000,89,0,52,37,0.0000,0,0,0,0,0.0000,0,0,0,0,0.0000,0,0,0,0,0.0000,0,0,0,0,"2021-07-13 21:00:00"
"RocketReports","MINT0915",20.0000,80,0,8,72,0.0000,0,0,0,0,0.0000,0,0,0,0,0.0000,0,0,0,0,0.0000,0,0,0,0,"2021-07-13 21:00:00"
"RocketReports","MINT0916",20.0000,161,0,17,144,0.0000,0,0,0,0,0.0000,0,0,0,0,0.0000,0,0,0,0,0.0000,0,0,0,0,"2021-07-13 21:00:00"
"RocketReports","MINT0917",20.0000,82,0,13,69,0.0000,0,0,0,0,0.0000,0,0,0,0,0.0000,0,0,0,0,0.0000,0,0,0,0,"2021-07-13 21:00:00"
"RocketReports","MINT0918",20.0000,100,0,67,33,0.0000,0,0,0,0,0.0000,0,0,0,0,0.0000,0,0,0,0,0.0000,0,0,0,0,"2021-07-13 21:00:00"
"RocketReports","MINT0919",20.0000,293,0,0,293,0.0000,0,0,0,0,0.0000,0,0,0,0,0.0000,0,0,0,0,0.0000,0,0,0,0,"2021-07-13 21:00:00"
"RocketReports","MINT0920",20.0000,183,0,163,20,0.0000,0,0,0,0,0.0000,0,0,0,0,0.0000,0,0,0,0,0.0000,0,0,0,0,"2021-07-13 21:00:00"
"RocketReports","MINT0921",20.0000,107,0,14,93,0.0000,0,0,0,0,0.0000,0,0,0,0,0.0000,0,0,0,0,0.0000,0,0,0,0,"2021-07-13 21:00:00"
"RocketReports","MINT0922",20.0000,6188,0,6047,141,0.0000,0,0,0,0,0.0000,0,0,0,0,0.0000,0,0,0,0,0.0000,0,0,0,0,"2021-07-13 21:00:00"
"RocketReports","MINT0923",20.0000,101,0,99,2,0.0000,0,0,0,0,0.0000,0,0,0,0,0.0000,0,0,0,0,0.0000,0,0,0,0,"2021-07-13 21:00:00"
"RocketReports","MINT0924",20.0000,1,0,0,1,0.0000,0,0,0,0,0.0000,0,0,0,0,0.0000,0,0,0,0,0.0000,0,0,0,0,"2021-07-13 21:00:00"
"RocketReports","MINT0925",20.0000,148,0,20,128,0.0000,0,0,0,0,0.0000,0,0,0,0,0.0000,0,0,0,0,0.0000,0,0,0,0,"2021-07-13 21:00:00"
"RocketReports","MINT0926",20.0000,100,0,0,100,0.0000,0,0,0,0,0.0000,0,0,0,0,0.0000,0,0,0,0,0.0000,0,0,0,0,"2021-07-13 21:00:00"
"RocketReports","MINT1000",20.0000,599,0,543,56,0.0000,0,0,0,0,0.0000,0,0,0,0,0.0000,0,0,0,0,0.0000,0,0,0,0,"2021-07-13 21:00:00"
"RocketReports","MINT1001",20.0000,743,0,630,113,0.0000,0,0,0,0,0.0000,0,0,0,0,0.0000,0,0,0,0,0.0000,0,0,0,0,"2021-07-13 21:00:00"
"RocketReports","MINT1002",20.0000,410,0,270,140,0.0000,0,0,0,0,0.0000,0,0,0,0,0.0000,0,0,0,0,0.0000,0,0,0,0,"2021-07-13 21:00:00"
"RocketReports","MINT1003",20.0000,298,0,221,77,0.0000,0,0,0,0,0.0000,0,0,0,0,0.0000,0,0,0,0,0.0000,0,0,0,0,"2021-07-13 21:00:00"
"RocketReports","MINT1004",20.0000,1031,0,885,146,0.0000,0,0,0,0,0.0000,0,0,0,0,0.0000,0,0,0,0,0.0000,0,0,0,0,"2021-07-13 21:00:00"
"RocketReports","MINT1006",20.0000,600,0,508,92,0.0000,0,0,0,0,0.0000,0,0,0,0,0.0000,0,0,0,0,0.0000,0,0,0,0,"2021-07-13 21:00:00"
"RocketReports","MINT1007",20.0000,0,0,0,0,0.0000,0,0,0,0,0.0000,0,0,0,0,0.0000,0,0,0,0,0.0000,0,0,0,0,"2021-07-13 21:00:00"
"RocketReports","MINT1009",20.0000,2,0,0,2,0.0000,0,0,0,0,0.0000,0,0,0,0,0.0000,0,0,0,0,0.0000,0,0,0,0,"2021-07-13 21:00:00"
"RocketReports","MINT1010",20.0000,150,0,77,73,0.0000,0,0,0,0,0.0000,0,0,0,0,0.0000,0,0,0,0,0.0000,0,0,0,0,"2021-07-13 21:00:00"
"RocketReports","MINT1011",20.0000,150,0,45,105,0.0000,0,0,0,0,0.0000,0,0,0,0,0.0000,0,0,0,0,0.0000,0,0,0,0,"2021-07-13 21:00:00"
"RocketReports","MINT1012",20.0000,6417,0,6254,163,0.0000,0,0,0,0,0.0000,0,0,0,0,0.0000,0,0,0,0,0.0000,0,0,0,0,"2021-07-13 21:00:00"
"RocketReports","MINT1014",20.0000,2898,0,2873,25,0.0000,0,0,0,0,0.0000,0,0,0,0,0.0000,0,0,0,0,0.0000,0,0,0,0,"2021-07-13 21:00:00"
"RocketReports","MINT1015",20.0000,200,0,35,165,0.0000,0,0,0,0,0.0000,0,0,0,0,0.0000,0,0,0,0,0.0000,0,0,0,0,"2021-07-13 21:00:00"
"RocketReports","MINT1016",20.0000,216,0,89,127,0.0000,0,0,0,0,0.0000,0,0,0,0,0.0000,0,0,0,0,0.0000,0,0,0,0,"2021-07-13 21:00:00"
"RocketReports","MINT1017",20.0000,150,0,63,87,0.0000,0,0,0,0,0.0000,0,0,0,0,0.0000,0,0,0,0,0.0000,0,0,0,0,"2021-07-13 21:00:00"
"RocketReports","MINT1018",20.0000,100,0,34,66,0.0000,0,0,0,0,0.0000,0,0,0,0,0.0000,0,0,0,0,0.0000,0,0,0,0,"2021-07-13 21:00:00"
"RocketReports","MINT1019",20.0000,136,0,69,67,0.0000,0,0,0,0,0.0000,0,0,0,0,0.0000,0,0,0,0,0.0000,0,0,0,0,"2021-07-13 21:00:00"
"RocketReports","MINT1030",20.0000,50,0,12,38,0.0000,0,0,0,0,0.0000,0,0,0,0,0.0000,0,0,0,0,0.0000,0,0,0,0,"2021-07-13 21:00:00"
"RocketReports","MINT1041",20.0000,250,0,75,175,0.0000,0,0,0,0,0.0000,0,0,0,0,0.0000,0,0,0,0,0.0000,0,0,0,0,"2021-07-13 21:00:00"
"RocketReports","MINT1050",20.0000,4264,0,4139,125,0.0000,0,0,0,0,0.0000,0,0,0,0,0.0000,0,0,0,0,0.0000,0,0,0,0,"2021-07-13 21:00:00"
"RocketReports","MINT1061",20.0000,150,0,115,35,0.0000,0,0,0,0,0.0000,0,0,0,0,0.0000,0,0,0,0,0.0000,0,0,0,0,"2021-07-13 21:00:00"
"RocketReports","MINT1062",20.0000,150,0,60,90,0.0000,0,0,0,0,0.0000,0,0,0,0,0.0000,0,0,0,0,0.0000,0,0,0,0,"2021-07-13 21:00:00"
"RocketReports","MINT1063",20.0000,296,0,143,153,0.0000,0,0,0,0,0.0000,0,0,0,0,0.0000,0,0,0,0,0.0000,0,0,0,0,"2021-07-13 21:00:00"
"RocketReports","MINT1066",20.0000,154,0,80,74,0.0000,0,0,0,0,0.0000,0,0,0,0,0.0000,0,0,0,0,0.0000,0,0,0,0,"2021-07-13 21:00:00"
"RocketReports","MINT1067",20.0000,100,0,1,99,0.0000,0,0,0,0,0.0000,0,0,0,0,0.0000,0,0,0,0,0.0000,0,0,0,0,"2021-07-13 21:00:00"
"RocketReports","MINT1068",20.0000,345,0,97,248,0.0000,0,0,0,0,0.0000,0,0,0,0,0.0000,0,0,0,0,0.0000,0,0,0,0,"2021-07-13 21:00:00"
"RocketReports","MINT1069",20.0000,171,0,117,54,0.0000,0,0,0,0,0.0000,0,0,0,0,0.0000,0,0,0,0,0.0000,0,0,0,0,"2021-07-13 21:00:00"
"RocketReports","MINT1070",20.0000,75,0,75,0,0.0000,0,0,0,0,0.0000,0,0,0,0,0.0000,0,0,0,0,0.0000,0,0,0,0,"2021-07-13 21:00:00"
"RocketReports","MINT1071",20.0000,106,0,47,59,0.0000,0,0,0,0,0.0000,0,0,0,0,0.0000,0,0,0,0,0.0000,0,0,0,0,"2021-07-13 21:00:00"
"RocketReports","MINT1072",20.0000,90,0,81,9,0.0000,0,0,0,0,0.0000,0,0,0,0,0.0000,0,0,0,0,0.0000,0,0,0,0,"2021-07-13 21:00:00"
"RocketReports","MINT1073",20.0000,134,0,83,51,0.0000,0,0,0,0,0.0000,0,0,0,0,0.0000,0,0,0,0,0.0000,0,0,0,0,"2021-07-13 21:00:00"
"RocketReports","MINT1074",20.0000,6383,0,6374,9,0.0000,0,0,0,0,0.0000,0,0,0,0,0.0000,0,0,0,0,0.0000,0,0,0,0,"2021-07-13 21:00:00"
"RocketReports","MINT1075",20.0000,400,0,165,235,0.0000,0,0,0,0,0.0000,0,0,0,0,0.0000,0,0,0,0,0.0000,0,0,0,0,"2021-07-13 21:00:00"
"RocketReports","MINT1076",20.0000,500,0,80,420,0.0000,0,0,0,0,0.0000,0,0,0,0,0.0000,0,0,0,0,0.0000,0,0,0,0,"2021-07-13 21:00:00"
"RocketReports","MINT1077",20.0000,500,0,92,408,0.0000,0,0,0,0,0.0000,0,0,0,0,0.0000,0,0,0,0,0.0000,0,0,0,0,"2021-07-13 21:00:00"
"RocketReports","MINT1078",20.0000,1054,0,967,87,0.0000,0,0,0,0,0.0000,0,0,0,0,0.0000,0,0,0,0,0.0000,0,0,0,0,"2021-07-13 21:00:00"
"RocketReports","MINT1079",20.0000,19,0,0,19,0.0000,0,0,0,0,0.0000,0,0,0,0,0.0000,0,0,0,0,0.0000,0,0,0,0,"2021-07-13 21:00:00"
"RocketReports","MINT1080",20.0000,1856,0,1856,0,0.0000,0,0,0,0,0.0000,0,0,0,0,0.0000,0,0,0,0,0.0000,0,0,0,0,"2021-07-13 21:00:00"
"RocketReports","MINT1081",20.0000,66,0,46,20,0.0000,0,0,0,0,0.0000,0,0,0,0,0.0000,0,0,0,0,0.0000,0,0,0,0,"2021-07-13 21:00:00"
"RocketReports","MINT1082",20.0000,50,0,0,50,0.0000,0,0,0,0,0.0000,0,0,0,0,0.0000,0,0,0,0,0.0000,0,0,0,0,"2021-07-13 21:00:00"
"RocketReports","MINT1083",20.0000,238,0,16,222,0.0000,0,0,0,0,0.0000,0,0,0,0,0.0000,0,0,0,0,0.0000,0,0,0,0,"2021-07-13 21:00:00"
"RocketReports","MINT1084",20.0000,111,0,62,49,0.0000,0,0,0,0,0.0000,0,0,0,0,0.0000,0,0,0,0,0.0000,0,0,0,0,"2021-07-13 21:00:00"
"RocketReports","MINT1085",20.0000,344,0,231,113,0.0000,0,0,0,0,0.0000,0,0,0,0,0.0000,0,0,0,0,0.0000,0,0,0,0,"2021-07-13 21:00:00"
"RocketReports","MINT1086",20.0000,338,0,256,82,0.0000,0,0,0,0,0.0000,0,0,0,0,0.0000,0,0,0,0,0.0000,0,0,0,0,"2021-07-13 21:00:00"
"RocketReports","MINT1087",20.0000,348,0,263,85,0.0000,0,0,0,0,0.0000,0,0,0,0,0.0000,0,0,0,0,0.0000,0,0,0,0,"2021-07-13 21:00:00"
"RocketReports","MINT1090",20.0000,100,0,0,100,0.0000,0,0,0,0,0.0000,0,0,0,0,0.0000,0,0,0,0,0.0000,0,0,0,0,"2021-07-13 21:00:00"
"RocketReports","MINT1091",20.0000,202,0,10,192,0.0000,0,0,0,0,0.0000,0,0,0,0,0.0000,0,0,0,0,0.0000,0,0,0,0,"2021-07-13 21:00:00"
"RocketReports","MINT1092",20.0000,133,0,0,133,0.0000,0,0,0,0,0.0000,0,0,0,0,0.0000,0,0,0,0,0.0000,0,0,0,0,"2021-07-13 21:00:00"
"RocketReports","MINT1093",20.0000,500,0,62,438,0.0000,0,0,0,0,0.0000,0,0,0,0,0.0000,0,0,0,0,0.0000,0,0,0,0,"2021-07-13 21:00:00"
"RocketReports","MINT1094",20.0000,100,0,11,89,0.0000,0,0,0,0,0.0000,0,0,0,0,0.0000,0,0,0,0,0.0000,0,0,0,0,"2021-07-13 21:00:00"
"RocketReports","MINT2000",20.0000,12,0,11,1,0.0000,0,0,0,0,0.0000,0,0,0,0,0.0000,0,0,0,0,0.0000,0,0,0,0,"2021-07-13 21:00:00"
"RocketReports","MINT3000",20.0000,171,0,12,159,0.0000,0,0,0,0,0.0000,0,0,0,0,0.0000,0,0,0,0,0.0000,0,0,0,0,"2021-07-13 21:00:00"
"RocketReports","MINT3001",20.0000,179,0,59,120,0.0000,0,0,0,0,0.0000,0,0,0,0,0.0000,0,0,0,0,0.0000,0,0,0,0,"2021-07-13 21:00:00"
"RocketReports","MINT3002",20.0000,150,0,125,25,0.0000,0,0,0,0,0.0000,0,0,0,0,0.0000,0,0,0,0,0.0000,0,0,0,0,"2021-07-13 21:00:00"
"RocketReports","MINT3003",20.0000,110,0,107,3,0.0000,0,0,0,0,0.0000,0,0,0,0,0.0000,0,0,0,0,0.0000,0,0,0,0,"2021-07-13 21:00:00"
"RocketReports","MINT4000",20.0000,7277,0,6901,376,0.0000,0,0,0,0,0.0000,0,0,0,0,0.0000,0,0,0,0,0.0000,0,0,0,0,"2021-07-13 21:00:00"
"RocketReports","MINT4001",20.0000,394,0,97,297,0.0000,0,0,0,0,0.0000,0,0,0,0,0.0000,0,0,0,0,0.0000,0,0,0,0,"2021-07-13 21:00:00"
"RocketReports","MINT4002",20.0000,100,0,87,13,0.0000,0,0,0,0,0.0000,0,0,0,0,0.0000,0,0,0,0,0.0000,0,0,0,0,"2021-07-13 21:00:00"
"RocketReports","MINT4003",20.0000,494,0,35,459,0.0000,0,0,0,0,0.0000,0,0,0,0,0.0000,0,0,0,0,0.0000,0,0,0,0,"2021-07-13 21:00:00"
"RocketReports","MINT4004",20.0000,239,0,0,239,0.0000,0,0,0,0,0.0000,0,0,0,0,0.0000,0,0,0,0,0.0000,0,0,0,0,"2021-07-13 21:00:00"
"RocketReports","MINT4005",20.0000,2027,0,1374,653,0.0000,0,0,0,0,0.0000,0,0,0,0,0.0000,0,0,0,0,0.0000,0,0,0,0,"2021-07-13 21:00:00"
"RocketReports","MINT4006",20.0000,240,0,18,222,0.0000,0,0,0,0,0.0000,0,0,0,0,0.0000,0,0,0,0,0.0000,0,0,0,0,"2021-07-13 21:00:00"
"RocketReports","MINT4007",20.0000,1,0,0,1,0.0000,0,0,0,0,0.0000,0,0,0,0,0.0000,0,0,0,0,0.0000,0,0,0,0,"2021-07-13 21:00:00"
"RocketReports","MINT4008",20.0000,50,0,0,50,0.0000,0,0,0,0,0.0000,0,0,0,0,0.0000,0,0,0,0,0.0000,0,0,0,0,"2021-07-13 21:00:00"
"RocketReports","MINT4009",20.0000,1576,0,463,1113,0.0000,0,0,0,0,0.0000,0,0,0,0,0.0000,0,0,0,0,0.0000,0,0,0,0,"2021-07-13 21:00:00"
"RocketReports","MINT4010",20.0000,3070,0,2699,371,0.0000,0,0,0,0,0.0000,0,0,0,0,0.0000,0,0,0,0,0.0000,0,0,0,0,"2021-07-13 21:00:00"
"RocketReports","MINT4011",20.0000,534,0,40,494,0.0000,0,0,0,0,0.0000,0,0,0,0,0.0000,0,0,0,0,0.0000,0,0,0,0,"2021-07-13 21:00:00"
"RocketReports","MINT4012",20.0000,1246,0,1245,1,0.0000,0,0,0,0,0.0000,0,0,0,0,0.0000,0,0,0,0,0.0000,0,0,0,0,"2021-07-13 21:00:00"
"RocketReports","MINT4013",20.0000,25,0,10,15,0.0000,0,0,0,0,0.0000,0,0,0,0,0.0000,0,0,0,0,0.0000,0,0,0,0,"2021-07-13 21:00:00"
"RocketReports","MINT4014",20.0000,481,0,68,413,0.0000,0,0,0,0,0.0000,0,0,0,0,0.0000,0,0,0,0,0.0000,0,0,0,0,"2021-07-13 21:00:00"
"RocketReports","MINT4015",20.0000,400,0,102,298,0.0000,0,0,0,0,0.0000,0,0,0,0,0.0000,0,0,0,0,0.0000,0,0,0,0,"2021-07-13 21:00:00"
"RocketReports","MINT4016",20.0000,100,0,68,32,0.0000,0,0,0,0,0.0000,0,0,0,0,0.0000,0,0,0,0,0.0000,0,0,0,0,"2021-07-13 21:00:00"
"RocketReports","MINT4018",20.0000,166,0,35,131,0.0000,0,0,0,0,0.0000,0,0,0,0,0.0000,0,0,0,0,0.0000,0,0,0,0,"2021-07-13 21:00:00"
"RocketReports","MINT4019",20.0000,98,0,73,25,0.0000,0,0,0,0,0.0000,0,0,0,0,0.0000,0,0,0,0,0.0000,0,0,0,0,"2021-07-13 21:00:00"
"RocketReports","MINT4020",20.0000,102,0,102,0,0.0000,0,0,0,0,0.0000,0,0,0,0,0.0000,0,0,0,0,0.0000,0,0,0,0,"2021-07-13 21:00:00"
"RocketReports","MINT4021",20.0000,509,0,448,61,0.0000,0,0,0,0,0.0000,0,0,0,0,0.0000,0,0,0,0,0.0000,0,0,0,0,"2021-07-13 21:00:00"
"RocketReports","MINT4022",20.0000,713,0,161,552,0.0000,0,0,0,0,0.0000,0,0,0,0,0.0000,0,0,0,0,0.0000,0,0,0,0,"2021-07-13 21:00:00"
"RocketReports","MINT4023",20.0000,301,0,60,241,0.0000,0,0,0,0,0.0000,0,0,0,0,0.0000,0,0,0,0,0.0000,0,0,0,0,"2021-07-13 21:00:00"
"RocketReports","MINT4024",20.0000,864,0,291,573,0.0000,0,0,0,0,0.0000,0,0,0,0,0.0000,0,0,0,0,0.0000,0,0,0,0,"2021-07-13 21:00:00"
"RocketReports","MINT4025",20.0000,502,0,251,251,0.0000,0,0,0,0,0.0000,0,0,0,0,0.0000,0,0,0,0,0.0000,0,0,0,0,"2021-07-13 21:00:00"
"RocketReports","MINT4026",20.0000,204,0,154,50,0.0000,0,0,0,0,0.0000,0,0,0,0,0.0000,0,0,0,0,0.0000,0,0,0,0,"2021-07-13 21:00:00"
"RocketReports","MINT4027",20.0000,250,0,32,218,0.0000,0,0,0,0,0.0000,0,0,0,0,0.0000,0,0,0,0,0.0000,0,0,0,0,"2021-07-13 21:00:00"
"RocketReports","MINT4028",20.0000,96,0,61,35,0.0000,0,0,0,0,0.0000,0,0,0,0,0.0000,0,0,0,0,0.0000,0,0,0,0,"2021-07-13 21:00:00"
"RocketReports","MINT4029",20.0000,250,0,0,250,0.0000,0,0,0,0,0.0000,0,0,0,0,0.0000,0,0,0,0,0.0000,0,0,0,0,"2021-07-13 21:00:00"
"RocketReports","MINT4030",20.0000,197,0,185,12,0.0000,0,0,0,0,0.0000,0,0,0,0,0.0000,0,0,0,0,0.0000,0,0,0,0,"2021-07-13 21:00:00"
"RocketReports","MINT4031",20.0000,5967,0,5775,192,0.0000,0,0,0,0,0.0000,0,0,0,0,0.0000,0,0,0,0,0.0000,0,0,0,0,"2021-07-13 21:00:00"
"RocketReports","MINT4032",20.0000,100,0,0,100,0.0000,0,0,0,0,0.0000,0,0,0,0,0.0000,0,0,0,0,0.0000,0,0,0,0,"2021-07-13 21:00:00"
"RocketReports","MINT4033",20.0000,477,0,82,395,0.0000,0,0,0,0,0.0000,0,0,0,0,0.0000,0,0,0,0,0.0000,0,0,0,0,"2021-07-13 21:00:00"
"RocketReports","MINT4034",20.0000,25,0,25,0,0.0000,0,0,0,0,0.0000,0,0,0,0,0.0000,0,0,0,0,0.0000,0,0,0,0,"2021-07-13 21:00:00"
"RocketReports","MINT4035",20.0000,157,0,113,44,0.0000,0,0,0,0,0.0000,0,0,0,0,0.0000,0,0,0,0,0.0000,0,0,0,0,"2021-07-13 21:00:00"
"RocketReports","MINT4036",20.0000,1234,0,1162,72,0.0000,0,0,0,0,0.0000,0,0,0,0,0.0000,0,0,0,0,0.0000,0,0,0,0,"2021-07-13 21:00:00"
"RocketReports","MINT4037",20.0000,44,0,44,0,0.0000,0,0,0,0,0.0000,0,0,0,0,0.0000,0,0,0,0,0.0000,0,0,0,0,"2021-07-13 21:00:00"
"RocketReports","MINT5000",20.0000,398,0,207,191,0.0000,0,0,0,0,0.0000,0,0,0,0,0.0000,0,0,0,0,0.0000,0,0,0,0,"2021-07-13 21:00:00"
"RocketReports","MINT5001",20.0000,479,0,220,259,0.0000,0,0,0,0,0.0000,0,0,0,0,0.0000,0,0,0,0,0.0000,0,0,0,0,"2021-07-13 21:00:00"
"RocketReports","MINT5002",20.0000,540,0,99,441,0.0000,0,0,0,0,0.0000,0,0,0,0,0.0000,0,0,0,0,0.0000,0,0,0,0,"2021-07-13 21:00:00"
"RocketReports","MINT5003",20.0000,58,0,29,29,0.0000,0,0,0,0,0.0000,0,0,0,0,0.0000,0,0,0,0,0.0000,0,0,0,0,"2021-07-13 21:00:00"
"RocketReports","MINT5004",20.0000,122,0,71,51,0.0000,0,0,0,0,0.0000,0,0,0,0,0.0000,0,0,0,0,0.0000,0,0,0,0,"2021-07-13 21:00:00"
"RocketReports","MINT5005",20.0000,148,0,106,42,0.0000,0,0,0,0,0.0000,0,0,0,0,0.0000,0,0,0,0,0.0000,0,0,0,0,"2021-07-13 21:00:00"
"RocketReports","MINT5006",20.0000,50,0,20,30,0.0000,0,0,0,0,0.0000,0,0,0,0,0.0000,0,0,0,0,0.0000,0,0,0,0,"2021-07-13 21:00:00"
"RocketReports","MINT5007",20.0000,132,0,10,122,0.0000,0,0,0,0,0.0000,0,0,0,0,0.0000,0,0,0,0,0.0000,0,0,0,0,"2021-07-13 21:00:00"
"RocketReports","MINT9997",20.0000,50,0,0,50,0.0000,0,0,0,0,0.0000,0,0,0,0,0.0000,0,0,0,0,0.0000,0,0,0,0,"2021-07-13 21:00:00"
"RocketReports","MINT9998",20.0000,50,0,0,50,0.0000,0,0,0,0,0.0000,0,0,0,0,0.0000,0,0,0,0,0.0000,0,0,0,0,"2021-07-13 21:00:00"
"RocketReports","MINT9999",20.0000,50,0,0,50,0.0000,0,0,0,0,0.0000,0,0,0,0,0.0000,0,0,0,0,0.0000,0,0,0,0,"2021-07-13 21:00:00"
"RocketReports","MINT9999",0.0000,0,0,0,0,20.0000,100,0,0,100,0.0000,0,0,0,0,0.0000,0,0,0,0,0.0000,0,0,0,0,"2021-07-13 21:00:00"
"RocketReports","MINTHI11",20.0000,500,0,0,500,0.0000,0,0,0,0,0.0000,0,0,0,0,0.0000,0,0,0,0,0.0000,0,0,0,0,"2021-07-13 21:00:00"
"RocketReports","MINTHI21",20.0000,325,0,45,280,0.0000,0,0,0,0,0.0000,0,0,0,0,0.0000,0,0,0,0,0.0000,0,0,0,0,"2021-07-13 21:00:00"
"RocketReports","MINTHI21",0.0000,0,0,0,0,20.0000,325,0,35,290,0.0000,0,0,0,0,0.0000,0,0,0,0,0.0000,0,0,0,0,"2021-07-13 21:00:00"
"RocketReports","MINTHI31",20.0000,500,0,419,81,0.0000,0,0,0,0,0.0000,0,0,0,0,0.0000,0,0,0,0,0.0000,0,0,0,0,"2021-07-13 21:00:00"
"RocketReports","MINTHI31",0.0000,0,0,0,0,20.0000,500,0,409,91,0.0000,0,0,0,0,0.0000,0,0,0,0,0.0000,0,0,0,0,"2021-07-13 21:00:00"
"RocketReports","MINTHI32",20.0000,391,0,42,349,0.0000,0,0,0,0,0.0000,0,0,0,0,0.0000,0,0,0,0,0.0000,0,0,0,0,"2021-07-13 21:00:00"
"RocketReports","MINTHI41",20.0000,700,0,492,208,0.0000,0,0,0,0,0.0000,0,0,0,0,0.0000,0,0,0,0,0.0000,0,0,0,0,"2021-07-13 21:00:00"
"RocketReports","MINTHI42",20.0000,119,0,64,55,0.0000,0,0,0,0,0.0000,0,0,0,0,0.0000,0,0,0,0,0.0000,0,0,0,0,"2021-07-13 21:00:00"
"RocketReports","MINTHI51",20.0000,355,0,66,289,0.0000,0,0,0,0,0.0000,0,0,0,0,0.0000,0,0,0,0,0.0000,0,0,0,0,"2021-07-13 21:00:00"
"RocketReports","MINTHI51",0.0000,0,0,0,0,20.0000,357,0,72,285,0.0000,0,0,0,0,0.0000,0,0,0,0,0.0000,0,0,0,0,"2021-07-13 21:00:00"
"RocketReports","MINTHI52",20.0000,300,0,5,295,0.0000,0,0,0,0,0.0000,0,0,0,0,0.0000,0,0,0,0,0.0000,0,0,0,0,"2021-07-13 21:00:00"
"RocketReports","MINTHI61",20.0000,286,0,58,228,0.0000,0,0,0,0,0.0000,0,0,0,0,0.0000,0,0,0,0,0.0000,0,0,0,0,"2021-07-13 21:00:00"
"RocketReports","MINTHI61",0.0000,0,0,0,0,20.0000,287,0,58,229,0.0000,0,0,0,0,0.0000,0,0,0,0,0.0000,0,0,0,0,"2021-07-13 21:00:00"
"RocketReports","MINTHI62",20.0000,612,0,171,441,0.0000,0,0,0,0,0.0000,0,0,0,0,0.0000,0,0,0,0,0.0000,0,0,0,0,"2021-07-13 21:00:00"
"RocketReports","MINTHI71",20.0000,2400,0,2268,132,0.0000,0,0,0,0,0.0000,0,0,0,0,0.0000,0,0,0,0,0.0000,0,0,0,0,"2021-07-13 21:00:00"
"RocketReports","MINTHI71",0.0000,0,0,0,0,20.0000,0,0,0,0,0.0000,0,0,0,0,0.0000,0,0,0,0,0.0000,0,0,0,0,"2021-07-13 21:00:00"
"RocketReports","MINTPLB1",20.0000,192,0,33,159,0.0000,0,0,0,0,0.0000,0,0,0,0,0.0000,0,0,0,0,0.0000,0,0,0,0,"2021-07-13 21:00:00"
"RocketReports","MINTPLB2",20.0000,147,0,18,129,0.0000,0,0,0,0,0.0000,0,0,0,0,0.0000,0,0,0,0,0.0000,0,0,0,0,"2021-07-13 21:00:00"
"RocketReports","MINTPLB3",20.0000,256,0,16,240,0.0000,0,0,0,0,0.0000,0,0,0,0,0.0000,0,0,0,0,0.0000,0,0,0,0,"2021-07-13 21:00:00"
"RocketReports","MINTPLB4",20.0000,350,0,54,296,0.0000,0,0,0,0,0.0000,0,0,0,0,0.0000,0,0,0,0,0.0000,0,0,0,0,"2021-07-13 21:00:00"
"RocketReports","MINTPLB5",20.0000,350,0,14,336,0.0000,0,0,0,0,0.0000,0,0,0,0,0.0000,0,0,0,0,0.0000,0,0,0,0,"2021-07-13 21:00:00"
"RocketReports","MINTPMH1",20.0000,450,0,396,54,0.0000,0,0,0,0,0.0000,0,0,0,0,0.0000,0,0,0,0,0.0000,0,0,0,0,"2021-07-13 21:00:00"
"RocketReports","MINTPMH2",20.0000,544,0,439,105,0.0000,0,0,0,0,0.0000,0,0,0,0,0.0000,0,0,0,0,0.0000,0,0,0,0,"2021-07-13 21:00:00"
"RocketReports","MINTPMH3",20.0000,250,0,124,126,0.0000,0,0,0,0,0.0000,0,0,0,0,0.0000,0,0,0,0,0.0000,0,0,0,0,"2021-07-13 21:00:00"
"RocketReports","TNS5GBZ3",20.0000,622,0,165,457,0.0000,0,0,0,0,0.0000,0,0,0,0,0.0000,0,0,0,0,0.0000,0,0,0,0,"2021-07-13 21:00:00"
"RocketReports","TNS5GBZ4",20.0000,149,0,10,139,0.0000,0,0,0,0,0.0000,0,0,0,0,0.0000,0,0,0,0,0.0000,0,0,0,0,"2021-07-13 21:00:00"
