"MintATM","MINT0009",35,27,0.7714,8,0.2285,3,2,1,0,0,0,2
"MintATM","MINT0010",50,46,0.9200,4,0.0800,3,1,0,0,0,0,0
"MintATM","MINT0026",8,6,0.7500,2,0.2500,2,0,0,0,0,0,0
"MintATM","MINT0028",1,0,0.0000,1,1.0000,1,0,0,0,0,0,0
"MintATM","MINT0032",10,10,1.0000,0,0.0000,0,0,0,0,0,0,0
"MintATM","MINT0034",6,6,1.0000,0,0.0000,0,0,0,0,0,0,0
"MintATM","MINT0041",5,5,1.0000,0,0.0000,0,0,0,0,0,0,0
"MintATM","MINT0042",13,5,0.3846,8,0.6153,4,0,1,0,0,0,3
"MintATM","MINT0050",1,1,1.0000,0,0.0000,0,0,0,0,0,0,0
"MintATM","MINT0054",2,2,1.0000,0,0.0000,0,0,0,0,0,0,0
"MintATM","MINT0056",4,4,1.0000,0,0.0000,0,0,0,0,0,0,0
"MintATM","MINT0058",5,4,0.8000,1,0.2000,0,0,0,0,0,0,1
"MintATM","MINT0059",1,1,1.0000,0,0.0000,0,0,0,0,0,0,0
"MintATM","MINT0062",10,9,0.9000,1,0.1000,1,0,0,0,0,0,0
"MintATM","MINT0063",3,3,1.0000,0,0.0000,0,0,0,0,0,0,0
"MintATM","MINT0065",2,2,1.0000,0,0.0000,0,0,0,0,0,0,0
"MintATM","MINT0067",3,3,1.0000,0,0.0000,0,0,0,0,0,0,0
"MintATM","MINT0069",15,15,1.0000,0,0.0000,0,0,0,0,0,0,0
"MintATM","MINT0106",1,1,1.0000,0,0.0000,0,0,0,0,0,0,0
"MintATM","MINT0108",6,6,1.0000,0,0.0000,0,0,0,0,0,0,0
"MintATM","MINT0109",3,3,1.0000,0,0.0000,0,0,0,0,0,0,0
"MintATM","MINT0116",1,1,1.0000,0,0.0000,0,0,0,0,0,0,0
"MintATM","MINT0121",4,2,0.5000,2,0.5000,0,0,0,0,0,0,2
"MintATM","MINT0126",1,1,1.0000,0,0.0000,0,0,0,0,0,0,0
"MintATM","MINT0127",4,2,0.5000,2,0.5000,2,0,0,0,0,0,0
"MintATM","MINT0133",1,1,1.0000,0,0.0000,0,0,0,0,0,0,0
"MintATM","MINT0135",2,2,1.0000,0,0.0000,0,0,0,0,0,0,0
"MintATM","MINT0137",6,5,0.8333,1,0.1666,1,0,0,0,0,0,0
"MintATM","MINT0144",3,3,1.0000,0,0.0000,0,0,0,0,0,0,0
"MintATM","MINT0145",2,2,1.0000,0,0.0000,0,0,0,0,0,0,0
"MintATM","MINT0149",1,1,1.0000,0,0.0000,0,0,0,0,0,0,0
"MintATM","MINT0152",5,3,0.6000,2,0.4000,2,0,0,0,0,0,0
"MintATM","MINT0154",11,10,0.9090,1,0.0909,1,0,0,0,0,0,0
"MintATM","MINT0156",1,0,0.0000,1,1.0000,1,0,0,0,0,0,0
"MintATM","MINT0157",4,4,1.0000,0,0.0000,0,0,0,0,0,0,0
"MintATM","MINT0160",1,1,1.0000,0,0.0000,0,0,0,0,0,0,0
"MintATM","MINT0206",1,1,1.0000,0,0.0000,0,0,0,0,0,0,0
"MintATM","MINT0207",3,3,1.0000,0,0.0000,0,0,0,0,0,0,0
"MintATM","MINT0209",1,1,1.0000,0,0.0000,0,0,0,0,0,0,0
"MintATM","MINT0305",2,2,1.0000,0,0.0000,0,0,0,0,0,0,0
"MintATM","MINT0352",1,1,1.0000,0,0.0000,0,0,0,0,0,0,0
"MintATM","MINT0353",10,9,0.9000,1,0.1000,0,0,0,0,0,0,1
"MintATM","MINT0356",5,5,1.0000,0,0.0000,0,0,0,0,0,0,0
"MintATM","MINT0357",1,1,1.0000,0,0.0000,0,0,0,0,0,0,0
"MintATM","MINT0358",4,4,1.0000,0,0.0000,0,0,0,0,0,0,0
"MintATM","MINT0360",3,3,1.0000,0,0.0000,0,0,0,0,0,0,0
"MintATM","MINT0402",2,1,0.5000,1,0.5000,1,0,0,0,0,0,0
"MintATM","MINT0411",3,3,1.0000,0,0.0000,0,0,0,0,0,0,0
"MintATM","MINT0413",5,1,0.2000,4,0.8000,4,0,0,0,0,0,0
"MintATM","MINT0494",13,12,0.9230,1,0.0769,0,0,0,0,0,0,1
"MintATM","MINT0495",3,1,0.3333,2,0.6666,0,2,0,0,0,0,0
"MintATM","MINT0496",13,13,1.0000,0,0.0000,0,0,0,0,0,0,0
"MintATM","MINT0499",2,2,1.0000,0,0.0000,0,0,0,0,0,0,0
"MintATM","MINT0504",1,1,1.0000,0,0.0000,0,0,0,0,0,0,0
"MintATM","MINT0508",53,47,0.8867,6,0.1132,4,1,0,0,0,0,1
"MintATM","MINT0527",4,4,1.0000,0,0.0000,0,0,0,0,0,0,0
"MintATM","MINT0531",2,1,0.5000,1,0.5000,0,1,0,0,0,0,0
"MintATM","MINT0532",16,16,1.0000,0,0.0000,0,0,0,0,0,0,0
"MintATM","MINT0533",14,13,0.9285,1,0.0714,0,0,0,0,0,0,1
"MintATM","MINT0534",8,5,0.6250,3,0.3750,0,0,0,0,0,0,3
"MintATM","MINT0539",1,1,1.0000,0,0.0000,0,0,0,0,0,0,0
"MintATM","MINT0540",2,2,1.0000,0,0.0000,0,0,0,0,0,0,0
"MintATM","MINT0542",1,1,1.0000,0,0.0000,0,0,0,0,0,0,0
"MintATM","MINT0545",3,3,1.0000,0,0.0000,0,0,0,0,0,0,0
"MintATM","MINT0546",7,7,1.0000,0,0.0000,0,0,0,0,0,0,0
"MintATM","MINT0547",1,1,1.0000,0,0.0000,0,0,0,0,0,0,0
"MintATM","MINT0548",2,2,1.0000,0,0.0000,0,0,0,0,0,0,0
"MintATM","MINT0550",15,15,1.0000,0,0.0000,0,0,0,0,0,0,0
"MintATM","MINT0554",1,1,1.0000,0,0.0000,0,0,0,0,0,0,0
"MintATM","MINT0555",4,4,1.0000,0,0.0000,0,0,0,0,0,0,0
"MintATM","MINT0557",2,2,1.0000,0,0.0000,0,0,0,0,0,0,0
"MintATM","MINT0559",1,1,1.0000,0,0.0000,0,0,0,0,0,0,0
"MintATM","MINT0561",7,7,1.0000,0,0.0000,0,0,0,0,0,0,0
"MintATM","MINT0562",9,8,0.8888,1,0.1111,1,0,0,0,0,0,0
"MintATM","MINT0563",2,2,1.0000,0,0.0000,0,0,0,0,0,0,0
"MintATM","MINT0564",2,2,1.0000,0,0.0000,0,0,0,0,0,0,0
"MintATM","MINT0566",2,2,1.0000,0,0.0000,0,0,0,0,0,0,0
"MintATM","MINT0567",10,9,0.9000,1,0.1000,1,0,0,0,0,0,0
"MintATM","MINT0569",12,10,0.8333,2,0.1666,2,0,0,0,0,0,0
"MintATM","MINT0570",4,4,1.0000,0,0.0000,0,0,0,0,0,0,0
"MintATM","MINT0572",4,4,1.0000,0,0.0000,0,0,0,0,0,0,0
"MintATM","MINT0579",4,4,1.0000,0,0.0000,0,0,0,0,0,0,0
"MintATM","MINT0582",2,2,1.0000,0,0.0000,0,0,0,0,0,0,0
"MintATM","MINT0586",3,3,1.0000,0,0.0000,0,0,0,0,0,0,0
"MintATM","MINT0591",25,25,1.0000,0,0.0000,0,0,0,0,0,0,0
"MintATM","MINT0592",1,1,1.0000,0,0.0000,0,0,0,0,0,0,0
"MintATM","MINT0593",1,1,1.0000,0,0.0000,0,0,0,0,0,0,0
"MintATM","MINT0595",3,3,1.0000,0,0.0000,0,0,0,0,0,0,0
"MintATM","MINT0596",30,25,0.8333,5,0.1666,1,0,0,0,0,0,4
"MintATM","MINT0597",12,11,0.9166,1,0.0833,0,1,0,0,0,0,0
"MintATM","MINT0598",4,3,0.7500,1,0.2500,0,1,0,0,0,0,0
"MintATM","MINT0599",5,4,0.8000,1,0.2000,1,0,0,0,0,0,0
"MintATM","MINT0711",1,1,1.0000,0,0.0000,0,0,0,0,0,0,0
"MintATM","MINT0901",1,1,1.0000,0,0.0000,0,0,0,0,0,0,0
"MintATM","MINT0905",2,2,1.0000,0,0.0000,0,0,0,0,0,0,0
"MintATM","MINT0908",2,2,1.0000,0,0.0000,0,0,0,0,0,0,0
"MintATM","MINT0912",15,12,0.8000,3,0.2000,1,0,0,0,0,0,2
"MintATM","MINT0913",19,16,0.8421,3,0.1578,2,0,0,0,0,0,1
"MintATM","MINT0916",4,1,0.2500,3,0.7500,3,0,0,0,0,0,0
"MintATM","MINT0919",31,29,0.9354,2,0.0645,1,0,1,0,0,0,0
"MintATM","MINT0922",1,1,1.0000,0,0.0000,0,0,0,0,0,0,0
"MintATM","MINT0923",1,1,1.0000,0,0.0000,0,0,0,0,0,0,0
"MintATM","MINT1012",6,5,0.8333,1,0.1666,1,0,0,0,0,0,0
"MintATM","MINT1015",25,24,0.9600,1,0.0400,1,0,0,0,0,0,0
"MintATM","MINT1016",17,17,1.0000,0,0.0000,0,0,0,0,0,0,0
"MintATM","MINT1041",2,2,1.0000,0,0.0000,0,0,0,0,0,0,0
"MintATM","MINT1063",19,16,0.8421,3,0.1578,1,0,0,0,0,0,2
"MintATM","MINT1070",1,1,1.0000,0,0.0000,0,0,0,0,0,0,0
"MintATM","MINT1073",1,0,0.0000,1,1.0000,1,0,0,0,0,0,0
"MintATM","MINT1074",1,1,1.0000,0,0.0000,0,0,0,0,0,0,0
"MintATM","MINT1075",1,1,1.0000,0,0.0000,0,0,0,0,0,0,0
"MintATM","MINT1077",1,1,1.0000,0,0.0000,0,0,0,0,0,0,0
"MintATM","MINT3000",2,2,1.0000,0,0.0000,0,0,0,0,0,0,0
"MintATM","MINT3001",1,1,1.0000,0,0.0000,0,0,0,0,0,0,0
"MintATM","MINT4000",18,14,0.7777,4,0.2222,0,1,0,0,0,0,3
"MintATM","MINT4005",22,20,0.9090,2,0.0909,0,0,1,0,0,0,1
"MintATM","MINT4009",43,32,0.7441,11,0.2558,5,0,3,0,0,0,3
"MintATM","MINT4010",28,26,0.9285,2,0.0714,1,1,0,0,0,0,0
"MintATM","MINT4014",5,5,1.0000,0,0.0000,0,0,0,0,0,0,0
"MintATM","MINT4015",22,21,0.9545,1,0.0454,1,0,0,0,0,0,0
"MintATM","MINT4020",11,10,0.9090,1,0.0909,0,0,0,0,0,1,0
"MintATM","MINT4022",28,26,0.9285,2,0.0714,1,0,0,0,0,0,1
"MintATM","MINT4024",7,7,1.0000,0,0.0000,0,0,0,0,0,0,0
"MintATM","MINT4026",3,3,1.0000,0,0.0000,0,0,0,0,0,0,0
"MintATM","MINT5001",9,8,0.8888,1,0.1111,1,0,0,0,0,0,0
"MintATM","MINT5002",1,1,1.0000,0,0.0000,0,0,0,0,0,0,0
"MintATM","MINTHI11",3,3,1.0000,0,0.0000,0,0,0,0,0,0,0
"MintATM","MINTHI21",1,1,1.0000,0,0.0000,0,0,0,0,0,0,0
"MintATM","MINTHI51",2,0,0.0000,2,1.0000,2,0,0,0,0,0,0
"MintATM","MINTHI61",3,3,1.0000,0,0.0000,0,0,0,0,0,0,0
"MintATM","MINTHI62",15,15,1.0000,0,0.0000,0,0,0,0,0,0,0
"MintATM","MINTHI71",24,21,0.8750,3,0.1250,3,0,0,0,0,0,0
"MintATM","MINTPLB2",2,2,1.0000,0,0.0000,0,0,0,0,0,0,0
"MintATM","MINTPLB3",2,2,1.0000,0,0.0000,0,0,0,0,0,0,0
"MintATM","MINTPLB4",4,4,1.0000,0,0.0000,0,0,0,0,0,0,0
"MintATM","MINTPLB5",6,5,0.8333,1,0.1666,1,0,0,0,0,0,0
"MintATM","TNS5GBZ3",5,4,0.8000,1,0.2000,0,0,0,0,0,0,1
"MintATM","TNS5GBZ4",2,2,1.0000,0,0.0000,0,0,0,0,0,0,0
