"RocketReports","MINT0009",70,47,0.6714,23,0.3285,15,1,0,0,0,0,7
"RocketReports","MINT0025",1,1,1.0000,0,0.0000,0,0,0,0,0,0,0
"RocketReports","MINT0032",10,9,0.9000,1,0.1000,1,0,0,0,0,0,0
"RocketReports","MINT0034",4,3,0.7500,1,0.2500,0,1,0,0,0,0,0
"RocketReports","MINT0037",2,2,1.0000,0,0.0000,0,0,0,0,0,0,0
"RocketReports","MINT0041",1,1,1.0000,0,0.0000,0,0,0,0,0,0,0
"RocketReports","MINT0042",18,12,0.6666,6,0.3333,4,0,0,0,0,0,2
"RocketReports","MINT0044",1,1,1.0000,0,0.0000,0,0,0,0,0,0,0
"RocketReports","MINT0049",1,1,1.0000,0,0.0000,0,0,0,0,0,0,0
"RocketReports","MINT0050",2,1,0.5000,1,0.5000,0,1,0,0,0,0,0
"RocketReports","MINT0056",2,1,0.5000,1,0.5000,1,0,0,0,0,0,0
"RocketReports","MINT0058",1,1,1.0000,0,0.0000,0,0,0,0,0,0,0
"RocketReports","MINT0059",4,2,0.5000,2,0.5000,1,0,0,0,0,0,1
"RocketReports","MINT0062",12,12,1.0000,0,0.0000,0,0,0,0,0,0,0
"RocketReports","MINT0063",2,2,1.0000,0,0.0000,0,0,0,0,0,0,0
"RocketReports","MINT0067",11,9,0.8181,2,0.1818,0,0,1,0,0,0,1
"RocketReports","MINT0068",1,1,1.0000,0,0.0000,0,0,0,0,0,0,0
"RocketReports","MINT0069",61,53,0.8688,8,0.1311,3,2,0,0,0,0,3
"RocketReports","MINT0101",3,3,1.0000,0,0.0000,0,0,0,0,0,0,0
"RocketReports","MINT0106",1,1,1.0000,0,0.0000,0,0,0,0,0,0,0
"RocketReports","MINT0107",3,2,0.6666,1,0.3333,0,0,0,0,0,0,1
"RocketReports","MINT0108",6,4,0.6666,2,0.3333,2,0,0,0,0,0,0
"RocketReports","MINT0109",5,5,1.0000,0,0.0000,0,0,0,0,0,0,0
"RocketReports","MINT0110",3,3,1.0000,0,0.0000,0,0,0,0,0,0,0
"RocketReports","MINT0111",1,1,1.0000,0,0.0000,0,0,0,0,0,0,0
"RocketReports","MINT0112",6,6,1.0000,0,0.0000,0,0,0,0,0,0,0
"RocketReports","MINT0115",2,2,1.0000,0,0.0000,0,0,0,0,0,0,0
"RocketReports","MINT0116",2,2,1.0000,0,0.0000,0,0,0,0,0,0,0
"RocketReports","MINT0118",2,2,1.0000,0,0.0000,0,0,0,0,0,0,0
"RocketReports","MINT0119",1,1,1.0000,0,0.0000,0,0,0,0,0,0,0
"RocketReports","MINT0121",8,8,1.0000,0,0.0000,0,0,0,0,0,0,0
"RocketReports","MINT0125",10,10,1.0000,0,0.0000,0,0,0,0,0,0,0
"RocketReports","MINT0126",2,1,0.5000,1,0.5000,1,0,0,0,0,0,0
"RocketReports","MINT0127",10,8,0.8000,2,0.2000,2,0,0,0,0,0,0
"RocketReports","MINT0133",1,1,1.0000,0,0.0000,0,0,0,0,0,0,0
"RocketReports","MINT0135",8,5,0.6250,3,0.3750,3,0,0,0,0,0,0
"RocketReports","MINT0137",6,5,0.8333,1,0.1666,1,0,0,0,0,0,0
"RocketReports","MINT0138",4,3,0.7500,1,0.2500,0,0,0,0,0,0,1
"RocketReports","MINT0143",3,3,1.0000,0,0.0000,0,0,0,0,0,0,0
"RocketReports","MINT0144",4,4,1.0000,0,0.0000,0,0,0,0,0,0,0
"RocketReports","MINT0145",3,3,1.0000,0,0.0000,0,0,0,0,0,0,0
"RocketReports","MINT0149",2,2,1.0000,0,0.0000,0,0,0,0,0,0,0
"RocketReports","MINT0152",9,9,1.0000,0,0.0000,0,0,0,0,0,0,0
"RocketReports","MINT0153",1,1,1.0000,0,0.0000,0,0,0,0,0,0,0
"RocketReports","MINT0154",18,16,0.8888,2,0.1111,0,0,0,0,0,0,2
"RocketReports","MINT0155",14,12,0.8571,2,0.1428,2,0,0,0,0,0,0
"RocketReports","MINT0156",5,5,1.0000,0,0.0000,0,0,0,0,0,0,0
"RocketReports","MINT0157",2,2,1.0000,0,0.0000,0,0,0,0,0,0,0
"RocketReports","MINT0160",1,1,1.0000,0,0.0000,0,0,0,0,0,0,0
"RocketReports","MINT0205",4,4,1.0000,0,0.0000,0,0,0,0,0,0,0
"RocketReports","MINT0207",1,1,1.0000,0,0.0000,0,0,0,0,0,0,0
"RocketReports","MINT0208",4,3,0.7500,1,0.2500,0,0,0,0,0,0,1
"RocketReports","MINT0209",1,1,1.0000,0,0.0000,0,0,0,0,0,0,0
"RocketReports","MINT0305",3,3,1.0000,0,0.0000,0,0,0,0,0,0,0
"RocketReports","MINT0353",11,11,1.0000,0,0.0000,0,0,0,0,0,0,0
"RocketReports","MINT0355",5,5,1.0000,0,0.0000,0,0,0,0,0,0,0
"RocketReports","MINT0356",6,6,1.0000,0,0.0000,0,0,0,0,0,0,0
"RocketReports","MINT0357",2,2,1.0000,0,0.0000,0,0,0,0,0,0,0
"RocketReports","MINT0359",2,2,1.0000,0,0.0000,0,0,0,0,0,0,0
"RocketReports","MINT0360",3,3,1.0000,0,0.0000,0,0,0,0,0,0,0
"RocketReports","MINT0402",7,7,1.0000,0,0.0000,0,0,0,0,0,0,0
"RocketReports","MINT0403",7,7,1.0000,0,0.0000,0,0,0,0,0,0,0
"RocketReports","MINT0404",1,1,1.0000,0,0.0000,0,0,0,0,0,0,0
"RocketReports","MINT0411",2,2,1.0000,0,0.0000,0,0,0,0,0,0,0
"RocketReports","MINT0413",5,2,0.4000,3,0.6000,3,0,0,0,0,0,0
"RocketReports","MINT0414",5,4,0.8000,1,0.2000,0,0,0,0,0,0,1
"RocketReports","MINT0416",1,1,1.0000,0,0.0000,0,0,0,0,0,0,0
"RocketReports","MINT0418",1,1,1.0000,0,0.0000,0,0,0,0,0,0,0
"RocketReports","MINT0494",4,3,0.7500,1,0.2500,1,0,0,0,0,0,0
"RocketReports","MINT0495",2,2,1.0000,0,0.0000,0,0,0,0,0,0,0
"RocketReports","MINT0497",5,4,0.8000,1,0.2000,0,1,0,0,0,0,0
"RocketReports","MINT0504",3,3,1.0000,0,0.0000,0,0,0,0,0,0,0
"RocketReports","MINT0519",2,2,1.0000,0,0.0000,0,0,0,0,0,0,0
"RocketReports","MINT0527",1,1,1.0000,0,0.0000,0,0,0,0,0,0,0
"RocketReports","MINT0531",4,2,0.5000,2,0.5000,0,0,0,0,0,0,2
"RocketReports","MINT0532",25,23,0.9200,2,0.0800,1,0,0,0,0,0,1
"RocketReports","MINT0534",5,5,1.0000,0,0.0000,0,0,0,0,0,0,0
"RocketReports","MINT0535",5,5,1.0000,0,0.0000,0,0,0,0,0,0,0
"RocketReports","MINT0537",4,4,1.0000,0,0.0000,0,0,0,0,0,0,0
"RocketReports","MINT0545",5,4,0.8000,1,0.2000,0,0,0,0,0,0,1
"RocketReports","MINT0546",9,9,1.0000,0,0.0000,0,0,0,0,0,0,0
"RocketReports","MINT0547",2,1,0.5000,1,0.5000,0,1,0,0,0,0,0
"RocketReports","MINT0550",11,8,0.7272,3,0.2727,3,0,0,0,0,0,0
"RocketReports","MINT0554",2,2,1.0000,0,0.0000,0,0,0,0,0,0,0
"RocketReports","MINT0555",2,1,0.5000,1,0.5000,0,0,0,0,0,0,1
"RocketReports","MINT0556",2,2,1.0000,0,0.0000,0,0,0,0,0,0,0
"RocketReports","MINT0557",9,9,1.0000,0,0.0000,0,0,0,0,0,0,0
"RocketReports","MINT0558",3,3,1.0000,0,0.0000,0,0,0,0,0,0,0
"RocketReports","MINT0559",4,4,1.0000,0,0.0000,0,0,0,0,0,0,0
"RocketReports","MINT0561",2,2,1.0000,0,0.0000,0,0,0,0,0,0,0
"RocketReports","MINT0562",8,8,1.0000,0,0.0000,0,0,0,0,0,0,0
"RocketReports","MINT0563",3,3,1.0000,0,0.0000,0,0,0,0,0,0,0
"RocketReports","MINT0564",5,4,0.8000,1,0.2000,0,0,0,0,0,0,1
"RocketReports","MINT0565",1,1,1.0000,0,0.0000,0,0,0,0,0,0,0
"RocketReports","MINT0567",6,5,0.8333,1,0.1666,0,0,0,0,0,0,1
"RocketReports","MINT0569",11,5,0.4545,6,0.5454,0,1,0,0,0,0,5
"RocketReports","MINT0570",2,2,1.0000,0,0.0000,0,0,0,0,0,0,0
"RocketReports","MINT0571",3,3,1.0000,0,0.0000,0,0,0,0,0,0,0
"RocketReports","MINT0574",7,7,1.0000,0,0.0000,0,0,0,0,0,0,0
"RocketReports","MINT0581",8,8,1.0000,0,0.0000,0,0,0,0,0,0,0
"RocketReports","MINT0582",1,1,1.0000,0,0.0000,0,0,0,0,0,0,0
"RocketReports","MINT0584",8,7,0.8750,1,0.1250,0,0,0,0,0,0,1
"RocketReports","MINT0591",1,1,1.0000,0,0.0000,0,0,0,0,0,0,0
"RocketReports","MINT0593",5,5,1.0000,0,0.0000,0,0,0,0,0,0,0
"RocketReports","MINT0594",9,9,1.0000,0,0.0000,0,0,0,0,0,0,0
"RocketReports","MINT0595",2,2,1.0000,0,0.0000,0,0,0,0,0,0,0
"RocketReports","MINT0596",19,17,0.8947,2,0.1052,0,1,0,0,0,0,1
"RocketReports","MINT0598",2,2,1.0000,0,0.0000,0,0,0,0,0,0,0
"RocketReports","MINT0599",69,64,0.9275,5,0.0724,2,2,0,0,0,0,1
"RocketReports","MINT0600",1,1,1.0000,0,0.0000,0,0,0,0,0,0,0
"RocketReports","MINT0602",3,3,1.0000,0,0.0000,0,0,0,0,0,0,0
"RocketReports","MINT0606",12,9,0.7500,3,0.2500,0,1,0,0,0,0,2
"RocketReports","MINT0610",4,3,0.7500,1,0.2500,0,1,0,0,0,0,0
"RocketReports","MINT0901",2,2,1.0000,0,0.0000,0,0,0,0,0,0,0
"RocketReports","MINT0903",1,1,1.0000,0,0.0000,0,0,0,0,0,0,0
"RocketReports","MINT0905",1,1,1.0000,0,0.0000,0,0,0,0,0,0,0
"RocketReports","MINT0908",2,2,1.0000,0,0.0000,0,0,0,0,0,0,0
"RocketReports","MINT0910",1,1,1.0000,0,0.0000,0,0,0,0,0,0,0
"RocketReports","MINT0912",19,18,0.9473,1,0.0526,0,0,1,0,0,0,0
"RocketReports","MINT0913",4,2,0.5000,2,0.5000,2,0,0,0,0,0,0
"RocketReports","MINT0915",5,5,1.0000,0,0.0000,0,0,0,0,0,0,0
"RocketReports","MINT0916",12,11,0.9166,1,0.0833,1,0,0,0,0,0,0
"RocketReports","MINT0919",23,21,0.9130,2,0.0869,0,0,0,0,0,0,2
"RocketReports","MINT0922",1,1,1.0000,0,0.0000,0,0,0,0,0,0,0
"RocketReports","MINT0923",3,3,1.0000,0,0.0000,0,0,0,0,0,0,0
"RocketReports","MINT0926",4,4,1.0000,0,0.0000,0,0,0,0,0,0,0
"RocketReports","MINT1012",4,2,0.5000,2,0.5000,1,0,0,0,0,0,1
"RocketReports","MINT1016",18,17,0.9444,1,0.0555,0,1,0,0,0,0,0
"RocketReports","MINT1018",2,2,1.0000,0,0.0000,0,0,0,0,0,0,0
"RocketReports","MINT1019",7,7,1.0000,0,0.0000,0,0,0,0,0,0,0
"RocketReports","MINT1041",4,4,1.0000,0,0.0000,0,0,0,0,0,0,0
"RocketReports","MINT1050",8,8,1.0000,0,0.0000,0,0,0,0,0,0,0
"RocketReports","MINT1062",3,3,1.0000,0,0.0000,0,0,0,0,0,0,0
"RocketReports","MINT1063",35,34,0.9714,1,0.0285,1,0,0,0,0,0,0
"RocketReports","MINT1066",2,2,1.0000,0,0.0000,0,0,0,0,0,0,0
"RocketReports","MINT1069",3,3,1.0000,0,0.0000,0,0,0,0,0,0,0
"RocketReports","MINT1071",1,1,1.0000,0,0.0000,0,0,0,0,0,0,0
"RocketReports","MINT1072",1,1,1.0000,0,0.0000,0,0,0,0,0,0,0
"RocketReports","MINT1073",1,1,1.0000,0,0.0000,0,0,0,0,0,0,0
"RocketReports","MINT1074",5,5,1.0000,0,0.0000,0,0,0,0,0,0,0
"RocketReports","MINT1075",9,9,1.0000,0,0.0000,0,0,0,0,0,0,0
"RocketReports","MINT1076",10,7,0.7000,3,0.3000,3,0,0,0,0,0,0
"RocketReports","MINT1077",1,1,1.0000,0,0.0000,0,0,0,0,0,0,0
"RocketReports","MINT1079",1,1,1.0000,0,0.0000,0,0,0,0,0,0,0
"RocketReports","MINT1080",10,9,0.9000,1,0.1000,1,0,0,0,0,0,0
"RocketReports","MINT1081",1,1,1.0000,0,0.0000,0,0,0,0,0,0,0
"RocketReports","MINT1083",4,4,1.0000,0,0.0000,0,0,0,0,0,0,0
"RocketReports","MINT1085",16,13,0.8125,3,0.1875,3,0,0,0,0,0,0
"RocketReports","MINT1086",13,10,0.7692,3,0.2307,1,0,0,0,0,0,2
"RocketReports","MINT1087",13,13,1.0000,0,0.0000,0,0,0,0,0,0,0
"RocketReports","MINT1090",4,3,0.7500,1,0.2500,0,0,0,0,0,0,1
"RocketReports","MINT1091",2,2,1.0000,0,0.0000,0,0,0,0,0,0,0
"RocketReports","MINT1092",1,1,1.0000,0,0.0000,0,0,0,0,0,0,0
"RocketReports","MINT1093",1,1,1.0000,0,0.0000,0,0,0,0,0,0,0
"RocketReports","MINT3000",9,7,0.7777,2,0.2222,0,0,0,0,0,0,2
"RocketReports","MINT3001",8,8,1.0000,0,0.0000,0,0,0,0,0,0,0
"RocketReports","MINT4000",13,12,0.9230,1,0.0769,0,0,1,0,0,0,0
"RocketReports","MINT4001",11,10,0.9090,1,0.0909,0,1,0,0,0,0,0
"RocketReports","MINT4003",5,5,1.0000,0,0.0000,0,0,0,0,0,0,0
"RocketReports","MINT4005",28,25,0.8928,3,0.1071,0,0,2,0,0,0,1
"RocketReports","MINT4009",36,32,0.8888,4,0.1111,3,0,1,0,0,0,0
"RocketReports","MINT4010",43,38,0.8837,5,0.1162,5,0,0,0,0,0,0
"RocketReports","MINT4011",1,1,1.0000,0,0.0000,0,0,0,0,0,0,0
"RocketReports","MINT4013",1,1,1.0000,0,0.0000,0,0,0,0,0,0,0
"RocketReports","MINT4014",9,8,0.8888,1,0.1111,0,1,0,0,0,0,0
"RocketReports","MINT4015",30,26,0.8666,4,0.1333,2,0,2,0,0,0,0
"RocketReports","MINT4016",1,1,1.0000,0,0.0000,0,0,0,0,0,0,0
"RocketReports","MINT4020",15,13,0.8666,2,0.1333,1,0,0,0,0,0,1
"RocketReports","MINT4022",46,39,0.8478,7,0.1521,2,0,4,0,0,0,1
"RocketReports","MINT4023",2,2,1.0000,0,0.0000,0,0,0,0,0,0,0
"RocketReports","MINT4024",12,11,0.9166,1,0.0833,1,0,0,0,0,0,0
"RocketReports","MINT4025",31,28,0.9032,3,0.0967,1,1,0,0,0,0,1
"RocketReports","MINT4026",1,1,1.0000,0,0.0000,0,0,0,0,0,0,0
"RocketReports","MINT4028",1,1,1.0000,0,0.0000,0,0,0,0,0,0,0
"RocketReports","MINT4031",6,6,1.0000,0,0.0000,0,0,0,0,0,0,0
"RocketReports","MINT4032",1,1,1.0000,0,0.0000,0,0,0,0,0,0,0
"RocketReports","MINT4033",2,2,1.0000,0,0.0000,0,0,0,0,0,0,0
"RocketReports","MINT4035",3,3,1.0000,0,0.0000,0,0,0,0,0,0,0
"RocketReports","MINT4036",2,2,1.0000,0,0.0000,0,0,0,0,0,0,0
"RocketReports","MINT5000",1,1,1.0000,0,0.0000,0,0,0,0,0,0,0
"RocketReports","MINT5001",15,14,0.9333,1,0.0666,0,0,0,0,0,0,1
"RocketReports","MINT5002",5,5,1.0000,0,0.0000,0,0,0,0,0,0,0
"RocketReports","MINT5005",4,4,1.0000,0,0.0000,0,0,0,0,0,0,0
"RocketReports","MINT5006",1,0,0.0000,1,1.0000,1,0,0,0,0,0,0
"RocketReports","MINTHI11",2,2,1.0000,0,0.0000,0,0,0,0,0,0,0
"RocketReports","MINTHI21",12,12,1.0000,0,0.0000,0,0,0,0,0,0,0
"RocketReports","MINTHI31",15,12,0.8000,3,0.2000,2,0,0,0,0,0,1
"RocketReports","MINTHI41",11,11,1.0000,0,0.0000,0,0,0,0,0,0,0
"RocketReports","MINTHI51",16,14,0.8750,2,0.1250,0,0,0,0,0,0,2
"RocketReports","MINTHI52",1,0,0.0000,1,1.0000,0,0,0,0,0,0,1
"RocketReports","MINTHI62",11,10,0.9090,1,0.0909,0,1,0,0,0,0,0
"RocketReports","MINTHI71",14,14,1.0000,0,0.0000,0,0,0,0,0,0,0
"RocketReports","MINTPLB1",2,2,1.0000,0,0.0000,0,0,0,0,0,0,0
"RocketReports","MINTPLB2",3,3,1.0000,0,0.0000,0,0,0,0,0,0,0
"RocketReports","MINTPLB3",7,4,0.5714,3,0.4285,3,0,0,0,0,0,0
"RocketReports","MINTPLB4",14,11,0.7857,3,0.2142,3,0,0,0,0,0,0
"RocketReports","MINTPLB5",2,2,1.0000,0,0.0000,0,0,0,0,0,0,0
"RocketReports","MINTPMH1",2,2,1.0000,0,0.0000,0,0,0,0,0,0,0
"RocketReports","MINTPMH2",6,4,0.6666,2,0.3333,2,0,0,0,0,0,0
"RocketReports","TNS5GBZ3",16,16,1.0000,0,0.0000,0,0,0,0,0,0,0
"RocketReports","TNS5GBZ4",1,1,1.0000,0,0.0000,0,0,0,0,0,0,0
