"RocketReports","MINT0009",46,40,0.8695,6,0.1304,3,2,0,0,0,0,1
"RocketReports","MINT0014",3,3,1.0000,0,0.0000,0,0,0,0,0,0,0
"RocketReports","MINT0025",3,3,1.0000,0,0.0000,0,0,0,0,0,0,0
"RocketReports","MINT0026",3,2,0.6666,1,0.3333,1,0,0,0,0,0,0
"RocketReports","MINT0027",7,7,1.0000,0,0.0000,0,0,0,0,0,0,0
"RocketReports","MINT0028",4,4,1.0000,0,0.0000,0,0,0,0,0,0,0
"RocketReports","MINT0032",13,13,1.0000,0,0.0000,0,0,0,0,0,0,0
"RocketReports","MINT0034",7,7,1.0000,0,0.0000,0,0,0,0,0,0,0
"RocketReports","MINT0037",8,7,0.8750,1,0.1250,1,0,0,0,0,0,0
"RocketReports","MINT0041",8,8,1.0000,0,0.0000,0,0,0,0,0,0,0
"RocketReports","MINT0042",22,17,0.7727,5,0.2272,2,0,1,0,0,0,2
"RocketReports","MINT0044",3,3,1.0000,0,0.0000,0,0,0,0,0,0,0
"RocketReports","MINT0050",1,1,1.0000,0,0.0000,0,0,0,0,0,0,0
"RocketReports","MINT0052",1,1,1.0000,0,0.0000,0,0,0,0,0,0,0
"RocketReports","MINT0054",4,4,1.0000,0,0.0000,0,0,0,0,0,0,0
"RocketReports","MINT0055",1,1,1.0000,0,0.0000,0,0,0,0,0,0,0
"RocketReports","MINT0056",2,2,1.0000,0,0.0000,0,0,0,0,0,0,0
"RocketReports","MINT0059",5,5,1.0000,0,0.0000,0,0,0,0,0,0,0
"RocketReports","MINT0062",27,27,1.0000,0,0.0000,0,0,0,0,0,0,0
"RocketReports","MINT0063",3,3,1.0000,0,0.0000,0,0,0,0,0,0,0
"RocketReports","MINT0065",2,2,1.0000,0,0.0000,0,0,0,0,0,0,0
"RocketReports","MINT0067",12,12,1.0000,0,0.0000,0,0,0,0,0,0,0
"RocketReports","MINT0068",4,2,0.5000,2,0.5000,1,0,0,0,0,0,1
"RocketReports","MINT0069",86,78,0.9069,8,0.0930,1,1,0,0,0,0,6
"RocketReports","MINT0101",7,7,1.0000,0,0.0000,0,0,0,0,0,0,0
"RocketReports","MINT0106",2,2,1.0000,0,0.0000,0,0,0,0,0,0,0
"RocketReports","MINT0107",5,5,1.0000,0,0.0000,0,0,0,0,0,0,0
"RocketReports","MINT0108",2,1,0.5000,1,0.5000,1,0,0,0,0,0,0
"RocketReports","MINT0109",3,3,1.0000,0,0.0000,0,0,0,0,0,0,0
"RocketReports","MINT0110",3,3,1.0000,0,0.0000,0,0,0,0,0,0,0
"RocketReports","MINT0111",2,2,1.0000,0,0.0000,0,0,0,0,0,0,0
"RocketReports","MINT0112",5,5,1.0000,0,0.0000,0,0,0,0,0,0,0
"RocketReports","MINT0115",3,2,0.6666,1,0.3333,0,0,0,0,0,0,1
"RocketReports","MINT0118",1,1,1.0000,0,0.0000,0,0,0,0,0,0,0
"RocketReports","MINT0120",3,3,1.0000,0,0.0000,0,0,0,0,0,0,0
"RocketReports","MINT0121",15,14,0.9333,1,0.0666,1,0,0,0,0,0,0
"RocketReports","MINT0123",6,6,1.0000,0,0.0000,0,0,0,0,0,0,0
"RocketReports","MINT0124",3,1,0.3333,2,0.6666,0,0,2,0,0,0,0
"RocketReports","MINT0125",47,44,0.9361,3,0.0638,0,0,2,0,0,0,1
"RocketReports","MINT0126",1,1,1.0000,0,0.0000,0,0,0,0,0,0,0
"RocketReports","MINT0127",12,10,0.8333,2,0.1666,0,2,0,0,0,0,0
"RocketReports","MINT0133",1,1,1.0000,0,0.0000,0,0,0,0,0,0,0
"RocketReports","MINT0135",2,2,1.0000,0,0.0000,0,0,0,0,0,0,0
"RocketReports","MINT0137",8,7,0.8750,1,0.1250,1,0,0,0,0,0,0
"RocketReports","MINT0142",1,1,1.0000,0,0.0000,0,0,0,0,0,0,0
"RocketReports","MINT0144",1,1,1.0000,0,0.0000,0,0,0,0,0,0,0
"RocketReports","MINT0145",3,3,1.0000,0,0.0000,0,0,0,0,0,0,0
"RocketReports","MINT0154",27,25,0.9259,2,0.0740,0,1,0,0,0,0,1
"RocketReports","MINT0155",20,17,0.8500,3,0.1500,1,0,0,0,0,0,2
"RocketReports","MINT0157",1,1,1.0000,0,0.0000,0,0,0,0,0,0,0
"RocketReports","MINT0160",27,27,1.0000,0,0.0000,0,0,0,0,0,0,0
"RocketReports","MINT0161",41,36,0.8780,5,0.1219,2,1,0,0,0,1,1
"RocketReports","MINT0163",67,57,0.8507,10,0.1492,3,1,0,0,0,0,6
"RocketReports","MINT0201",1,0,0.0000,1,1.0000,1,0,0,0,0,0,0
"RocketReports","MINT0207",1,1,1.0000,0,0.0000,0,0,0,0,0,0,0
"RocketReports","MINT0209",2,2,1.0000,0,0.0000,0,0,0,0,0,0,0
"RocketReports","MINT0305",4,3,0.7500,1,0.2500,0,0,0,0,0,0,1
"RocketReports","MINT0351",4,3,0.7500,1,0.2500,1,0,0,0,0,0,0
"RocketReports","MINT0352",1,0,0.0000,1,1.0000,0,0,0,0,0,0,1
"RocketReports","MINT0353",8,8,1.0000,0,0.0000,0,0,0,0,0,0,0
"RocketReports","MINT0355",5,5,1.0000,0,0.0000,0,0,0,0,0,0,0
"RocketReports","MINT0356",2,2,1.0000,0,0.0000,0,0,0,0,0,0,0
"RocketReports","MINT0357",3,3,1.0000,0,0.0000,0,0,0,0,0,0,0
"RocketReports","MINT0359",3,3,1.0000,0,0.0000,0,0,0,0,0,0,0
"RocketReports","MINT0360",3,3,1.0000,0,0.0000,0,0,0,0,0,0,0
"RocketReports","MINT0402",6,5,0.8333,1,0.1666,1,0,0,0,0,0,0
"RocketReports","MINT0403",11,10,0.9090,1,0.0909,0,0,0,0,0,0,1
"RocketReports","MINT0404",1,0,0.0000,1,1.0000,1,0,0,0,0,0,0
"RocketReports","MINT0405",7,7,1.0000,0,0.0000,0,0,0,0,0,0,0
"RocketReports","MINT0406",7,6,0.8571,1,0.1428,1,0,0,0,0,0,0
"RocketReports","MINT0407",9,8,0.8888,1,0.1111,0,1,0,0,0,0,0
"RocketReports","MINT0409",4,4,1.0000,0,0.0000,0,0,0,0,0,0,0
"RocketReports","MINT0411",2,2,1.0000,0,0.0000,0,0,0,0,0,0,0
"RocketReports","MINT0414",5,5,1.0000,0,0.0000,0,0,0,0,0,0,0
"RocketReports","MINT0418",1,1,1.0000,0,0.0000,0,0,0,0,0,0,0
"RocketReports","MINT0419",2,2,1.0000,0,0.0000,0,0,0,0,0,0,0
"RocketReports","MINT0494",1,1,1.0000,0,0.0000,0,0,0,0,0,0,0
"RocketReports","MINT0495",6,3,0.5000,3,0.5000,0,0,2,0,0,0,1
"RocketReports","MINT0496",85,73,0.8588,12,0.1411,1,0,1,0,0,0,10
"RocketReports","MINT0497",11,11,1.0000,0,0.0000,0,0,0,0,0,0,0
"RocketReports","MINT0499",1,1,1.0000,0,0.0000,0,0,0,0,0,0,0
"RocketReports","MINT0508",34,34,1.0000,0,0.0000,0,0,0,0,0,0,0
"RocketReports","MINT0519",3,3,1.0000,0,0.0000,0,0,0,0,0,0,0
"RocketReports","MINT0527",5,5,1.0000,0,0.0000,0,0,0,0,0,0,0
"RocketReports","MINT0531",1,1,1.0000,0,0.0000,0,0,0,0,0,0,0
"RocketReports","MINT0534",6,5,0.8333,1,0.1666,1,0,0,0,0,0,0
"RocketReports","MINT0537",4,4,1.0000,0,0.0000,0,0,0,0,0,0,0
"RocketReports","MINT0538",1,1,1.0000,0,0.0000,0,0,0,0,0,0,0
"RocketReports","MINT0539",1,1,1.0000,0,0.0000,0,0,0,0,0,0,0
"RocketReports","MINT0540",1,1,1.0000,0,0.0000,0,0,0,0,0,0,0
"RocketReports","MINT0542",3,2,0.6666,1,0.3333,1,0,0,0,0,0,0
"RocketReports","MINT0543",1,1,1.0000,0,0.0000,0,0,0,0,0,0,0
"RocketReports","MINT0545",7,4,0.5714,3,0.4285,0,0,2,0,0,0,1
"RocketReports","MINT0550",89,82,0.9213,7,0.0786,4,2,0,0,0,0,1
"RocketReports","MINT0554",1,1,1.0000,0,0.0000,0,0,0,0,0,0,0
"RocketReports","MINT0555",4,4,1.0000,0,0.0000,0,0,0,0,0,0,0
"RocketReports","MINT0556",3,3,1.0000,0,0.0000,0,0,0,0,0,0,0
"RocketReports","MINT0563",4,4,1.0000,0,0.0000,0,0,0,0,0,0,0
"RocketReports","MINT0564",5,3,0.6000,2,0.4000,0,0,0,0,0,0,2
"RocketReports","MINT0567",8,8,1.0000,0,0.0000,0,0,0,0,0,0,0
"RocketReports","MINT0568",1,1,1.0000,0,0.0000,0,0,0,0,0,0,0
"RocketReports","MINT0569",4,3,0.7500,1,0.2500,0,0,0,0,0,0,1
"RocketReports","MINT0570",7,7,1.0000,0,0.0000,0,0,0,0,0,0,0
"RocketReports","MINT0571",11,9,0.8181,2,0.1818,0,0,0,0,0,0,2
"RocketReports","MINT0572",3,3,1.0000,0,0.0000,0,0,0,0,0,0,0
"RocketReports","MINT0574",5,4,0.8000,1,0.2000,0,0,0,0,0,0,1
"RocketReports","MINT0581",3,3,1.0000,0,0.0000,0,0,0,0,0,0,0
"RocketReports","MINT0582",4,4,1.0000,0,0.0000,0,0,0,0,0,0,0
"RocketReports","MINT0593",1,1,1.0000,0,0.0000,0,0,0,0,0,0,0
"RocketReports","MINT0594",5,5,1.0000,0,0.0000,0,0,0,0,0,0,0
"RocketReports","MINT0595",7,7,1.0000,0,0.0000,0,0,0,0,0,0,0
"RocketReports","MINT0596",10,10,1.0000,0,0.0000,0,0,0,0,0,0,0
"RocketReports","MINT0599",33,29,0.8787,4,0.1212,1,2,0,0,0,1,0
"RocketReports","MINT0600",19,18,0.9473,1,0.0526,0,0,0,0,0,0,1
"RocketReports","MINT0602",9,8,0.8888,1,0.1111,0,0,0,0,0,0,1
"RocketReports","MINT0603",53,50,0.9433,3,0.0566,0,0,0,0,0,0,3
"RocketReports","MINT0604",44,39,0.8863,5,0.1136,0,1,1,0,0,0,3
"RocketReports","MINT0606",14,14,1.0000,0,0.0000,0,0,0,0,0,0,0
"RocketReports","MINT0609",9,8,0.8888,1,0.1111,0,0,0,0,0,0,1
"RocketReports","MINT0610",4,4,1.0000,0,0.0000,0,0,0,0,0,0,0
"RocketReports","MINT0614",1,1,1.0000,0,0.0000,0,0,0,0,0,0,0
"RocketReports","MINT0615",2,2,1.0000,0,0.0000,0,0,0,0,0,0,0
"RocketReports","MINT0707",1,1,1.0000,0,0.0000,0,0,0,0,0,0,0
"RocketReports","MINT0900",1,1,1.0000,0,0.0000,0,0,0,0,0,0,0
"RocketReports","MINT0906",5,5,1.0000,0,0.0000,0,0,0,0,0,0,0
"RocketReports","MINT0908",1,1,1.0000,0,0.0000,0,0,0,0,0,0,0
"RocketReports","MINT0912",17,16,0.9411,1,0.0588,0,0,0,0,0,1,0
"RocketReports","MINT0913",17,15,0.8823,2,0.1176,0,0,1,0,0,0,1
"RocketReports","MINT0915",2,2,1.0000,0,0.0000,0,0,0,0,0,0,0
"RocketReports","MINT0916",5,4,0.8000,1,0.2000,1,0,0,0,0,0,0
"RocketReports","MINT0919",27,25,0.9259,2,0.0740,0,0,2,0,0,0,0
"RocketReports","MINT0921",2,2,1.0000,0,0.0000,0,0,0,0,0,0,0
"RocketReports","MINT0922",5,5,1.0000,0,0.0000,0,0,0,0,0,0,0
"RocketReports","MINT0924",52,43,0.8269,9,0.1730,5,1,1,0,0,0,2
"RocketReports","MINT1000",60,58,0.9666,2,0.0333,0,0,0,0,0,1,1
"RocketReports","MINT1001",44,36,0.8181,8,0.1818,4,1,0,0,0,0,3
"RocketReports","MINT1002",19,18,0.9473,1,0.0526,0,0,0,0,0,0,1
"RocketReports","MINT1003",31,30,0.9677,1,0.0322,0,1,0,0,0,0,0
"RocketReports","MINT1004",7,6,0.8571,1,0.1428,0,0,0,0,0,0,1
"RocketReports","MINT1006",67,57,0.8507,10,0.1492,2,4,2,0,0,0,2
"RocketReports","MINT1016",16,15,0.9375,1,0.0625,0,0,0,0,0,0,1
"RocketReports","MINT1019",5,5,1.0000,0,0.0000,0,0,0,0,0,0,0
"RocketReports","MINT1030",1,1,1.0000,0,0.0000,0,0,0,0,0,0,0
"RocketReports","MINT1041",5,5,1.0000,0,0.0000,0,0,0,0,0,0,0
"RocketReports","MINT1050",8,7,0.8750,1,0.1250,0,0,0,0,0,0,1
"RocketReports","MINT1061",1,1,1.0000,0,0.0000,0,0,0,0,0,0,0
"RocketReports","MINT1062",4,4,1.0000,0,0.0000,0,0,0,0,0,0,0
"RocketReports","MINT1063",48,47,0.9791,1,0.0208,0,0,0,0,0,0,1
"RocketReports","MINT1066",31,27,0.8709,4,0.1290,1,1,0,0,0,0,2
"RocketReports","MINT1068",2,1,0.5000,1,0.5000,0,0,0,0,0,0,1
"RocketReports","MINT1074",6,5,0.8333,1,0.1666,0,0,0,0,0,0,1
"RocketReports","MINT1075",14,14,1.0000,0,0.0000,0,0,0,0,0,0,0
"RocketReports","MINT1076",11,10,0.9090,1,0.0909,0,0,0,0,0,0,1
"RocketReports","MINT1077",4,4,1.0000,0,0.0000,0,0,0,0,0,0,0
"RocketReports","MINT1080",10,6,0.6000,4,0.4000,0,0,1,0,0,0,3
"RocketReports","MINT1081",3,2,0.6666,1,0.3333,1,0,0,0,0,0,0
"RocketReports","MINT1083",4,4,1.0000,0,0.0000,0,0,0,0,0,0,0
"RocketReports","MINT1085",20,20,1.0000,0,0.0000,0,0,0,0,0,0,0
"RocketReports","MINT1086",17,16,0.9411,1,0.0588,0,1,0,0,0,0,0
"RocketReports","MINT1087",8,8,1.0000,0,0.0000,0,0,0,0,0,0,0
"RocketReports","MINT1091",2,2,1.0000,0,0.0000,0,0,0,0,0,0,0
"RocketReports","MINT1092",11,10,0.9090,1,0.0909,0,0,0,0,0,0,1
"RocketReports","MINT1093",1,1,1.0000,0,0.0000,0,0,0,0,0,0,0
"RocketReports","MINT3000",44,40,0.9090,4,0.0909,0,2,0,0,0,0,2
"RocketReports","MINT3005",19,16,0.8421,3,0.1578,1,0,2,0,0,0,0
"RocketReports","MINT4000",12,10,0.8333,2,0.1666,0,0,1,0,0,0,1
"RocketReports","MINT4001",9,9,1.0000,0,0.0000,0,0,0,0,0,0,0
"RocketReports","MINT4003",9,9,1.0000,0,0.0000,0,0,0,0,0,0,0
"RocketReports","MINT4005",17,9,0.5294,8,0.4705,1,0,2,0,0,0,5
"RocketReports","MINT4009",40,32,0.8000,8,0.2000,5,1,0,0,0,0,2
"RocketReports","MINT4010",22,22,1.0000,0,0.0000,0,0,0,0,0,0,0
"RocketReports","MINT4014",9,8,0.8888,1,0.1111,1,0,0,0,0,0,0
"RocketReports","MINT4015",8,7,0.8750,1,0.1250,1,0,0,0,0,0,0
"RocketReports","MINT4016",3,2,0.6666,1,0.3333,0,0,0,0,0,0,1
"RocketReports","MINT4017",2,2,1.0000,0,0.0000,0,0,0,0,0,0,0
"RocketReports","MINT4020",11,7,0.6363,4,0.3636,2,0,0,0,0,0,2
"RocketReports","MINT4021",1,1,1.0000,0,0.0000,0,0,0,0,0,0,0
"RocketReports","MINT4022",46,37,0.8043,9,0.1956,2,0,0,0,0,0,7
"RocketReports","MINT4023",1,1,1.0000,0,0.0000,0,0,0,0,0,0,0
"RocketReports","MINT4024",10,6,0.6000,4,0.4000,2,0,1,0,0,0,1
"RocketReports","MINT4025",12,11,0.9166,1,0.0833,1,0,0,0,0,0,0
"RocketReports","MINT4030",1,1,1.0000,0,0.0000,0,0,0,0,0,0,0
"RocketReports","MINT4031",12,11,0.9166,1,0.0833,0,0,0,0,0,0,1
"RocketReports","MINT4033",3,3,1.0000,0,0.0000,0,0,0,0,0,0,0
"RocketReports","MINT4035",3,2,0.6666,1,0.3333,0,1,0,0,0,0,0
"RocketReports","MINT4036",8,8,1.0000,0,0.0000,0,0,0,0,0,0,0
"RocketReports","MINT4037",1,1,1.0000,0,0.0000,0,0,0,0,0,0,0
"RocketReports","MINT4038",12,12,1.0000,0,0.0000,0,0,0,0,0,0,0
"RocketReports","MINT4040",10,9,0.9000,1,0.1000,1,0,0,0,0,0,0
"RocketReports","MINT5000",1,0,0.0000,1,1.0000,0,0,0,0,0,0,1
"RocketReports","MINT5001",7,7,1.0000,0,0.0000,0,0,0,0,0,0,0
"RocketReports","MINT5004",2,2,1.0000,0,0.0000,0,0,0,0,0,0,0
"RocketReports","MINT5007",1,1,1.0000,0,0.0000,0,0,0,0,0,0,0
"RocketReports","MINTHI11",1,1,1.0000,0,0.0000,0,0,0,0,0,0,0
"RocketReports","MINTHI21",15,14,0.9333,1,0.0666,0,0,0,0,0,0,1
"RocketReports","MINTHI31",6,6,1.0000,0,0.0000,0,0,0,0,0,0,0
"RocketReports","MINTHI32",1,1,1.0000,0,0.0000,0,0,0,0,0,0,0
"RocketReports","MINTHI41",14,11,0.7857,3,0.2142,0,0,2,0,0,0,1
"RocketReports","MINTHI51",16,16,1.0000,0,0.0000,0,0,0,0,0,0,0
"RocketReports","MINTHI52",13,8,0.6153,5,0.3846,0,4,0,0,0,0,1
"RocketReports","MINTHI61",3,3,1.0000,0,0.0000,0,0,0,0,0,0,0
"RocketReports","MINTHI71",3,1,0.3333,2,0.6666,2,0,0,0,0,0,0
"RocketReports","MINTPLB1",4,3,0.7500,1,0.2500,1,0,0,0,0,0,0
"RocketReports","MINTPLB2",1,1,1.0000,0,0.0000,0,0,0,0,0,0,0
"RocketReports","MINTPLB3",3,3,1.0000,0,0.0000,0,0,0,0,0,0,0
"RocketReports","MINTPLB5",4,4,1.0000,0,0.0000,0,0,0,0,0,0,0
"RocketReports","MINTPMH1",1,0,0.0000,1,1.0000,0,0,0,0,0,0,1
"RocketReports","MINTPMH2",7,6,0.8571,1,0.1428,1,0,0,0,0,0,0
"RocketReports","TNS5GBZ3",9,8,0.8888,1,0.1111,1,0,0,0,0,0,0
"RocketReports","TNS5GBZ4",2,2,1.0000,0,0.0000,0,0,0,0,0,0,0
