"RocketReports","MINT0009",40,9833,9878,4300.0000,90.0000,28,9,2,1,0,0,0,0.0000,"20210801"
"RocketReports","MINT0014",3,635,637,320.0000,6.0000,3,0,0,0,0,0,0,0.0000,"20210801"
"RocketReports","MINT0025",3,5474,5476,160.0000,10.5000,3,0,0,0,0,0,0,0.0000,"20210801"
"RocketReports","MINT0026",2,2132,2134,200.0000,6.0000,1,1,0,0,0,0,0,0.0000,"20210801"
"RocketReports","MINT0027",7,6950,6956,1020.0000,24.5000,6,1,0,0,0,0,0,0.0000,"20210801"
"RocketReports","MINT0028",4,9959,9962,460.0000,15.0000,3,0,1,0,0,0,0,0.0000,"20210801"
"RocketReports","MINT0032",13,5770,5782,1180.0000,29.2500,11,2,0,0,0,0,0,0.0000,"20210801"
"RocketReports","MINT0034",7,6765,6771,780.0000,15.7500,7,0,0,0,0,0,0,0.0000,"20210801"
"RocketReports","MINT0037",7,2482,2489,480.0000,24.5000,6,0,0,1,0,0,0,0.0000,"20210801"
"RocketReports","MINT0041",8,1849,1856,820.0000,18.0000,5,1,2,0,0,0,0,0.0000,"20210801"
"RocketReports","MINT0042",17,4780,4801,2760.0000,59.5000,10,4,1,1,1,0,0,0.0000,"20210801"
"RocketReports","MINT0044",3,1953,1955,640.0000,9.0000,3,0,0,0,0,0,0,0.0000,"20210801"
"RocketReports","MINT0050",1,6110,6110,40.0000,3.0000,1,0,0,0,0,0,0,0.0000,"20210801"
"RocketReports","MINT0052",1,5853,5853,300.0000,5.0000,1,0,0,0,0,0,0,0.0000,"20210801"
"RocketReports","MINT0054",4,5284,5287,520.0000,15.0000,1,0,0,2,1,0,0,0.0000,"20210801"
"RocketReports","MINT0055",1,4662,4662,40.0000,3.5000,0,0,0,1,0,0,0,0.0000,"20210801"
"RocketReports","MINT0056",2,1755,1756,140.0000,7.5000,2,0,0,0,0,0,0,0.0000,"20210801"
"RocketReports","MINT0059",5,1648,1652,440.0000,13.7500,5,0,0,0,0,0,0,0.0000,"20210801"
"RocketReports","MINT0062",27,3807,3833,2480.0000,94.5000,24,2,0,1,0,0,0,0.0000,"20210801"
"RocketReports","MINT0063",3,3338,3340,80.0000,9.0000,3,0,0,0,0,0,0,0.0000,"20210801"
"RocketReports","MINT0065",2,6490,6491,120.0000,7.0000,2,0,0,0,0,0,0,0.0000,"20210801"
"RocketReports","MINT0067",12,7962,7973,2910.0000,48.0000,6,4,0,1,1,0,0,0.0000,"20210801"
"RocketReports","MINT0068",2,1724,1727,240.0000,9.5000,1,0,0,0,1,0,0,0.0000,"20210801"
"RocketReports","MINT0069",78,1407,1492,6950.0000,156.0000,63,7,4,3,1,0,0,0.0000,"20210801"
"RocketReports","MINT0101",7,214,220,220.0000,21.0000,4,2,1,0,0,0,0,0.0000,"20210801"
"RocketReports","MINT0106",2,6841,6842,240.0000,6.0000,2,0,0,0,0,0,0,0.0000,"20210801"
"RocketReports","MINT0107",5,2014,2018,140.0000,15.0000,2,0,3,0,0,0,0,0.0000,"20210801"
"RocketReports","MINT0108",1,1241,1242,40.0000,3.0000,0,0,1,0,0,0,0,0.0000,"20210801"
"RocketReports","MINT0109",3,9828,9830,540.0000,9.0000,3,0,0,0,0,0,0,0.0000,"20210801"
"RocketReports","MINT0110",3,7070,7072,160.0000,9.0000,3,0,0,0,0,0,0,0.0000,"20210801"
"RocketReports","MINT0111",2,8055,8056,120.0000,7.0000,2,0,0,0,0,0,0,0.0000,"20210801"
"RocketReports","MINT0112",5,3337,3341,360.0000,13.7500,4,0,1,0,0,0,0,0.0000,"20210801"
"RocketReports","MINT0115",2,1162,1164,60.0000,6.0000,2,0,0,0,0,0,0,0.0000,"20210801"
"RocketReports","MINT0118",1,3950,3950,100.0000,3.5000,1,0,0,0,0,0,0,0.0000,"20210801"
"RocketReports","MINT0120",3,2317,2319,540.0000,10.5000,3,0,0,0,0,0,0,0.0000,"20210801"
"RocketReports","MINT0121",14,1240,1254,1020.0000,42.0000,13,0,0,1,0,0,0,0.0000,"20210801"
"RocketReports","MINT0123",6,4380,4385,460.0000,22.5000,4,0,2,0,0,0,0,0.0000,"20210801"
"RocketReports","MINT0124",1,1138,1140,400.0000,3.0000,1,0,0,0,0,0,0,0.0000,"20210801"
"RocketReports","MINT0125",44,689,735,5560.0000,132.0000,34,5,5,0,0,0,0,0.0000,"20210801"
"RocketReports","MINT0126",1,278,278,100.0000,3.0000,0,1,0,0,0,0,0,0.0000,"20210801"
"RocketReports","MINT0127",10,965,976,920.0000,30.0000,6,3,1,0,0,0,0,0.0000,"20210801"
"RocketReports","MINT0133",1,2728,2728,80.0000,3.0000,1,0,0,0,0,0,0,0.0000,"20210801"
"RocketReports","MINT0135",2,585,586,600.0000,7.0000,2,0,0,0,0,0,0,0.0000,"20210801"
"RocketReports","MINT0137",7,3718,3725,720.0000,21.0000,6,0,1,0,0,0,0,0.0000,"20210801"
"RocketReports","MINT0142",1,437,437,60.0000,3.9500,1,0,0,0,0,0,0,0.0000,"20210801"
"RocketReports","MINT0144",1,1290,1290,320.0000,3.0000,1,0,0,0,0,0,0,0.0000,"20210801"
"RocketReports","MINT0145",3,997,999,800.0000,9.0000,1,2,0,0,0,0,0,0.0000,"20210801"
"RocketReports","MINT0154",25,6016,6042,1700.0000,68.7500,20,5,0,0,0,0,0,0.0000,"20210801"
"RocketReports","MINT0155",17,5285,5304,1650.0000,51.0000,17,0,0,0,0,0,0,0.0000,"20210801"
"RocketReports","MINT0157",1,763,763,400.0000,2.5000,0,0,0,0,0,0,1,0.0000,"20210801"
"RocketReports","MINT0160",27,1331,1357,1780.0000,81.0000,20,4,3,0,0,0,0,0.0000,"20210801"
"RocketReports","MINT0161",36,267,307,2640.0000,108.0000,28,1,7,0,0,0,0,0.0000,"20210801"
"RocketReports","MINT0163",57,176,258,4100.0000,171.0000,39,2,16,0,0,0,0,0.0000,"20210801"
"RocketReports","MINT0201",0,2033,2033,0.0000,0.0000,0,0,0,0,0,0,0,0.0000,"20210801"
"RocketReports","MINT0207",1,68,68,20.0000,3.0000,0,0,1,0,0,0,0,0.0000,"20210801"
"RocketReports","MINT0209",2,5697,5698,200.0000,6.0000,2,0,0,0,0,0,0,0.0000,"20210801"
"RocketReports","MINT0305",3,610,613,700.0000,9.0000,3,0,0,0,0,0,0,0.0000,"20210801"
"RocketReports","MINT0351",3,1692,1695,360.0000,12.0000,3,0,0,0,0,0,0,0.0000,"20210801"
"RocketReports","MINT0352",0,1568,1568,0.0000,0.0000,0,0,0,0,0,0,0,0.0000,"20210801"
"RocketReports","MINT0353",8,5782,5789,1160.0000,30.0000,7,0,1,0,0,0,0,0.0000,"20210801"
"RocketReports","MINT0355",5,2688,2692,1140.0000,19.0000,4,0,0,1,0,0,0,0.0000,"20210801"
"RocketReports","MINT0356",2,2851,2852,200.0000,7.5000,1,0,1,0,0,0,0,0.0000,"20210801"
"RocketReports","MINT0357",3,1016,1018,120.0000,11.2500,3,0,0,0,0,0,0,0.0000,"20210801"
"RocketReports","MINT0359",3,1703,1705,200.0000,4.5000,3,0,0,0,0,0,0,0.0000,"20210801"
"RocketReports","MINT0360",3,1529,1531,460.0000,11.2500,3,0,0,0,0,0,0,0.0000,"20210801"
"RocketReports","MINT0402",5,3417,3422,460.0000,14.7500,2,2,1,0,0,0,0,0.0000,"20210801"
"RocketReports","MINT0403",10,3899,3909,1400.0000,29.5000,8,0,0,2,0,0,0,0.0000,"20210801"
"RocketReports","MINT0404",0,443,443,0.0000,0.0000,0,0,0,0,0,0,0,0.0000,"20210801"
"RocketReports","MINT0405",7,1015,1021,520.0000,21.0000,5,0,2,0,0,0,0,0.0000,"20210801"
"RocketReports","MINT0406",6,1321,1327,460.0000,18.0000,5,1,0,0,0,0,0,0.0000,"20210801"
"RocketReports","MINT0407",8,953,961,480.0000,23.6000,5,0,0,3,0,0,0,0.0000,"20210801"
"RocketReports","MINT0409",4,581,584,200.0000,12.0000,4,0,0,0,0,0,0,0.0000,"20210801"
"RocketReports","MINT0411",2,1452,1453,620.0000,6.5000,1,0,1,0,0,0,0,0.0000,"20210801"
"RocketReports","MINT0414",5,1865,1869,700.0000,13.7500,4,0,1,0,0,0,0,0.0000,"20210801"
"RocketReports","MINT0418",1,111,111,80.0000,3.0000,0,1,0,0,0,0,0,0.0000,"20210801"
"RocketReports","MINT0419",2,11,12,400.0000,6.0000,1,1,0,0,0,0,0,0.0000,"20210801"
"RocketReports","MINT0494",1,898,898,60.0000,3.0000,1,0,0,0,0,0,0,0.0000,"20210801"
"RocketReports","MINT0495",3,4510,4515,340.0000,9.0000,3,0,0,0,0,0,0,0.0000,"20210801"
"RocketReports","MINT0496",73,958,1042,5480.0000,219.0000,67,4,2,0,0,0,0,0.0000,"20210801"
"RocketReports","MINT0497",11,8972,8982,2040.0000,33.0000,8,3,0,0,0,0,0,0.0000,"20210801"
"RocketReports","MINT0499",1,2203,2203,200.0000,3.0000,1,0,0,0,0,0,0,0.0000,"20210801"
"RocketReports","MINT0508",34,4016,4050,2400.0000,102.0000,32,2,0,0,0,0,0,0.0000,"20210801"
"RocketReports","MINT0519",3,6851,6853,140.0000,9.0000,3,0,0,0,0,0,0,0.0000,"20210801"
"RocketReports","MINT0527",5,2366,2370,220.0000,15.0000,5,0,0,0,0,0,0,0.0000,"20210801"
"RocketReports","MINT0531",1,137,137,60.0000,1.0000,0,1,0,0,0,0,0,0.0000,"20210801"
"RocketReports","MINT0534",5,4003,4008,500.0000,15.0000,5,0,0,0,0,0,0,0.0000,"20210801"
"RocketReports","MINT0537",4,8661,8664,200.0000,12.0000,4,0,0,0,0,0,0,0.0000,"20210801"
"RocketReports","MINT0538",1,4145,4145,200.0000,3.0000,1,0,0,0,0,0,0,0.0000,"20210801"
"RocketReports","MINT0539",1,8025,8025,40.0000,1.5000,1,0,0,0,0,0,0,0.0000,"20210801"
"RocketReports","MINT0540",1,9832,9832,100.0000,3.0000,1,0,0,0,0,0,0,0.0000,"20210801"
"RocketReports","MINT0542",2,3901,3903,200.0000,6.0000,2,0,0,0,0,0,0,0.0000,"20210801"
"RocketReports","MINT0543",1,4183,4183,40.0000,2.5000,1,0,0,0,0,0,0,0.0000,"20210801"
"RocketReports","MINT0545",4,2878,2884,720.0000,12.0000,4,0,0,0,0,0,0,0.0000,"20210801"
"RocketReports","MINT0550",82,7088,7176,7040.0000,246.0000,73,6,3,0,0,0,0,0.0000,"20210801"
"RocketReports","MINT0554",1,1744,1744,300.0000,3.0000,1,0,0,0,0,0,0,0.0000,"20210801"
"RocketReports","MINT0555",4,6736,6739,260.0000,12.0000,2,0,2,0,0,0,0,0.0000,"20210801"
"RocketReports","MINT0556",3,3785,3787,180.0000,3.0000,3,0,0,0,0,0,0,0.0000,"20210801"
"RocketReports","MINT0563",4,6322,6325,320.0000,10.0000,3,1,0,0,0,0,0,0.0000,"20210801"
"RocketReports","MINT0564",3,8891,8895,140.0000,7.5000,3,0,0,0,0,0,0,0.0000,"20210801"
"RocketReports","MINT0567",8,9068,9075,1680.0000,20.0000,7,1,0,0,0,0,0,0.0000,"20210801"
"RocketReports","MINT0568",1,673,673,40.0000,2.7500,0,1,0,0,0,0,0,0.0000,"20210801"
"RocketReports","MINT0569",3,1860,1863,220.0000,7.5000,3,0,0,0,0,0,0,0.0000,"20210801"
"RocketReports","MINT0570",7,8965,8971,820.0000,17.5000,5,1,1,0,0,0,0,0.0000,"20210801"
"RocketReports","MINT0571",9,4551,4561,1120.0000,22.5000,7,1,0,1,0,0,0,0.0000,"20210801"
"RocketReports","MINT0572",3,7389,7391,280.0000,9.0000,2,0,0,0,1,0,0,0.0000,"20210801"
"RocketReports","MINT0574",4,367,371,580.0000,12.0000,4,0,0,0,0,0,0,0.0000,"20210801"
"RocketReports","MINT0581",3,4317,4319,340.0000,9.0000,3,0,0,0,0,0,0,0.0000,"20210801"
"RocketReports","MINT0582",4,7083,7086,400.0000,12.0000,4,0,0,0,0,0,0,0.0000,"20210801"
"RocketReports","MINT0593",1,1063,1063,40.0000,3.0000,1,0,0,0,0,0,0,0.0000,"20210801"
"RocketReports","MINT0594",5,6111,6115,280.0000,15.0000,5,0,0,0,0,0,0,0.0000,"20210801"
"RocketReports","MINT0595",7,7146,7152,340.0000,21.0000,7,0,0,0,0,0,0,0.0000,"20210801"
"RocketReports","MINT0596",10,82,91,1320.0000,30.0000,10,0,0,0,0,0,0,0.0000,"20210801"
"RocketReports","MINT0599",29,5467,5499,2380.0000,87.0000,22,6,0,0,1,0,0,0.0000,"20210801"
"RocketReports","MINT0600",18,414,432,720.0000,72.0000,13,2,0,3,0,0,0,0.0000,"20210801"
"RocketReports","MINT0602",8,5731,5739,1020.0000,22.0000,7,1,0,0,0,0,0,0.0000,"20210801"
"RocketReports","MINT0603",50,6579,6631,3680.0000,200.0000,37,6,5,2,0,0,0,0.0000,"20210801"
"RocketReports","MINT0604",39,4826,4869,2580.0000,156.0000,32,6,0,1,0,0,0,0.0000,"20210801"
"RocketReports","MINT0606",14,6331,6344,880.0000,56.0000,13,0,0,1,0,0,0,0.0000,"20210801"
"RocketReports","MINT0609",8,3490,3498,1580.0000,31.6000,8,0,0,0,0,0,0,0.0000,"20210801"
"RocketReports","MINT0610",4,8436,8439,700.0000,15.8000,4,0,0,0,0,0,0,0.0000,"20210801"
"RocketReports","MINT0614",1,86,86,200.0000,4.0000,1,0,0,0,0,0,0,0.0000,"20210801"
"RocketReports","MINT0615",2,10,11,280.0000,8.0000,2,0,0,0,0,0,0,0.0000,"20210801"
"RocketReports","MINT0707",1,3172,3172,60.0000,2.5000,1,0,0,0,0,0,0,0.0000,"20210801"
"RocketReports","MINT0900",1,551,551,60.0000,3.0000,1,0,0,0,0,0,0,0.0000,"20210801"
"RocketReports","MINT0906",5,3138,3142,1000.0000,17.5000,3,1,0,0,1,0,0,0.0000,"20210801"
"RocketReports","MINT0908",1,454,454,340.0000,3.5000,1,0,0,0,0,0,0,0.0000,"20210801"
"RocketReports","MINT0912",16,3115,3131,2420.0000,48.0000,13,3,0,0,0,0,0,0.0000,"20210801"
"RocketReports","MINT0913",15,2190,2206,1060.0000,45.0000,9,6,0,0,0,0,0,0.0000,"20210801"
"RocketReports","MINT0915",2,967,968,300.0000,6.0000,2,0,0,0,0,0,0,0.0000,"20210801"
"RocketReports","MINT0916",4,1020,1024,680.0000,12.0000,4,0,0,0,0,0,0,0.0000,"20210801"
"RocketReports","MINT0919",25,1063,1089,3980.0000,75.0000,24,1,0,0,0,0,0,0.0000,"20210801"
"RocketReports","MINT0921",2,490,491,100.0000,6.0000,1,0,0,1,0,0,0,0.0000,"20210801"
"RocketReports","MINT0922",5,1539,1543,400.0000,15.0000,5,0,0,0,0,0,0,0.0000,"20210801"
"RocketReports","MINT0924",43,170,221,4080.0000,150.5000,40,3,0,0,0,0,0,0.0000,"20210801"
"RocketReports","MINT1000",58,1051,1110,3360.0000,217.5000,41,4,11,2,0,0,0,0.0000,"20210801"
"RocketReports","MINT1001",36,1131,1174,1800.0000,135.0000,33,2,1,0,0,0,0,0.0000,"20210801"
"RocketReports","MINT1002",18,6930,6948,1340.0000,67.5000,14,1,1,2,0,0,0,0.0000,"20210801"
"RocketReports","MINT1003",30,2490,2520,2140.0000,112.5000,19,5,6,0,0,0,0,0.0000,"20210801"
"RocketReports","MINT1004",6,7351,7357,400.0000,22.5000,6,0,0,0,0,0,0,0.0000,"20210801"
"RocketReports","MINT1006",57,1434,1500,3620.0000,213.7500,40,6,9,2,0,0,0,0.0000,"20210801"
"RocketReports","MINT1016",15,7153,7168,1080.0000,45.0000,11,4,0,0,0,0,0,0.0000,"20210801"
"RocketReports","MINT1019",5,142,146,1480.0000,10.0000,5,0,0,0,0,0,0,0.0000,"20210801"
"RocketReports","MINT1030",1,12,12,100.0000,3.0000,1,0,0,0,0,0,0,0.0000,"20210801"
"RocketReports","MINT1041",5,1986,1990,900.0000,12.5000,2,3,0,0,0,0,0,0.0000,"20210801"
"RocketReports","MINT1050",7,2756,2763,1400.0000,21.0000,7,0,0,0,0,0,0,0.0000,"20210801"
"RocketReports","MINT1061",1,202,202,100.0000,3.0000,1,0,0,0,0,0,0,0.0000,"20210801"
"RocketReports","MINT1062",4,171,174,1020.0000,14.0000,4,0,0,0,0,0,0,0.0000,"20210801"
"RocketReports","MINT1063",47,1564,1611,5180.0000,141.0000,45,2,0,0,0,0,0,0.0000,"20210801"
"RocketReports","MINT1066",27,991,1021,1420.0000,81.0000,24,1,2,0,0,0,0,0.0000,"20210801"
"RocketReports","MINT1068",1,7599,7600,80.0000,3.0000,0,0,0,1,0,0,0,0.0000,"20210801"
"RocketReports","MINT1074",5,1391,1396,520.0000,13.7500,5,0,0,0,0,0,0,0.0000,"20210801"
"RocketReports","MINT1075",14,4638,4651,960.0000,42.0000,4,8,2,0,0,0,0,0.0000,"20210801"
"RocketReports","MINT1076",10,2729,2739,1480.0000,30.0000,7,2,1,0,0,0,0,0.0000,"20210801"
"RocketReports","MINT1077",4,803,806,740.0000,12.0000,4,0,0,0,0,0,0,0.0000,"20210801"
"RocketReports","MINT1080",6,649,658,460.0000,19.5000,5,0,1,0,0,0,0,0.0000,"20210801"
"RocketReports","MINT1081",2,222,224,200.0000,6.0000,2,0,0,0,0,0,0,0.0000,"20210801"
"RocketReports","MINT1083",4,508,511,280.0000,12.0000,1,1,1,0,1,0,0,0.0000,"20210801"
"RocketReports","MINT1085",20,247,266,1160.0000,75.0000,15,1,4,0,0,0,0,0.0000,"20210801"
"RocketReports","MINT1086",16,196,212,760.0000,60.0000,14,1,1,0,0,0,0,0.0000,"20210801"
"RocketReports","MINT1087",8,207,214,260.0000,30.0000,8,0,0,0,0,0,0,0.0000,"20210801"
"RocketReports","MINT1091",2,155,156,300.0000,6.0000,2,0,0,0,0,0,0,0.0000,"20210801"
"RocketReports","MINT1092",10,45,55,1100.0000,30.0000,8,1,1,0,0,0,0,0.0000,"20210801"
"RocketReports","MINT1093",1,23,23,80.0000,4.0000,1,0,0,0,0,0,0,0.0000,"20210801"
"RocketReports","MINT3000",40,4886,4929,1680.0000,160.0000,37,2,1,0,0,0,0,0.0000,"20210801"
"RocketReports","MINT3005",16,27,45,1420.0000,56.0000,14,2,0,0,0,0,0,0.0000,"20210801"
"RocketReports","MINT4000",10,4831,4842,1760.0000,30.0000,10,0,0,0,0,0,0,0.0000,"20210801"
"RocketReports","MINT4001",9,2226,2234,500.0000,27.0000,6,3,0,0,0,0,0,0.0000,"20210801"
"RocketReports","MINT4003",9,1984,1992,1420.0000,27.0000,8,1,0,0,0,0,0,0.0000,"20210801"
"RocketReports","MINT4005",9,5682,5698,2000.0000,24.7500,8,0,0,1,0,0,0,0.0000,"20210801"
"RocketReports","MINT4009",32,6406,6455,3140.0000,96.0000,23,9,0,0,0,0,0,0.0000,"20210801"
"RocketReports","MINT4010",22,7841,7862,3280.0000,55.0000,20,2,0,0,0,0,0,0.0000,"20210801"
"RocketReports","MINT4014",8,7611,7619,1160.0000,24.0000,5,1,0,2,0,0,0,0.0000,"20210801"
"RocketReports","MINT4015",7,7382,7389,1380.0000,21.0000,7,0,0,0,0,0,0,0.0000,"20210801"
"RocketReports","MINT4016",2,9665,9667,140.0000,6.0000,2,0,0,0,0,0,0,0.0000,"20210801"
"RocketReports","MINT4017",2,8,9,280.0000,6.0000,2,0,0,0,0,0,0,0.0000,"20210801"
"RocketReports","MINT4020",7,4142,4152,760.0000,21.0000,6,0,0,1,0,0,0,0.0000,"20210801"
"RocketReports","MINT4021",1,1571,1571,100.0000,3.0000,1,0,0,0,0,0,0,0.0000,"20210801"
"RocketReports","MINT4022",37,1640,1688,6280.0000,92.5000,29,4,0,4,0,0,0,0.0000,"20210801"
"RocketReports","MINT4023",1,433,433,60.0000,3.0000,1,0,0,0,0,0,0,0.0000,"20210801"
"RocketReports","MINT4024",6,220,229,1040.0000,18.0000,5,1,0,0,0,0,0,0.0000,"20210801"
"RocketReports","MINT4025",11,1186,1197,1720.0000,33.0000,4,7,0,0,0,0,0,0.0000,"20210801"
"RocketReports","MINT4030",1,65,65,20.0000,3.0000,1,0,0,0,0,0,0,0.0000,"20210801"
"RocketReports","MINT4031",11,3361,3372,1660.0000,22.0000,9,2,0,0,0,0,0,0.0000,"20210801"
"RocketReports","MINT4033",3,1210,1212,120.0000,9.0000,2,1,0,0,0,0,0,0.0000,"20210801"
"RocketReports","MINT4035",2,961,963,200.0000,6.0000,2,0,0,0,0,0,0,0.0000,"20210801"
"RocketReports","MINT4036",8,307,314,980.0000,24.0000,8,0,0,0,0,0,0,0.0000,"20210801"
"RocketReports","MINT4037",1,56,56,60.0000,2.5000,1,0,0,0,0,0,0,0.0000,"20210801"
"RocketReports","MINT4038",12,123,134,920.0000,36.0000,11,0,0,1,0,0,0,0.0000,"20210801"
"RocketReports","MINT4040",9,9989,9998,1180.0000,27.0000,8,0,0,1,0,0,0,0.0000,"20210801"
"RocketReports","MINT5000",0,86,86,0.0000,0.0000,0,0,0,0,0,0,0,0.0000,"20210801"
"RocketReports","MINT5001",7,3703,3709,400.0000,12.2500,7,0,0,0,0,0,0,0.0000,"20210801"
"RocketReports","MINT5004",2,666,667,120.0000,6.0000,2,0,0,0,0,0,0,0.0000,"20210801"
"RocketReports","MINT5007",1,277,277,400.0000,3.0000,0,1,0,0,0,0,0,0.0000,"20210801"
"RocketReports","MINTHI11",1,735,735,100.0000,3.0000,1,0,0,0,0,0,0,0.0000,"20210801"
"RocketReports","MINTHI21",14,2820,2834,1400.0000,42.0000,13,0,1,0,0,0,0,0.0000,"20210801"
"RocketReports","MINTHI31",6,3066,3071,620.0000,18.0000,4,0,2,0,0,0,0,0.0000,"20210801"
"RocketReports","MINTHI32",1,62,62,100.0000,3.0000,1,0,0,0,0,0,0,0.0000,"20210801"
"RocketReports","MINTHI41",11,1719,1732,2160.0000,33.0000,7,0,3,1,0,0,0,0.0000,"20210801"
"RocketReports","MINTHI51",16,4014,4029,4060.0000,48.0000,7,4,3,2,0,0,0,0.0000,"20210801"
"RocketReports","MINTHI52",8,133,145,540.0000,24.0000,6,1,1,0,0,0,0,0.0000,"20210801"
"RocketReports","MINTHI61",3,635,637,560.0000,9.0000,3,0,0,0,0,0,0,0.0000,"20210801"
"RocketReports","MINTHI71",1,5158,5160,400.0000,3.0000,1,0,0,0,0,0,0,0.0000,"20210801"
"RocketReports","MINTPLB1",3,789,792,620.0000,9.0000,3,0,0,0,0,0,0,0.0000,"20210801"
"RocketReports","MINTPLB2",1,46,46,400.0000,3.0000,1,0,0,0,0,0,0,0.0000,"20210801"
"RocketReports","MINTPLB3",3,1348,1350,300.0000,9.0000,2,0,1,0,0,0,0,0.0000,"20210801"
"RocketReports","MINTPLB5",4,1670,1673,520.0000,12.0000,4,0,0,0,0,0,0,0.0000,"20210801"
"RocketReports","MINTPMH1",0,570,570,0.0000,0.0000,0,0,0,0,0,0,0,0.0000,"20210801"
"RocketReports","MINTPMH2",6,761,767,500.0000,18.0000,5,0,1,0,0,0,0,0.0000,"20210801"
"RocketReports","TNS5GBZ3",8,4708,4716,340.0000,24.0000,5,1,1,1,0,0,0,0.0000,"20210801"
"RocketReports","TNS5GBZ4",2,8606,8607,200.0000,7.0000,2,0,0,0,0,0,0,0.0000,"20210801"
