"RocketReports","MINT0007",20.0000,746,0,746,0,0.0000,0,0,0,0,0.0000,0,0,0,0,0.0000,0,0,0,0,0.0000,0,0,0,0,"2021-08-01 21:00:00"
"RocketReports","MINT0009",20.0000,1392,0,790,602,0.0000,0,0,0,0,0.0000,0,0,0,0,0.0000,0,0,0,0,0.0000,0,0,0,0,"2021-08-01 21:00:00"
"RocketReports","MINT0010",20.0000,770,0,767,3,0.0000,0,0,0,0,0.0000,0,0,0,0,0.0000,0,0,0,0,0.0000,0,0,0,0,"2021-08-01 21:00:00"
"RocketReports","MINT0012",20.0000,6921,0,6886,35,0.0000,0,0,0,0,0.0000,0,0,0,0,0.0000,0,0,0,0,0.0000,0,0,0,0,"2021-08-01 21:00:00"
"RocketReports","MINT0014",20.0000,197,0,118,79,0.0000,0,0,0,0,0.0000,0,0,0,0,0.0000,0,0,0,0,0.0000,0,0,0,0,"2021-08-01 21:00:00"
"RocketReports","MINT0025",20.0000,843,0,706,137,0.0000,0,0,0,0,0.0000,0,0,0,0,0.0000,0,0,0,0,0.0000,0,0,0,0,"2021-08-01 21:00:00"
"RocketReports","MINT0026",20.0000,817,0,614,203,0.0000,0,0,0,0,0.0000,0,0,0,0,0.0000,0,0,0,0,0.0000,0,0,0,0,"2021-08-01 21:00:00"
"RocketReports","MINT0027",20.0000,1890,0,1614,276,0.0000,0,0,0,0,0.0000,0,0,0,0,0.0000,0,0,0,0,0.0000,0,0,0,0,"2021-08-01 21:00:00"
"RocketReports","MINT0028",20.0000,4435,0,4251,184,0.0000,0,0,0,0,0.0000,0,0,0,0,0.0000,0,0,0,0,0.0000,0,0,0,0,"2021-08-01 21:00:00"
"RocketReports","MINT0030",20.0000,234,0,166,68,0.0000,0,0,0,0,0.0000,0,0,0,0,0.0000,0,0,0,0,0.0000,0,0,0,0,"2021-08-01 21:00:00"
"RocketReports","MINT0031",20.0000,481,0,412,69,0.0000,0,0,0,0,0.0000,0,0,0,0,0.0000,0,0,0,0,0.0000,0,0,0,0,"2021-08-01 21:00:00"
"RocketReports","MINT0032",20.0000,102,0,82,20,0.0000,0,0,0,0,0.0000,0,0,0,0,0.0000,0,0,0,0,0.0000,0,0,0,0,"2021-08-01 21:00:00"
"RocketReports","MINT0034",20.0000,3111,0,3095,16,0.0000,0,0,0,0,0.0000,0,0,0,0,0.0000,0,0,0,0,0.0000,0,0,0,0,"2021-08-01 21:00:00"
"RocketReports","MINT0037",20.0000,100,0,60,40,0.0000,0,0,0,0,0.0000,0,0,0,0,0.0000,0,0,0,0,0.0000,0,0,0,0,"2021-08-01 21:00:00"
"RocketReports","MINT0040",20.0000,1040,0,884,156,0.0000,0,0,0,0,0.0000,0,0,0,0,0.0000,0,0,0,0,0.0000,0,0,0,0,"2021-08-01 21:00:00"
"RocketReports","MINT0041",20.0000,559,0,552,7,0.0000,0,0,0,0,0.0000,0,0,0,0,0.0000,0,0,0,0,0.0000,0,0,0,0,"2021-08-01 21:00:00"
"RocketReports","MINT0042",20.0000,773,0,467,306,0.0000,0,0,0,0,0.0000,0,0,0,0,0.0000,0,0,0,0,0.0000,0,0,0,0,"2021-08-01 21:00:00"
"RocketReports","MINT0043",20.0000,3798,0,3616,182,0.0000,0,0,0,0,0.0000,0,0,0,0,0.0000,0,0,0,0,0.0000,0,0,0,0,"2021-08-01 21:00:00"
"RocketReports","MINT0044",20.0000,1438,0,1175,263,0.0000,0,0,0,0,0.0000,0,0,0,0,0.0000,0,0,0,0,0.0000,0,0,0,0,"2021-08-01 21:00:00"
"RocketReports","MINT0046",20.0000,2363,0,2042,321,0.0000,0,0,0,0,0.0000,0,0,0,0,0.0000,0,0,0,0,0.0000,0,0,0,0,"2021-08-01 21:00:00"
"RocketReports","MINT0047",20.0000,16,0,15,1,0.0000,0,0,0,0,0.0000,0,0,0,0,0.0000,0,0,0,0,0.0000,0,0,0,0,"2021-08-01 21:00:00"
"RocketReports","MINT0048",20.0000,99,0,48,51,0.0000,0,0,0,0,0.0000,0,0,0,0,0.0000,0,0,0,0,0.0000,0,0,0,0,"2021-08-01 21:00:00"
"RocketReports","MINT0049",20.0000,899,0,645,254,0.0000,0,0,0,0,0.0000,0,0,0,0,0.0000,0,0,0,0,0.0000,0,0,0,0,"2021-08-01 21:00:00"
"RocketReports","MINT0050",20.0000,822,0,502,320,0.0000,0,0,0,0,0.0000,0,0,0,0,0.0000,0,0,0,0,0.0000,0,0,0,0,"2021-08-01 21:00:00"
"RocketReports","MINT0051",20.0000,472,0,471,1,0.0000,0,0,0,0,0.0000,0,0,0,0,0.0000,0,0,0,0,0.0000,0,0,0,0,"2021-08-01 21:00:00"
"RocketReports","MINT0052",20.0000,658,0,560,98,0.0000,0,0,0,0,0.0000,0,0,0,0,0.0000,0,0,0,0,0.0000,0,0,0,0,"2021-08-01 21:00:00"
"RocketReports","MINT0053",20.0000,4346,0,4198,148,0.0000,0,0,0,0,0.0000,0,0,0,0,0.0000,0,0,0,0,0.0000,0,0,0,0,"2021-08-01 21:00:00"
"RocketReports","MINT0054",20.0000,1052,0,922,130,0.0000,0,0,0,0,0.0000,0,0,0,0,0.0000,0,0,0,0,0.0000,0,0,0,0,"2021-08-01 21:00:00"
"RocketReports","MINT0055",20.0000,308,0,134,174,0.0000,0,0,0,0,0.0000,0,0,0,0,0.0000,0,0,0,0,0.0000,0,0,0,0,"2021-08-01 21:00:00"
"RocketReports","MINT0056",20.0000,602,0,249,353,0.0000,0,0,0,0,0.0000,0,0,0,0,0.0000,0,0,0,0,0.0000,0,0,0,0,"2021-08-01 21:00:00"
"RocketReports","MINT0057",20.0000,1924,0,1890,34,0.0000,0,0,0,0,0.0000,0,0,0,0,0.0000,0,0,0,0,0.0000,0,0,0,0,"2021-08-01 21:00:00"
"RocketReports","MINT0058",20.0000,6289,0,6270,19,0.0000,0,0,0,0,0.0000,0,0,0,0,0.0000,0,0,0,0,0.0000,0,0,0,0,"2021-08-01 21:00:00"
"RocketReports","MINT0059",20.0000,3032,0,2544,488,0.0000,0,0,0,0,0.0000,0,0,0,0,0.0000,0,0,0,0,0.0000,0,0,0,0,"2021-08-01 21:00:00"
"RocketReports","MINT0062",20.0000,718,0,350,368,0.0000,0,0,0,0,0.0000,0,0,0,0,0.0000,0,0,0,0,0.0000,0,0,0,0,"2021-08-01 21:00:00"
"RocketReports","MINT0063",20.0000,4078,0,3908,170,0.0000,0,0,0,0,0.0000,0,0,0,0,0.0000,0,0,0,0,0.0000,0,0,0,0,"2021-08-01 21:00:00"
"RocketReports","MINT0064",20.0000,285,0,182,103,0.0000,0,0,0,0,0.0000,0,0,0,0,0.0000,0,0,0,0,0.0000,0,0,0,0,"2021-08-01 21:00:00"
"RocketReports","MINT0065",20.0000,253,0,128,125,0.0000,0,0,0,0,0.0000,0,0,0,0,0.0000,0,0,0,0,0.0000,0,0,0,0,"2021-08-01 21:00:00"
"RocketReports","MINT0066",20.0000,3643,0,3525,118,0.0000,0,0,0,0,0.0000,0,0,0,0,0.0000,0,0,0,0,0.0000,0,0,0,0,"2021-08-01 21:00:00"
"RocketReports","MINT0067",20.0000,289,0,96,193,0.0000,0,0,0,0,0.0000,0,0,0,0,0.0000,0,0,0,0,0.0000,0,0,0,0,"2021-08-01 21:00:00"
"RocketReports","MINT0067",0.0000,0,0,0,0,50.0000,380,0,256,124,0.0000,0,0,0,0,0.0000,0,0,0,0,0.0000,0,0,0,0,"2021-08-01 21:00:00"
"RocketReports","MINT0068",20.0000,593,0,430,163,0.0000,0,0,0,0,0.0000,0,0,0,0,0.0000,0,0,0,0,0.0000,0,0,0,0,"2021-08-01 21:00:00"
"RocketReports","MINT0069",20.0000,796,0,480,316,0.0000,0,0,0,0,0.0000,0,0,0,0,0.0000,0,0,0,0,0.0000,0,0,0,0,"2021-08-01 21:00:00"
"RocketReports","MINT0069",0.0000,0,0,0,0,50.0000,510,0,339,171,0.0000,0,0,0,0,0.0000,0,0,0,0,0.0000,0,0,0,0,"2021-08-01 21:00:00"
"RocketReports","MINT0070",20.0000,14,0,1,13,0.0000,0,0,0,0,0.0000,0,0,0,0,0.0000,0,0,0,0,0.0000,0,0,0,0,"2021-08-01 21:00:00"
"RocketReports","MINT0100",20.0000,250,0,92,158,0.0000,0,0,0,0,0.0000,0,0,0,0,0.0000,0,0,0,0,0.0000,0,0,0,0,"2021-08-01 21:00:00"
"RocketReports","MINT0101",10.0000,436,0,336,100,0.0000,0,0,0,0,0.0000,0,0,0,0,0.0000,0,0,0,0,0.0000,0,0,0,0,"2021-08-01 21:00:00"
"RocketReports","MINT0102",20.0000,63,0,27,36,0.0000,0,0,0,0,0.0000,0,0,0,0,0.0000,0,0,0,0,0.0000,0,0,0,0,"2021-08-01 21:00:00"
"RocketReports","MINT0103",20.0000,76,0,31,45,0.0000,0,0,0,0,0.0000,0,0,0,0,0.0000,0,0,0,0,0.0000,0,0,0,0,"2021-08-01 21:00:00"
"RocketReports","MINT0104",20.0000,134,0,5,129,0.0000,0,0,0,0,0.0000,0,0,0,0,0.0000,0,0,0,0,0.0000,0,0,0,0,"2021-08-01 21:00:00"
"RocketReports","MINT0105",20.0000,1,0,0,1,0.0000,0,0,0,0,0.0000,0,0,0,0,0.0000,0,0,0,0,0.0000,0,0,0,0,"2021-08-01 21:00:00"
"RocketReports","MINT0106",20.0000,141,0,26,115,0.0000,0,0,0,0,0.0000,0,0,0,0,0.0000,0,0,0,0,0.0000,0,0,0,0,"2021-08-01 21:00:00"
"RocketReports","MINT0107",20.0000,3650,0,3585,65,0.0000,0,0,0,0,0.0000,0,0,0,0,0.0000,0,0,0,0,0.0000,0,0,0,0,"2021-08-01 21:00:00"
"RocketReports","MINT0108",20.0000,300,0,194,106,0.0000,0,0,0,0,0.0000,0,0,0,0,0.0000,0,0,0,0,0.0000,0,0,0,0,"2021-08-01 21:00:00"
"RocketReports","MINT0109",20.0000,140,0,7,133,0.0000,0,0,0,0,0.0000,0,0,0,0,0.0000,0,0,0,0,0.0000,0,0,0,0,"2021-08-01 21:00:00"
"RocketReports","MINT0110",20.0000,150,0,94,56,0.0000,0,0,0,0,0.0000,0,0,0,0,0.0000,0,0,0,0,0.0000,0,0,0,0,"2021-08-01 21:00:00"
"RocketReports","MINT0111",20.0000,319,0,202,117,0.0000,0,0,0,0,0.0000,0,0,0,0,0.0000,0,0,0,0,0.0000,0,0,0,0,"2021-08-01 21:00:00"
"RocketReports","MINT0112",20.0000,8299,0,8266,33,0.0000,0,0,0,0,0.0000,0,0,0,0,0.0000,0,0,0,0,0.0000,0,0,0,0,"2021-08-01 21:00:00"
"RocketReports","MINT0113",20.0000,150,0,63,87,0.0000,0,0,0,0,0.0000,0,0,0,0,0.0000,0,0,0,0,0.0000,0,0,0,0,"2021-08-01 21:00:00"
"RocketReports","MINT0115",20.0000,123,0,84,39,0.0000,0,0,0,0,0.0000,0,0,0,0,0.0000,0,0,0,0,0.0000,0,0,0,0,"2021-08-01 21:00:00"
"RocketReports","MINT0116",20.0000,250,0,30,220,0.0000,0,0,0,0,0.0000,0,0,0,0,0.0000,0,0,0,0,0.0000,0,0,0,0,"2021-08-01 21:00:00"
"RocketReports","MINT0117",20.0000,599,0,506,93,0.0000,0,0,0,0,0.0000,0,0,0,0,0.0000,0,0,0,0,0.0000,0,0,0,0,"2021-08-01 21:00:00"
"RocketReports","MINT0118",20.0000,288,0,232,56,0.0000,0,0,0,0,0.0000,0,0,0,0,0.0000,0,0,0,0,0.0000,0,0,0,0,"2021-08-01 21:00:00"
"RocketReports","MINT0119",20.0000,150,0,12,138,0.0000,0,0,0,0,0.0000,0,0,0,0,0.0000,0,0,0,0,0.0000,0,0,0,0,"2021-08-01 21:00:00"
"RocketReports","MINT0120",20.0000,109,0,93,16,0.0000,0,0,0,0,0.0000,0,0,0,0,0.0000,0,0,0,0,0.0000,0,0,0,0,"2021-08-01 21:00:00"
"RocketReports","MINT0121",20.0000,250,0,144,106,0.0000,0,0,0,0,0.0000,0,0,0,0,0.0000,0,0,0,0,0.0000,0,0,0,0,"2021-08-01 21:00:00"
"RocketReports","MINT0122",20.0000,250,0,125,125,0.0000,0,0,0,0,0.0000,0,0,0,0,0.0000,0,0,0,0,0.0000,0,0,0,0,"2021-08-01 21:00:00"
"RocketReports","MINT0123",20.0000,142,0,80,62,0.0000,0,0,0,0,0.0000,0,0,0,0,0.0000,0,0,0,0,0.0000,0,0,0,0,"2021-08-01 21:00:00"
"RocketReports","MINT0124",20.0000,123,0,93,30,0.0000,0,0,0,0,0.0000,0,0,0,0,0.0000,0,0,0,0,0.0000,0,0,0,0,"2021-08-01 21:00:00"
"RocketReports","MINT0125",20.0000,313,0,20,293,0.0000,0,0,0,0,0.0000,0,0,0,0,0.0000,0,0,0,0,0.0000,0,0,0,0,"2021-08-01 21:00:00"
"RocketReports","MINT0126",20.0000,100,0,5,95,0.0000,0,0,0,0,0.0000,0,0,0,0,0.0000,0,0,0,0,0.0000,0,0,0,0,"2021-08-01 21:00:00"
"RocketReports","MINT0127",20.0000,300,0,205,95,0.0000,0,0,0,0,0.0000,0,0,0,0,0.0000,0,0,0,0,0.0000,0,0,0,0,"2021-08-01 21:00:00"
"RocketReports","MINT0128",20.0000,100,0,29,71,0.0000,0,0,0,0,0.0000,0,0,0,0,0.0000,0,0,0,0,0.0000,0,0,0,0,"2021-08-01 21:00:00"
"RocketReports","MINT0129",20.0000,216,0,65,151,0.0000,0,0,0,0,0.0000,0,0,0,0,0.0000,0,0,0,0,0.0000,0,0,0,0,"2021-08-01 21:00:00"
"RocketReports","MINT0130",20.0000,100,0,51,49,0.0000,0,0,0,0,0.0000,0,0,0,0,0.0000,0,0,0,0,0.0000,0,0,0,0,"2021-08-01 21:00:00"
"RocketReports","MINT0131",20.0000,100,0,89,11,0.0000,0,0,0,0,0.0000,0,0,0,0,0.0000,0,0,0,0,0.0000,0,0,0,0,"2021-08-01 21:00:00"
"RocketReports","MINT0132",20.0000,100,0,1,99,0.0000,0,0,0,0,0.0000,0,0,0,0,0.0000,0,0,0,0,0.0000,0,0,0,0,"2021-08-01 21:00:00"
"RocketReports","MINT0133",20.0000,150,0,45,105,0.0000,0,0,0,0,0.0000,0,0,0,0,0.0000,0,0,0,0,0.0000,0,0,0,0,"2021-08-01 21:00:00"
"RocketReports","MINT0134",20.0000,50,0,50,0,0.0000,0,0,0,0,0.0000,0,0,0,0,0.0000,0,0,0,0,0.0000,0,0,0,0,"2021-08-01 21:00:00"
"RocketReports","MINT0135",20.0000,400,0,138,262,0.0000,0,0,0,0,0.0000,0,0,0,0,0.0000,0,0,0,0,0.0000,0,0,0,0,"2021-08-01 21:00:00"
"RocketReports","MINT0136",20.0000,200,0,0,200,0.0000,0,0,0,0,0.0000,0,0,0,0,0.0000,0,0,0,0,0.0000,0,0,0,0,"2021-08-01 21:00:00"
"RocketReports","MINT0137",20.0000,506,0,108,398,0.0000,0,0,0,0,0.0000,0,0,0,0,0.0000,0,0,0,0,0.0000,0,0,0,0,"2021-08-01 21:00:00"
"RocketReports","MINT0138",20.0000,200,0,13,187,0.0000,0,0,0,0,0.0000,0,0,0,0,0.0000,0,0,0,0,0.0000,0,0,0,0,"2021-08-01 21:00:00"
"RocketReports","MINT0139",20.0000,250,0,0,250,0.0000,0,0,0,0,0.0000,0,0,0,0,0.0000,0,0,0,0,0.0000,0,0,0,0,"2021-08-01 21:00:00"
"RocketReports","MINT0141",20.0000,150,0,10,140,0.0000,0,0,0,0,0.0000,0,0,0,0,0.0000,0,0,0,0,0.0000,0,0,0,0,"2021-08-01 21:00:00"
"RocketReports","MINT0142",20.0000,162,0,65,97,0.0000,0,0,0,0,0.0000,0,0,0,0,0.0000,0,0,0,0,0.0000,0,0,0,0,"2021-08-01 21:00:00"
"RocketReports","MINT0143",20.0000,350,0,188,162,0.0000,0,0,0,0,0.0000,0,0,0,0,0.0000,0,0,0,0,0.0000,0,0,0,0,"2021-08-01 21:00:00"
"RocketReports","MINT0144",20.0000,124,0,26,98,0.0000,0,0,0,0,0.0000,0,0,0,0,0.0000,0,0,0,0,0.0000,0,0,0,0,"2021-08-01 21:00:00"
"RocketReports","MINT0145",20.0000,65,0,40,25,0.0000,0,0,0,0,0.0000,0,0,0,0,0.0000,0,0,0,0,0.0000,0,0,0,0,"2021-08-01 21:00:00"
"RocketReports","MINT0146",20.0000,264,0,7,257,0.0000,0,0,0,0,0.0000,0,0,0,0,0.0000,0,0,0,0,0.0000,0,0,0,0,"2021-08-01 21:00:00"
"RocketReports","MINT0147",20.0000,100,0,36,64,0.0000,0,0,0,0,0.0000,0,0,0,0,0.0000,0,0,0,0,0.0000,0,0,0,0,"2021-08-01 21:00:00"
"RocketReports","MINT0148",20.0000,150,0,12,138,0.0000,0,0,0,0,0.0000,0,0,0,0,0.0000,0,0,0,0,0.0000,0,0,0,0,"2021-08-01 21:00:00"
"RocketReports","MINT0149",20.0000,112,0,20,92,0.0000,0,0,0,0,0.0000,0,0,0,0,0.0000,0,0,0,0,0.0000,0,0,0,0,"2021-08-01 21:00:00"
"RocketReports","MINT0150",20.0000,239,0,50,189,0.0000,0,0,0,0,0.0000,0,0,0,0,0.0000,0,0,0,0,0.0000,0,0,0,0,"2021-08-01 21:00:00"
"RocketReports","MINT0151",20.0000,34,0,26,8,0.0000,0,0,0,0,0.0000,0,0,0,0,0.0000,0,0,0,0,0.0000,0,0,0,0,"2021-08-01 21:00:00"
"RocketReports","MINT0152",20.0000,124,0,62,62,0.0000,0,0,0,0,0.0000,0,0,0,0,0.0000,0,0,0,0,0.0000,0,0,0,0,"2021-08-01 21:00:00"
"RocketReports","MINT0153",20.0000,100,0,65,35,0.0000,0,0,0,0,0.0000,0,0,0,0,0.0000,0,0,0,0,0.0000,0,0,0,0,"2021-08-01 21:00:00"
"RocketReports","MINT0154",20.0000,250,0,210,40,0.0000,0,0,0,0,0.0000,0,0,0,0,0.0000,0,0,0,0,0.0000,0,0,0,0,"2021-08-01 21:00:00"
"RocketReports","MINT0155",20.0000,338,0,162,176,0.0000,0,0,0,0,0.0000,0,0,0,0,0.0000,0,0,0,0,0.0000,0,0,0,0,"2021-08-01 21:00:00"
"RocketReports","MINT0155",0.0000,0,0,0,0,5.0000,75,0,6,69,0.0000,0,0,0,0,0.0000,0,0,0,0,0.0000,0,0,0,0,"2021-08-01 21:00:00"
"RocketReports","MINT0156",20.0000,121,0,36,85,0.0000,0,0,0,0,0.0000,0,0,0,0,0.0000,0,0,0,0,0.0000,0,0,0,0,"2021-08-01 21:00:00"
"RocketReports","MINT0157",20.0000,2194,0,2154,40,0.0000,0,0,0,0,0.0000,0,0,0,0,0.0000,0,0,0,0,0.0000,0,0,0,0,"2021-08-01 21:00:00"
"RocketReports","MINT0160",20.0000,939,0,187,752,0.0000,0,0,0,0,0.0000,0,0,0,0,0.0000,0,0,0,0,0.0000,0,0,0,0,"2021-08-01 21:00:00"
"RocketReports","MINT0161",20.0000,100,0,0,100,0.0000,0,0,0,0,0.0000,0,0,0,0,0.0000,0,0,0,0,0.0000,0,0,0,0,"2021-08-01 21:00:00"
"RocketReports","MINT0162",20.0000,1,0,0,1,0.0000,0,0,0,0,0.0000,0,0,0,0,0.0000,0,0,0,0,0.0000,0,0,0,0,"2021-08-01 21:00:00"
"RocketReports","MINT0163",10.0000,0,0,0,0,0.0000,0,0,0,0,0.0000,0,0,0,0,0.0000,0,0,0,0,0.0000,0,0,0,0,"2021-08-01 21:00:00"
"RocketReports","MINT0163",0.0000,0,0,0,0,20.0000,654,0,104,550,0.0000,0,0,0,0,0.0000,0,0,0,0,0.0000,0,0,0,0,"2021-08-01 21:00:00"
"RocketReports","MINT0201",20.0000,91,0,31,60,0.0000,0,0,0,0,0.0000,0,0,0,0,0.0000,0,0,0,0,0.0000,0,0,0,0,"2021-08-01 21:00:00"
"RocketReports","MINT0203",20.0000,50,0,8,42,0.0000,0,0,0,0,0.0000,0,0,0,0,0.0000,0,0,0,0,0.0000,0,0,0,0,"2021-08-01 21:00:00"
"RocketReports","MINT0204",20.0000,109,0,16,93,0.0000,0,0,0,0,0.0000,0,0,0,0,0.0000,0,0,0,0,0.0000,0,0,0,0,"2021-08-01 21:00:00"
"RocketReports","MINT0205",20.0000,150,0,38,112,0.0000,0,0,0,0,0.0000,0,0,0,0,0.0000,0,0,0,0,0.0000,0,0,0,0,"2021-08-01 21:00:00"
"RocketReports","MINT0206",20.0000,300,0,50,250,0.0000,0,0,0,0,0.0000,0,0,0,0,0.0000,0,0,0,0,0.0000,0,0,0,0,"2021-08-01 21:00:00"
"RocketReports","MINT0207",20.0000,343,0,85,258,0.0000,0,0,0,0,0.0000,0,0,0,0,0.0000,0,0,0,0,0.0000,0,0,0,0,"2021-08-01 21:00:00"
"RocketReports","MINT0208",20.0000,400,0,210,190,0.0000,0,0,0,0,0.0000,0,0,0,0,0.0000,0,0,0,0,0.0000,0,0,0,0,"2021-08-01 21:00:00"
"RocketReports","MINT0209",20.0000,500,0,45,455,0.0000,0,0,0,0,0.0000,0,0,0,0,0.0000,0,0,0,0,0.0000,0,0,0,0,"2021-08-01 21:00:00"
"RocketReports","MINT0304",20.0000,200,0,70,130,0.0000,0,0,0,0,0.0000,0,0,0,0,0.0000,0,0,0,0,0.0000,0,0,0,0,"2021-08-01 21:00:00"
"RocketReports","MINT0305",20.0000,563,0,401,162,0.0000,0,0,0,0,0.0000,0,0,0,0,0.0000,0,0,0,0,0.0000,0,0,0,0,"2021-08-01 21:00:00"
"RocketReports","MINT0306",20.0000,278,0,87,191,0.0000,0,0,0,0,0.0000,0,0,0,0,0.0000,0,0,0,0,0.0000,0,0,0,0,"2021-08-01 21:00:00"
"RocketReports","MINT0308",20.0000,540,0,459,81,0.0000,0,0,0,0,0.0000,0,0,0,0,0.0000,0,0,0,0,0.0000,0,0,0,0,"2021-08-01 21:00:00"
"RocketReports","MINT0350",20.0000,1394,0,1264,130,0.0000,0,0,0,0,0.0000,0,0,0,0,0.0000,0,0,0,0,0.0000,0,0,0,0,"2021-08-01 21:00:00"
"RocketReports","MINT0351",20.0000,699,0,388,311,0.0000,0,0,0,0,0.0000,0,0,0,0,0.0000,0,0,0,0,0.0000,0,0,0,0,"2021-08-01 21:00:00"
"RocketReports","MINT0352",20.0000,375,0,225,150,0.0000,0,0,0,0,0.0000,0,0,0,0,0.0000,0,0,0,0,0.0000,0,0,0,0,"2021-08-01 21:00:00"
"RocketReports","MINT0353",20.0000,696,0,588,108,0.0000,0,0,0,0,0.0000,0,0,0,0,0.0000,0,0,0,0,0.0000,0,0,0,0,"2021-08-01 21:00:00"
"RocketReports","MINT0355",20.0000,544,0,234,310,0.0000,0,0,0,0,0.0000,0,0,0,0,0.0000,0,0,0,0,0.0000,0,0,0,0,"2021-08-01 21:00:00"
"RocketReports","MINT0356",20.0000,288,0,53,235,0.0000,0,0,0,0,0.0000,0,0,0,0,0.0000,0,0,0,0,0.0000,0,0,0,0,"2021-08-01 21:00:00"
"RocketReports","MINT0357",20.0000,300,0,121,179,0.0000,0,0,0,0,0.0000,0,0,0,0,0.0000,0,0,0,0,0.0000,0,0,0,0,"2021-08-01 21:00:00"
"RocketReports","MINT0358",20.0000,0,0,0,0,0.0000,0,0,0,0,0.0000,0,0,0,0,0.0000,0,0,0,0,0.0000,0,0,0,0,"2021-08-01 21:00:00"
"RocketReports","MINT0359",20.0000,7836,0,7590,246,0.0000,0,0,0,0,0.0000,0,0,0,0,0.0000,0,0,0,0,0.0000,0,0,0,0,"2021-08-01 21:00:00"
"RocketReports","MINT0360",20.0000,396,0,228,168,0.0000,0,0,0,0,0.0000,0,0,0,0,0.0000,0,0,0,0,0.0000,0,0,0,0,"2021-08-01 21:00:00"
"RocketReports","MINT0400",20.0000,11,0,4,7,0.0000,0,0,0,0,0.0000,0,0,0,0,0.0000,0,0,0,0,0.0000,0,0,0,0,"2021-08-01 21:00:00"
"RocketReports","MINT0401",20.0000,58,0,27,31,0.0000,0,0,0,0,0.0000,0,0,0,0,0.0000,0,0,0,0,0.0000,0,0,0,0,"2021-08-01 21:00:00"
"RocketReports","MINT0402",20.0000,185,0,60,125,0.0000,0,0,0,0,0.0000,0,0,0,0,0.0000,0,0,0,0,0.0000,0,0,0,0,"2021-08-01 21:00:00"
"RocketReports","MINT0403",20.0000,193,0,70,123,0.0000,0,0,0,0,0.0000,0,0,0,0,0.0000,0,0,0,0,0.0000,0,0,0,0,"2021-08-01 21:00:00"
"RocketReports","MINT0404",20.0000,41,0,15,26,0.0000,0,0,0,0,0.0000,0,0,0,0,0.0000,0,0,0,0,0.0000,0,0,0,0,"2021-08-01 21:00:00"
"RocketReports","MINT0405",20.0000,129,0,9,120,0.0000,0,0,0,0,0.0000,0,0,0,0,0.0000,0,0,0,0,0.0000,0,0,0,0,"2021-08-01 21:00:00"
"RocketReports","MINT0406",20.0000,41,0,23,18,0.0000,0,0,0,0,0.0000,0,0,0,0,0.0000,0,0,0,0,0.0000,0,0,0,0,"2021-08-01 21:00:00"
"RocketReports","MINT0407",20.0000,113,0,70,43,0.0000,0,0,0,0,0.0000,0,0,0,0,0.0000,0,0,0,0,0.0000,0,0,0,0,"2021-08-01 21:00:00"
"RocketReports","MINT0408",20.0000,23,0,0,23,0.0000,0,0,0,0,0.0000,0,0,0,0,0.0000,0,0,0,0,0.0000,0,0,0,0,"2021-08-01 21:00:00"
"RocketReports","MINT0409",20.0000,67,0,1,66,0.0000,0,0,0,0,0.0000,0,0,0,0,0.0000,0,0,0,0,0.0000,0,0,0,0,"2021-08-01 21:00:00"
"RocketReports","MINT0410",20.0000,52,0,25,27,0.0000,0,0,0,0,0.0000,0,0,0,0,0.0000,0,0,0,0,0.0000,0,0,0,0,"2021-08-01 21:00:00"
"RocketReports","MINT0411",20.0000,414,0,370,44,0.0000,0,0,0,0,0.0000,0,0,0,0,0.0000,0,0,0,0,0.0000,0,0,0,0,"2021-08-01 21:00:00"
"RocketReports","MINT0412",20.0000,38,0,0,38,0.0000,0,0,0,0,0.0000,0,0,0,0,0.0000,0,0,0,0,0.0000,0,0,0,0,"2021-08-01 21:00:00"
"RocketReports","MINT0413",20.0000,92,0,11,81,0.0000,0,0,0,0,0.0000,0,0,0,0,0.0000,0,0,0,0,0.0000,0,0,0,0,"2021-08-01 21:00:00"
"RocketReports","MINT0414",20.0000,100,0,42,58,0.0000,0,0,0,0,0.0000,0,0,0,0,0.0000,0,0,0,0,0.0000,0,0,0,0,"2021-08-01 21:00:00"
"RocketReports","MINT0415",20.0000,13,0,0,13,0.0000,0,0,0,0,0.0000,0,0,0,0,0.0000,0,0,0,0,0.0000,0,0,0,0,"2021-08-01 21:00:00"
"RocketReports","MINT0416",20.0000,66,0,2,64,0.0000,0,0,0,0,0.0000,0,0,0,0,0.0000,0,0,0,0,0.0000,0,0,0,0,"2021-08-01 21:00:00"
"RocketReports","MINT0417",20.0000,40,0,13,27,0.0000,0,0,0,0,0.0000,0,0,0,0,0.0000,0,0,0,0,0.0000,0,0,0,0,"2021-08-01 21:00:00"
"RocketReports","MINT0418",20.0000,58,0,22,36,0.0000,0,0,0,0,0.0000,0,0,0,0,0.0000,0,0,0,0,0.0000,0,0,0,0,"2021-08-01 21:00:00"
"RocketReports","MINT0419",20.0000,150,0,82,68,0.0000,0,0,0,0,0.0000,0,0,0,0,0.0000,0,0,0,0,0.0000,0,0,0,0,"2021-08-01 21:00:00"
"RocketReports","MINT0494",20.0000,3637,0,3527,110,0.0000,0,0,0,0,0.0000,0,0,0,0,0.0000,0,0,0,0,0.0000,0,0,0,0,"2021-08-01 21:00:00"
"RocketReports","MINT0495",20.0000,245,0,65,180,0.0000,0,0,0,0,0.0000,0,0,0,0,0.0000,0,0,0,0,0.0000,0,0,0,0,"2021-08-01 21:00:00"
"RocketReports","MINT0496",20.0000,938,0,631,307,0.0000,0,0,0,0,0.0000,0,0,0,0,0.0000,0,0,0,0,0.0000,0,0,0,0,"2021-08-01 21:00:00"
"RocketReports","MINT0497",20.0000,6487,0,6288,199,0.0000,0,0,0,0,0.0000,0,0,0,0,0.0000,0,0,0,0,0.0000,0,0,0,0,"2021-08-01 21:00:00"
"RocketReports","MINT0498",20.0000,1629,0,1567,62,0.0000,0,0,0,0,0.0000,0,0,0,0,0.0000,0,0,0,0,0.0000,0,0,0,0,"2021-08-01 21:00:00"
"RocketReports","MINT0499",20.0000,1051,0,931,120,0.0000,0,0,0,0,0.0000,0,0,0,0,0.0000,0,0,0,0,0.0000,0,0,0,0,"2021-08-01 21:00:00"
"RocketReports","MINT0501",20.0000,3261,0,3217,44,0.0000,0,0,0,0,0.0000,0,0,0,0,0.0000,0,0,0,0,0.0000,0,0,0,0,"2021-08-01 21:00:00"
"RocketReports","MINT0503",20.0000,4264,0,3544,720,0.0000,0,0,0,0,0.0000,0,0,0,0,0.0000,0,0,0,0,0.0000,0,0,0,0,"2021-08-01 21:00:00"
"RocketReports","MINT0504",20.0000,407,0,407,0,0.0000,0,0,0,0,0.0000,0,0,0,0,0.0000,0,0,0,0,0.0000,0,0,0,0,"2021-08-01 21:00:00"
"RocketReports","MINT0508",20.0000,1012,0,363,649,0.0000,0,0,0,0,0.0000,0,0,0,0,0.0000,0,0,0,0,0.0000,0,0,0,0,"2021-08-01 21:00:00"
"RocketReports","MINT0509",20.0000,775,0,745,30,0.0000,0,0,0,0,0.0000,0,0,0,0,0.0000,0,0,0,0,0.0000,0,0,0,0,"2021-08-01 21:00:00"
"RocketReports","MINT0509",0.0000,0,0,0,0,10.0000,0,0,0,0,0.0000,0,0,0,0,0.0000,0,0,0,0,0.0000,0,0,0,0,"2021-08-01 21:00:00"
"RocketReports","MINT0519",20.0000,83,0,46,37,0.0000,0,0,0,0,0.0000,0,0,0,0,0.0000,0,0,0,0,0.0000,0,0,0,0,"2021-08-01 21:00:00"
"RocketReports","MINT0520",20.0000,600,0,9,591,0.0000,0,0,0,0,0.0000,0,0,0,0,0.0000,0,0,0,0,0.0000,0,0,0,0,"2021-08-01 21:00:00"
"RocketReports","MINT0527",20.0000,85,0,50,35,0.0000,0,0,0,0,0.0000,0,0,0,0,0.0000,0,0,0,0,0.0000,0,0,0,0,"2021-08-01 21:00:00"
"RocketReports","MINT0529",20.0000,190,0,189,1,0.0000,0,0,0,0,0.0000,0,0,0,0,0.0000,0,0,0,0,0.0000,0,0,0,0,"2021-08-01 21:00:00"
"RocketReports","MINT0531",20.0000,2201,0,2132,69,0.0000,0,0,0,0,0.0000,0,0,0,0,0.0000,0,0,0,0,0.0000,0,0,0,0,"2021-08-01 21:00:00"
"RocketReports","MINT0532",20.0000,5558,0,5558,0,0.0000,0,0,0,0,0.0000,0,0,0,0,0.0000,0,0,0,0,0.0000,0,0,0,0,"2021-08-01 21:00:00"
"RocketReports","MINT0533",10.0000,0,0,0,0,0.0000,0,0,0,0,0.0000,0,0,0,0,0.0000,0,0,0,0,0.0000,0,0,0,0,"2021-08-01 21:00:00"
"RocketReports","MINT0533",0.0000,0,0,0,0,20.0000,2416,0,2204,212,0.0000,0,0,0,0,0.0000,0,0,0,0,0.0000,0,0,0,0,"2021-08-01 21:00:00"
"RocketReports","MINT0534",20.0000,258,0,166,92,0.0000,0,0,0,0,0.0000,0,0,0,0,0.0000,0,0,0,0,0.0000,0,0,0,0,"2021-08-01 21:00:00"
"RocketReports","MINT0535",20.0000,93,0,76,17,0.0000,0,0,0,0,0.0000,0,0,0,0,0.0000,0,0,0,0,0.0000,0,0,0,0,"2021-08-01 21:00:00"
"RocketReports","MINT0536",20.0000,300,0,211,89,0.0000,0,0,0,0,0.0000,0,0,0,0,0.0000,0,0,0,0,0.0000,0,0,0,0,"2021-08-01 21:00:00"
"RocketReports","MINT0537",20.0000,215,0,160,55,0.0000,0,0,0,0,0.0000,0,0,0,0,0.0000,0,0,0,0,0.0000,0,0,0,0,"2021-08-01 21:00:00"
"RocketReports","MINT0538",20.0000,831,0,759,72,0.0000,0,0,0,0,0.0000,0,0,0,0,0.0000,0,0,0,0,0.0000,0,0,0,0,"2021-08-01 21:00:00"
"RocketReports","MINT0539",20.0000,1357,0,1257,100,0.0000,0,0,0,0,0.0000,0,0,0,0,0.0000,0,0,0,0,0.0000,0,0,0,0,"2021-08-01 21:00:00"
"RocketReports","MINT0540",20.0000,75,0,64,11,0.0000,0,0,0,0,0.0000,0,0,0,0,0.0000,0,0,0,0,0.0000,0,0,0,0,"2021-08-01 21:00:00"
"RocketReports","MINT0542",20.0000,180,0,83,97,0.0000,0,0,0,0,0.0000,0,0,0,0,0.0000,0,0,0,0,0.0000,0,0,0,0,"2021-08-01 21:00:00"
"RocketReports","MINT0543",20.0000,115,0,24,91,0.0000,0,0,0,0,0.0000,0,0,0,0,0.0000,0,0,0,0,0.0000,0,0,0,0,"2021-08-01 21:00:00"
"RocketReports","MINT0544",20.0000,10,0,0,10,0.0000,0,0,0,0,0.0000,0,0,0,0,0.0000,0,0,0,0,0.0000,0,0,0,0,"2021-08-01 21:00:00"
"RocketReports","MINT0545",20.0000,233,0,124,109,0.0000,0,0,0,0,0.0000,0,0,0,0,0.0000,0,0,0,0,0.0000,0,0,0,0,"2021-08-01 21:00:00"
"RocketReports","MINT0546",20.0000,70,0,48,22,0.0000,0,0,0,0,0.0000,0,0,0,0,0.0000,0,0,0,0,0.0000,0,0,0,0,"2021-08-01 21:00:00"
"RocketReports","MINT0547",20.0000,396,0,332,64,0.0000,0,0,0,0,0.0000,0,0,0,0,0.0000,0,0,0,0,0.0000,0,0,0,0,"2021-08-01 21:00:00"
"RocketReports","MINT0548",20.0000,1100,0,989,111,0.0000,0,0,0,0,0.0000,0,0,0,0,0.0000,0,0,0,0,0.0000,0,0,0,0,"2021-08-01 21:00:00"
"RocketReports","MINT0549",20.0000,1498,0,1490,8,0.0000,0,0,0,0,0.0000,0,0,0,0,0.0000,0,0,0,0,0.0000,0,0,0,0,"2021-08-01 21:00:00"
"RocketReports","MINT0550",20.0000,583,0,55,528,0.0000,0,0,0,0,0.0000,0,0,0,0,0.0000,0,0,0,0,0.0000,0,0,0,0,"2021-08-01 21:00:00"
"RocketReports","MINT0551",20.0000,310,0,273,37,0.0000,0,0,0,0,0.0000,0,0,0,0,0.0000,0,0,0,0,0.0000,0,0,0,0,"2021-08-01 21:00:00"
"RocketReports","MINT0552",20.0000,148,0,0,148,0.0000,0,0,0,0,0.0000,0,0,0,0,0.0000,0,0,0,0,0.0000,0,0,0,0,"2021-08-01 21:00:00"
"RocketReports","MINT0553",20.0000,1098,0,1089,9,0.0000,0,0,0,0,0.0000,0,0,0,0,0.0000,0,0,0,0,0.0000,0,0,0,0,"2021-08-01 21:00:00"
"RocketReports","MINT0554",20.0000,1300,0,1279,21,0.0000,0,0,0,0,0.0000,0,0,0,0,0.0000,0,0,0,0,0.0000,0,0,0,0,"2021-08-01 21:00:00"
"RocketReports","MINT0555",20.0000,158,0,72,86,0.0000,0,0,0,0,0.0000,0,0,0,0,0.0000,0,0,0,0,0.0000,0,0,0,0,"2021-08-01 21:00:00"
"RocketReports","MINT0556",20.0000,2799,0,2687,112,0.0000,0,0,0,0,0.0000,0,0,0,0,0.0000,0,0,0,0,0.0000,0,0,0,0,"2021-08-01 21:00:00"
"RocketReports","MINT0557",20.0000,65,0,41,24,0.0000,0,0,0,0,0.0000,0,0,0,0,0.0000,0,0,0,0,0.0000,0,0,0,0,"2021-08-01 21:00:00"
"RocketReports","MINT0558",20.0000,651,0,623,28,0.0000,0,0,0,0,0.0000,0,0,0,0,0.0000,0,0,0,0,0.0000,0,0,0,0,"2021-08-01 21:00:00"
"RocketReports","MINT0559",20.0000,55,0,27,28,0.0000,0,0,0,0,0.0000,0,0,0,0,0.0000,0,0,0,0,0.0000,0,0,0,0,"2021-08-01 21:00:00"
"RocketReports","MINT0560",20.0000,740,0,718,22,0.0000,0,0,0,0,0.0000,0,0,0,0,0.0000,0,0,0,0,0.0000,0,0,0,0,"2021-08-01 21:00:00"
"RocketReports","MINT0561",20.0000,52,0,31,21,0.0000,0,0,0,0,0.0000,0,0,0,0,0.0000,0,0,0,0,0.0000,0,0,0,0,"2021-08-01 21:00:00"
"RocketReports","MINT0562",20.0000,5800,0,5634,166,0.0000,0,0,0,0,0.0000,0,0,0,0,0.0000,0,0,0,0,0.0000,0,0,0,0,"2021-08-01 21:00:00"
"RocketReports","MINT0563",20.0000,1285,0,1218,67,0.0000,0,0,0,0,0.0000,0,0,0,0,0.0000,0,0,0,0,0.0000,0,0,0,0,"2021-08-01 21:00:00"
"RocketReports","MINT0564",20.0000,3337,0,3209,128,0.0000,0,0,0,0,0.0000,0,0,0,0,0.0000,0,0,0,0,0.0000,0,0,0,0,"2021-08-01 21:00:00"
"RocketReports","MINT0565",20.0000,241,0,240,1,0.0000,0,0,0,0,0.0000,0,0,0,0,0.0000,0,0,0,0,0.0000,0,0,0,0,"2021-08-01 21:00:00"
"RocketReports","MINT0566",20.0000,510,0,498,12,0.0000,0,0,0,0,0.0000,0,0,0,0,0.0000,0,0,0,0,0.0000,0,0,0,0,"2021-08-01 21:00:00"
"RocketReports","MINT0567",20.0000,3389,0,3317,72,0.0000,0,0,0,0,0.0000,0,0,0,0,0.0000,0,0,0,0,0.0000,0,0,0,0,"2021-08-01 21:00:00"
"RocketReports","MINT0568",20.0000,350,0,287,63,0.0000,0,0,0,0,0.0000,0,0,0,0,0.0000,0,0,0,0,0.0000,0,0,0,0,"2021-08-01 21:00:00"
"RocketReports","MINT0569",20.0000,9895,0,9747,148,0.0000,0,0,0,0,0.0000,0,0,0,0,0.0000,0,0,0,0,0.0000,0,0,0,0,"2021-08-01 21:00:00"
"RocketReports","MINT0570",20.0000,5996,0,5944,52,0.0000,0,0,0,0,0.0000,0,0,0,0,0.0000,0,0,0,0,0.0000,0,0,0,0,"2021-08-01 21:00:00"
"RocketReports","MINT0571",20.0000,3018,0,2953,65,0.0000,0,0,0,0,0.0000,0,0,0,0,0.0000,0,0,0,0,0.0000,0,0,0,0,"2021-08-01 21:00:00"
"RocketReports","MINT0572",20.0000,5441,0,5267,174,0.0000,0,0,0,0,0.0000,0,0,0,0,0.0000,0,0,0,0,0.0000,0,0,0,0,"2021-08-01 21:00:00"
"RocketReports","MINT0573",20.0000,1200,0,990,210,0.0000,0,0,0,0,0.0000,0,0,0,0,0.0000,0,0,0,0,0.0000,0,0,0,0,"2021-08-01 21:00:00"
"RocketReports","MINT0574",20.0000,6506,0,6333,173,0.0000,0,0,0,0,0.0000,0,0,0,0,0.0000,0,0,0,0,0.0000,0,0,0,0,"2021-08-01 21:00:00"
"RocketReports","MINT0575",20.0000,25,0,0,25,0.0000,0,0,0,0,0.0000,0,0,0,0,0.0000,0,0,0,0,0.0000,0,0,0,0,"2021-08-01 21:00:00"
"RocketReports","MINT0576",20.0000,466,0,380,86,0.0000,0,0,0,0,0.0000,0,0,0,0,0.0000,0,0,0,0,0.0000,0,0,0,0,"2021-08-01 21:00:00"
"RocketReports","MINT0577",20.0000,515,0,472,43,0.0000,0,0,0,0,0.0000,0,0,0,0,0.0000,0,0,0,0,0.0000,0,0,0,0,"2021-08-01 21:00:00"
"RocketReports","MINT0578",20.0000,73,0,0,73,0.0000,0,0,0,0,0.0000,0,0,0,0,0.0000,0,0,0,0,0.0000,0,0,0,0,"2021-08-01 21:00:00"
"RocketReports","MINT0579",20.0000,20,0,20,0,0.0000,0,0,0,0,0.0000,0,0,0,0,0.0000,0,0,0,0,0.0000,0,0,0,0,"2021-08-01 21:00:00"
"RocketReports","MINT0580",20.0000,200,0,5,195,0.0000,0,0,0,0,0.0000,0,0,0,0,0.0000,0,0,0,0,0.0000,0,0,0,0,"2021-08-01 21:00:00"
"RocketReports","MINT0581",20.0000,221,0,81,140,0.0000,0,0,0,0,0.0000,0,0,0,0,0.0000,0,0,0,0,0.0000,0,0,0,0,"2021-08-01 21:00:00"
"RocketReports","MINT0582",20.0000,166,0,152,14,0.0000,0,0,0,0,0.0000,0,0,0,0,0.0000,0,0,0,0,0.0000,0,0,0,0,"2021-08-01 21:00:00"
"RocketReports","MINT0583",20.0000,43,0,8,35,0.0000,0,0,0,0,0.0000,0,0,0,0,0.0000,0,0,0,0,0.0000,0,0,0,0,"2021-08-01 21:00:00"
"RocketReports","MINT0584",20.0000,104,0,59,45,0.0000,0,0,0,0,0.0000,0,0,0,0,0.0000,0,0,0,0,0.0000,0,0,0,0,"2021-08-01 21:00:00"
"RocketReports","MINT0585",20.0000,5575,0,5408,167,0.0000,0,0,0,0,0.0000,0,0,0,0,0.0000,0,0,0,0,0.0000,0,0,0,0,"2021-08-01 21:00:00"
"RocketReports","MINT0586",20.0000,1046,0,1006,40,0.0000,0,0,0,0,0.0000,0,0,0,0,0.0000,0,0,0,0,0.0000,0,0,0,0,"2021-08-01 21:00:00"
"RocketReports","MINT0587",20.0000,25,0,0,25,0.0000,0,0,0,0,0.0000,0,0,0,0,0.0000,0,0,0,0,0.0000,0,0,0,0,"2021-08-01 21:00:00"
"RocketReports","MINT0588",20.0000,115,0,115,0,0.0000,0,0,0,0,0.0000,0,0,0,0,0.0000,0,0,0,0,0.0000,0,0,0,0,"2021-08-01 21:00:00"
"RocketReports","MINT0589",20.0000,150,0,134,16,0.0000,0,0,0,0,0.0000,0,0,0,0,0.0000,0,0,0,0,0.0000,0,0,0,0,"2021-08-01 21:00:00"
"RocketReports","MINT0590",20.0000,705,0,643,62,0.0000,0,0,0,0,0.0000,0,0,0,0,0.0000,0,0,0,0,0.0000,0,0,0,0,"2021-08-01 21:00:00"
"RocketReports","MINT0591",20.0000,350,0,283,67,0.0000,0,0,0,0,0.0000,0,0,0,0,0.0000,0,0,0,0,0.0000,0,0,0,0,"2021-08-01 21:00:00"
"RocketReports","MINT0592",20.0000,79,0,79,0,0.0000,0,0,0,0,0.0000,0,0,0,0,0.0000,0,0,0,0,0.0000,0,0,0,0,"2021-08-01 21:00:00"
"RocketReports","MINT0593",20.0000,78,0,72,6,0.0000,0,0,0,0,0.0000,0,0,0,0,0.0000,0,0,0,0,0.0000,0,0,0,0,"2021-08-01 21:00:00"
"RocketReports","MINT0594",20.0000,113,0,105,8,0.0000,0,0,0,0,0.0000,0,0,0,0,0.0000,0,0,0,0,0.0000,0,0,0,0,"2021-08-01 21:00:00"
"RocketReports","MINT0595",20.0000,95,0,94,1,0.0000,0,0,0,0,0.0000,0,0,0,0,0.0000,0,0,0,0,0.0000,0,0,0,0,"2021-08-01 21:00:00"
"RocketReports","MINT0596",20.0000,4401,0,4153,248,0.0000,0,0,0,0,0.0000,0,0,0,0,0.0000,0,0,0,0,0.0000,0,0,0,0,"2021-08-01 21:00:00"
"RocketReports","MINT0597",20.0000,54,0,12,42,0.0000,0,0,0,0,0.0000,0,0,0,0,0.0000,0,0,0,0,0.0000,0,0,0,0,"2021-08-01 21:00:00"
"RocketReports","MINT0598",20.0000,87,0,48,39,0.0000,0,0,0,0,0.0000,0,0,0,0,0.0000,0,0,0,0,0.0000,0,0,0,0,"2021-08-01 21:00:00"
"RocketReports","MINT0599",20.0000,6552,0,6338,214,0.0000,0,0,0,0,0.0000,0,0,0,0,0.0000,0,0,0,0,0.0000,0,0,0,0,"2021-08-01 21:00:00"
"RocketReports","MINT0600",20.0000,298,0,186,112,0.0000,0,0,0,0,0.0000,0,0,0,0,0.0000,0,0,0,0,0.0000,0,0,0,0,"2021-08-01 21:00:00"
"RocketReports","MINT0601",20.0000,578,0,533,45,0.0000,0,0,0,0,0.0000,0,0,0,0,0.0000,0,0,0,0,0.0000,0,0,0,0,"2021-08-01 21:00:00"
"RocketReports","MINT0602",20.0000,896,0,764,132,0.0000,0,0,0,0,0.0000,0,0,0,0,0.0000,0,0,0,0,0.0000,0,0,0,0,"2021-08-01 21:00:00"
"RocketReports","MINT0603",20.0000,1071,0,359,712,0.0000,0,0,0,0,0.0000,0,0,0,0,0.0000,0,0,0,0,0.0000,0,0,0,0,"2021-08-01 21:00:00"
"RocketReports","MINT0604",20.0000,580,0,412,168,0.0000,0,0,0,0,0.0000,0,0,0,0,0.0000,0,0,0,0,0.0000,0,0,0,0,"2021-08-01 21:00:00"
"RocketReports","MINT0606",20.0000,430,0,317,113,0.0000,0,0,0,0,0.0000,0,0,0,0,0.0000,0,0,0,0,0.0000,0,0,0,0,"2021-08-01 21:00:00"
"RocketReports","MINT0608",20.0000,548,0,497,51,0.0000,0,0,0,0,0.0000,0,0,0,0,0.0000,0,0,0,0,0.0000,0,0,0,0,"2021-08-01 21:00:00"
"RocketReports","MINT0609",20.0000,250,0,100,150,0.0000,0,0,0,0,0.0000,0,0,0,0,0.0000,0,0,0,0,0.0000,0,0,0,0,"2021-08-01 21:00:00"
"RocketReports","MINT0610",20.0000,250,0,45,205,0.0000,0,0,0,0,0.0000,0,0,0,0,0.0000,0,0,0,0,0.0000,0,0,0,0,"2021-08-01 21:00:00"
"RocketReports","MINT0611",20.0000,1412,0,1387,25,0.0000,0,0,0,0,0.0000,0,0,0,0,0.0000,0,0,0,0,0.0000,0,0,0,0,"2021-08-01 21:00:00"
"RocketReports","MINT0614",20.0000,605,0,365,240,0.0000,0,0,0,0,0.0000,0,0,0,0,0.0000,0,0,0,0,0.0000,0,0,0,0,"2021-08-01 21:00:00"
"RocketReports","MINT0615",20.0000,100,0,51,49,0.0000,0,0,0,0,0.0000,0,0,0,0,0.0000,0,0,0,0,0.0000,0,0,0,0,"2021-08-01 21:00:00"
"RocketReports","MINT0707",20.0000,452,0,443,9,0.0000,0,0,0,0,0.0000,0,0,0,0,0.0000,0,0,0,0,0.0000,0,0,0,0,"2021-08-01 21:00:00"
"RocketReports","MINT0820",20.0000,100,0,100,0,0.0000,0,0,0,0,0.0000,0,0,0,0,0.0000,0,0,0,0,0.0000,0,0,0,0,"2021-08-01 21:00:00"
"RocketReports","MINT0900",20.0000,83,0,3,80,0.0000,0,0,0,0,0.0000,0,0,0,0,0.0000,0,0,0,0,0.0000,0,0,0,0,"2021-08-01 21:00:00"
"RocketReports","MINT0901",20.0000,90,0,41,49,0.0000,0,0,0,0,0.0000,0,0,0,0,0.0000,0,0,0,0,0.0000,0,0,0,0,"2021-08-01 21:00:00"
"RocketReports","MINT0902",20.0000,87,0,38,49,0.0000,0,0,0,0,0.0000,0,0,0,0,0.0000,0,0,0,0,0.0000,0,0,0,0,"2021-08-01 21:00:00"
"RocketReports","MINT0903",20.0000,94,0,9,85,0.0000,0,0,0,0,0.0000,0,0,0,0,0.0000,0,0,0,0,0.0000,0,0,0,0,"2021-08-01 21:00:00"
"RocketReports","MINT0904",20.0000,1,0,0,1,0.0000,0,0,0,0,0.0000,0,0,0,0,0.0000,0,0,0,0,0.0000,0,0,0,0,"2021-08-01 21:00:00"
"RocketReports","MINT0905",20.0000,83,0,37,46,0.0000,0,0,0,0,0.0000,0,0,0,0,0.0000,0,0,0,0,0.0000,0,0,0,0,"2021-08-01 21:00:00"
"RocketReports","MINT0906",20.0000,90,0,74,16,0.0000,0,0,0,0,0.0000,0,0,0,0,0.0000,0,0,0,0,0.0000,0,0,0,0,"2021-08-01 21:00:00"
"RocketReports","MINT0907",20.0000,78,0,24,54,0.0000,0,0,0,0,0.0000,0,0,0,0,0.0000,0,0,0,0,0.0000,0,0,0,0,"2021-08-01 21:00:00"
"RocketReports","MINT0908",20.0000,110,0,27,83,0.0000,0,0,0,0,0.0000,0,0,0,0,0.0000,0,0,0,0,0.0000,0,0,0,0,"2021-08-01 21:00:00"
"RocketReports","MINT0909",20.0000,103,0,0,103,0.0000,0,0,0,0,0.0000,0,0,0,0,0.0000,0,0,0,0,0.0000,0,0,0,0,"2021-08-01 21:00:00"
"RocketReports","MINT0910",20.0000,130,0,74,56,0.0000,0,0,0,0,0.0000,0,0,0,0,0.0000,0,0,0,0,0.0000,0,0,0,0,"2021-08-01 21:00:00"
"RocketReports","MINT0912",20.0000,211,0,104,107,0.0000,0,0,0,0,0.0000,0,0,0,0,0.0000,0,0,0,0,0.0000,0,0,0,0,"2021-08-01 21:00:00"
"RocketReports","MINT0913",20.0000,500,0,182,318,0.0000,0,0,0,0,0.0000,0,0,0,0,0.0000,0,0,0,0,0.0000,0,0,0,0,"2021-08-01 21:00:00"
"RocketReports","MINT0914",20.0000,85,0,3,82,0.0000,0,0,0,0,0.0000,0,0,0,0,0.0000,0,0,0,0,0.0000,0,0,0,0,"2021-08-01 21:00:00"
"RocketReports","MINT0915",20.0000,140,0,63,77,0.0000,0,0,0,0,0.0000,0,0,0,0,0.0000,0,0,0,0,0.0000,0,0,0,0,"2021-08-01 21:00:00"
"RocketReports","MINT0916",20.0000,177,0,120,57,0.0000,0,0,0,0,0.0000,0,0,0,0,0.0000,0,0,0,0,0.0000,0,0,0,0,"2021-08-01 21:00:00"
"RocketReports","MINT0917",20.0000,69,0,12,57,0.0000,0,0,0,0,0.0000,0,0,0,0,0.0000,0,0,0,0,0.0000,0,0,0,0,"2021-08-01 21:00:00"
"RocketReports","MINT0918",20.0000,63,0,6,57,0.0000,0,0,0,0,0.0000,0,0,0,0,0.0000,0,0,0,0,0.0000,0,0,0,0,"2021-08-01 21:00:00"
"RocketReports","MINT0919",20.0000,848,0,691,157,0.0000,0,0,0,0,0.0000,0,0,0,0,0.0000,0,0,0,0,0.0000,0,0,0,0,"2021-08-01 21:00:00"
"RocketReports","MINT0920",20.0000,122,0,34,88,0.0000,0,0,0,0,0.0000,0,0,0,0,0.0000,0,0,0,0,0.0000,0,0,0,0,"2021-08-01 21:00:00"
"RocketReports","MINT0921",20.0000,87,0,41,46,0.0000,0,0,0,0,0.0000,0,0,0,0,0.0000,0,0,0,0,0.0000,0,0,0,0,"2021-08-01 21:00:00"
"RocketReports","MINT0922",20.0000,6545,0,6504,41,0.0000,0,0,0,0,0.0000,0,0,0,0,0.0000,0,0,0,0,0.0000,0,0,0,0,"2021-08-01 21:00:00"
"RocketReports","MINT0923",20.0000,92,0,0,92,0.0000,0,0,0,0,0.0000,0,0,0,0,0.0000,0,0,0,0,0.0000,0,0,0,0,"2021-08-01 21:00:00"
"RocketReports","MINT0924",20.0000,950,0,369,581,0.0000,0,0,0,0,0.0000,0,0,0,0,0.0000,0,0,0,0,0.0000,0,0,0,0,"2021-08-01 21:00:00"
"RocketReports","MINT0925",20.0000,124,0,0,124,0.0000,0,0,0,0,0.0000,0,0,0,0,0.0000,0,0,0,0,0.0000,0,0,0,0,"2021-08-01 21:00:00"
"RocketReports","MINT0926",20.0000,81,0,18,63,0.0000,0,0,0,0,0.0000,0,0,0,0,0.0000,0,0,0,0,0.0000,0,0,0,0,"2021-08-01 21:00:00"
"RocketReports","MINT1000",20.0000,1399,0,1274,125,0.0000,0,0,0,0,0.0000,0,0,0,0,0.0000,0,0,0,0,0.0000,0,0,0,0,"2021-08-01 21:00:00"
"RocketReports","MINT1001",20.0000,1843,0,1377,466,0.0000,0,0,0,0,0.0000,0,0,0,0,0.0000,0,0,0,0,0.0000,0,0,0,0,"2021-08-01 21:00:00"
"RocketReports","MINT1002",20.0000,810,0,548,262,0.0000,0,0,0,0,0.0000,0,0,0,0,0.0000,0,0,0,0,0.0000,0,0,0,0,"2021-08-01 21:00:00"
"RocketReports","MINT1003",20.0000,685,0,538,147,0.0000,0,0,0,0,0.0000,0,0,0,0,0.0000,0,0,0,0,0.0000,0,0,0,0,"2021-08-01 21:00:00"
"RocketReports","MINT1004",20.0000,1831,0,1436,395,0.0000,0,0,0,0,0.0000,0,0,0,0,0.0000,0,0,0,0,0.0000,0,0,0,0,"2021-08-01 21:00:00"
"RocketReports","MINT1006",20.0000,1498,0,1388,110,0.0000,0,0,0,0,0.0000,0,0,0,0,0.0000,0,0,0,0,0.0000,0,0,0,0,"2021-08-01 21:00:00"
"RocketReports","MINT1007",20.0000,598,0,1,597,0.0000,0,0,0,0,0.0000,0,0,0,0,0.0000,0,0,0,0,0.0000,0,0,0,0,"2021-08-01 21:00:00"
"RocketReports","MINT1009",20.0000,2,0,0,2,0.0000,0,0,0,0,0.0000,0,0,0,0,0.0000,0,0,0,0,0.0000,0,0,0,0,"2021-08-01 21:00:00"
"RocketReports","MINT1010",20.0000,218,0,10,208,0.0000,0,0,0,0,0.0000,0,0,0,0,0.0000,0,0,0,0,0.0000,0,0,0,0,"2021-08-01 21:00:00"
"RocketReports","MINT1011",20.0000,205,0,26,179,0.0000,0,0,0,0,0.0000,0,0,0,0,0.0000,0,0,0,0,0.0000,0,0,0,0,"2021-08-01 21:00:00"
"RocketReports","MINT1012",20.0000,6611,0,6521,90,0.0000,0,0,0,0,0.0000,0,0,0,0,0.0000,0,0,0,0,0.0000,0,0,0,0,"2021-08-01 21:00:00"
"RocketReports","MINT1014",20.0000,2898,0,2873,25,0.0000,0,0,0,0,0.0000,0,0,0,0,0.0000,0,0,0,0,0.0000,0,0,0,0,"2021-08-01 21:00:00"
"RocketReports","MINT1015",20.0000,200,0,35,165,0.0000,0,0,0,0,0.0000,0,0,0,0,0.0000,0,0,0,0,0.0000,0,0,0,0,"2021-08-01 21:00:00"
"RocketReports","MINT1016",20.0000,382,0,120,262,0.0000,0,0,0,0,0.0000,0,0,0,0,0.0000,0,0,0,0,0.0000,0,0,0,0,"2021-08-01 21:00:00"
"RocketReports","MINT1017",20.0000,153,0,12,141,0.0000,0,0,0,0,0.0000,0,0,0,0,0.0000,0,0,0,0,0.0000,0,0,0,0,"2021-08-01 21:00:00"
"RocketReports","MINT1018",20.0000,150,0,15,135,0.0000,0,0,0,0,0.0000,0,0,0,0,0.0000,0,0,0,0,0.0000,0,0,0,0,"2021-08-01 21:00:00"
"RocketReports","MINT1019",20.0000,200,0,174,26,0.0000,0,0,0,0,0.0000,0,0,0,0,0.0000,0,0,0,0,0.0000,0,0,0,0,"2021-08-01 21:00:00"
"RocketReports","MINT1030",20.0000,50,0,38,12,0.0000,0,0,0,0,0.0000,0,0,0,0,0.0000,0,0,0,0,0.0000,0,0,0,0,"2021-08-01 21:00:00"
"RocketReports","MINT1041",20.0000,250,0,98,152,0.0000,0,0,0,0,0.0000,0,0,0,0,0.0000,0,0,0,0,0.0000,0,0,0,0,"2021-08-01 21:00:00"
"RocketReports","MINT1050",20.0000,4554,0,4524,30,0.0000,0,0,0,0,0.0000,0,0,0,0,0.0000,0,0,0,0,0.0000,0,0,0,0,"2021-08-01 21:00:00"
"RocketReports","MINT1061",20.0000,200,0,67,133,0.0000,0,0,0,0,0.0000,0,0,0,0,0.0000,0,0,0,0,0.0000,0,0,0,0,"2021-08-01 21:00:00"
"RocketReports","MINT1062",20.0000,139,0,30,109,0.0000,0,0,0,0,0.0000,0,0,0,0,0.0000,0,0,0,0,0.0000,0,0,0,0,"2021-08-01 21:00:00"
"RocketReports","MINT1063",20.0000,250,0,151,99,0.0000,0,0,0,0,0.0000,0,0,0,0,0.0000,0,0,0,0,0.0000,0,0,0,0,"2021-08-01 21:00:00"
"RocketReports","MINT1066",20.0000,261,0,119,142,0.0000,0,0,0,0,0.0000,0,0,0,0,0.0000,0,0,0,0,0.0000,0,0,0,0,"2021-08-01 21:00:00"
"RocketReports","MINT1067",20.0000,100,0,8,92,0.0000,0,0,0,0,0.0000,0,0,0,0,0.0000,0,0,0,0,0.0000,0,0,0,0,"2021-08-01 21:00:00"
"RocketReports","MINT1068",20.0000,343,0,132,211,0.0000,0,0,0,0,0.0000,0,0,0,0,0.0000,0,0,0,0,0.0000,0,0,0,0,"2021-08-01 21:00:00"
"RocketReports","MINT1069",20.0000,150,0,37,113,0.0000,0,0,0,0,0.0000,0,0,0,0,0.0000,0,0,0,0,0.0000,0,0,0,0,"2021-08-01 21:00:00"
"RocketReports","MINT1070",20.0000,50,0,50,0,0.0000,0,0,0,0,0.0000,0,0,0,0,0.0000,0,0,0,0,0.0000,0,0,0,0,"2021-08-01 21:00:00"
"RocketReports","MINT1071",20.0000,93,0,13,80,0.0000,0,0,0,0,0.0000,0,0,0,0,0.0000,0,0,0,0,0.0000,0,0,0,0,"2021-08-01 21:00:00"
"RocketReports","MINT1072",20.0000,40,0,0,40,0.0000,0,0,0,0,0.0000,0,0,0,0,0.0000,0,0,0,0,0.0000,0,0,0,0,"2021-08-01 21:00:00"
"RocketReports","MINT1073",20.0000,146,0,2,144,0.0000,0,0,0,0,0.0000,0,0,0,0,0.0000,0,0,0,0,0.0000,0,0,0,0,"2021-08-01 21:00:00"
"RocketReports","MINT1074",20.0000,6839,0,6809,30,0.0000,0,0,0,0,0.0000,0,0,0,0,0.0000,0,0,0,0,0.0000,0,0,0,0,"2021-08-01 21:00:00"
"RocketReports","MINT1075",20.0000,450,0,268,182,0.0000,0,0,0,0,0.0000,0,0,0,0,0.0000,0,0,0,0,0.0000,0,0,0,0,"2021-08-01 21:00:00"
"RocketReports","MINT1076",20.0000,400,0,205,195,0.0000,0,0,0,0,0.0000,0,0,0,0,0.0000,0,0,0,0,0.0000,0,0,0,0,"2021-08-01 21:00:00"
"RocketReports","MINT1077",20.0000,500,0,288,212,0.0000,0,0,0,0,0.0000,0,0,0,0,0.0000,0,0,0,0,0.0000,0,0,0,0,"2021-08-01 21:00:00"
"RocketReports","MINT1078",20.0000,1054,0,995,59,0.0000,0,0,0,0,0.0000,0,0,0,0,0.0000,0,0,0,0,0.0000,0,0,0,0,"2021-08-01 21:00:00"
"RocketReports","MINT1079",20.0000,20,0,0,20,0.0000,0,0,0,0,0.0000,0,0,0,0,0.0000,0,0,0,0,0.0000,0,0,0,0,"2021-08-01 21:00:00"
"RocketReports","MINT1080",20.0000,2638,0,2565,73,0.0000,0,0,0,0,0.0000,0,0,0,0,0.0000,0,0,0,0,0.0000,0,0,0,0,"2021-08-01 21:00:00"
"RocketReports","MINT1081",20.0000,50,0,34,16,0.0000,0,0,0,0,0.0000,0,0,0,0,0.0000,0,0,0,0,0.0000,0,0,0,0,"2021-08-01 21:00:00"
"RocketReports","MINT1082",20.0000,50,0,0,50,0.0000,0,0,0,0,0.0000,0,0,0,0,0.0000,0,0,0,0,0.0000,0,0,0,0,"2021-08-01 21:00:00"
"RocketReports","MINT1083",20.0000,238,0,154,84,0.0000,0,0,0,0,0.0000,0,0,0,0,0.0000,0,0,0,0,0.0000,0,0,0,0,"2021-08-01 21:00:00"
"RocketReports","MINT1084",20.0000,111,0,62,49,0.0000,0,0,0,0,0.0000,0,0,0,0,0.0000,0,0,0,0,0.0000,0,0,0,0,"2021-08-01 21:00:00"
"RocketReports","MINT1085",20.0000,894,0,726,168,0.0000,0,0,0,0,0.0000,0,0,0,0,0.0000,0,0,0,0,0.0000,0,0,0,0,"2021-08-01 21:00:00"
"RocketReports","MINT1086",20.0000,829,0,617,212,0.0000,0,0,0,0,0.0000,0,0,0,0,0.0000,0,0,0,0,0.0000,0,0,0,0,"2021-08-01 21:00:00"
"RocketReports","MINT1087",20.0000,767,0,581,186,0.0000,0,0,0,0,0.0000,0,0,0,0,0.0000,0,0,0,0,0.0000,0,0,0,0,"2021-08-01 21:00:00"
"RocketReports","MINT1090",20.0000,182,0,182,0,0.0000,0,0,0,0,0.0000,0,0,0,0,0.0000,0,0,0,0,0.0000,0,0,0,0,"2021-08-01 21:00:00"
"RocketReports","MINT1091",20.0000,309,0,24,285,0.0000,0,0,0,0,0.0000,0,0,0,0,0.0000,0,0,0,0,0.0000,0,0,0,0,"2021-08-01 21:00:00"
"RocketReports","MINT1092",20.0000,70,0,0,70,0.0000,0,0,0,0,0.0000,0,0,0,0,0.0000,0,0,0,0,0.0000,0,0,0,0,"2021-08-01 21:00:00"
"RocketReports","MINT1093",20.0000,500,0,125,375,0.0000,0,0,0,0,0.0000,0,0,0,0,0.0000,0,0,0,0,0.0000,0,0,0,0,"2021-08-01 21:00:00"
"RocketReports","MINT1094",20.0000,100,0,17,83,0.0000,0,0,0,0,0.0000,0,0,0,0,0.0000,0,0,0,0,0.0000,0,0,0,0,"2021-08-01 21:00:00"
"RocketReports","MINT2000",20.0000,15,0,7,8,0.0000,0,0,0,0,0.0000,0,0,0,0,0.0000,0,0,0,0,0.0000,0,0,0,0,"2021-08-01 21:00:00"
"RocketReports","MINT3000",20.0000,159,0,84,75,0.0000,0,0,0,0,0.0000,0,0,0,0,0.0000,0,0,0,0,0.0000,0,0,0,0,"2021-08-01 21:00:00"
"RocketReports","MINT3001",20.0000,168,0,70,98,0.0000,0,0,0,0,0.0000,0,0,0,0,0.0000,0,0,0,0,0.0000,0,0,0,0,"2021-08-01 21:00:00"
"RocketReports","MINT3002",20.0000,150,0,125,25,0.0000,0,0,0,0,0.0000,0,0,0,0,0.0000,0,0,0,0,0.0000,0,0,0,0,"2021-08-01 21:00:00"
"RocketReports","MINT3003",20.0000,110,0,107,3,0.0000,0,0,0,0,0.0000,0,0,0,0,0.0000,0,0,0,0,0.0000,0,0,0,0,"2021-08-01 21:00:00"
"RocketReports","MINT3005",20.0000,150,0,130,20,0.0000,0,0,0,0,0.0000,0,0,0,0,0.0000,0,0,0,0,0.0000,0,0,0,0,"2021-08-01 21:00:00"
"RocketReports","MINT4000",20.0000,8766,0,8647,119,0.0000,0,0,0,0,0.0000,0,0,0,0,0.0000,0,0,0,0,0.0000,0,0,0,0,"2021-08-01 21:00:00"
"RocketReports","MINT4001",20.0000,466,0,172,294,0.0000,0,0,0,0,0.0000,0,0,0,0,0.0000,0,0,0,0,0.0000,0,0,0,0,"2021-08-01 21:00:00"
"RocketReports","MINT4002",20.0000,107,0,0,107,0.0000,0,0,0,0,0.0000,0,0,0,0,0.0000,0,0,0,0,0.0000,0,0,0,0,"2021-08-01 21:00:00"
"RocketReports","MINT4003",20.0000,450,0,109,341,0.0000,0,0,0,0,0.0000,0,0,0,0,0.0000,0,0,0,0,0.0000,0,0,0,0,"2021-08-01 21:00:00"
"RocketReports","MINT4004",20.0000,239,0,0,239,0.0000,0,0,0,0,0.0000,0,0,0,0,0.0000,0,0,0,0,0.0000,0,0,0,0,"2021-08-01 21:00:00"
"RocketReports","MINT4005",20.0000,1907,0,1063,844,0.0000,0,0,0,0,0.0000,0,0,0,0,0.0000,0,0,0,0,0.0000,0,0,0,0,"2021-08-01 21:00:00"
"RocketReports","MINT4006",20.0000,240,0,18,222,0.0000,0,0,0,0,0.0000,0,0,0,0,0.0000,0,0,0,0,0.0000,0,0,0,0,"2021-08-01 21:00:00"
"RocketReports","MINT4007",20.0000,1,0,0,1,0.0000,0,0,0,0,0.0000,0,0,0,0,0.0000,0,0,0,0,0.0000,0,0,0,0,"2021-08-01 21:00:00"
"RocketReports","MINT4008",20.0000,50,0,0,50,0.0000,0,0,0,0,0.0000,0,0,0,0,0.0000,0,0,0,0,0.0000,0,0,0,0,"2021-08-01 21:00:00"
"RocketReports","MINT4009",20.0000,1331,0,235,1096,0.0000,0,0,0,0,0.0000,0,0,0,0,0.0000,0,0,0,0,0.0000,0,0,0,0,"2021-08-01 21:00:00"
"RocketReports","MINT4010",20.0000,1987,0,1023,964,0.0000,0,0,0,0,0.0000,0,0,0,0,0.0000,0,0,0,0,0.0000,0,0,0,0,"2021-08-01 21:00:00"
"RocketReports","MINT4011",20.0000,528,0,61,467,0.0000,0,0,0,0,0.0000,0,0,0,0,0.0000,0,0,0,0,0.0000,0,0,0,0,"2021-08-01 21:00:00"
"RocketReports","MINT4012",20.0000,197,0,62,135,0.0000,0,0,0,0,0.0000,0,0,0,0,0.0000,0,0,0,0,0.0000,0,0,0,0,"2021-08-01 21:00:00"
"RocketReports","MINT4013",20.0000,50,0,4,46,0.0000,0,0,0,0,0.0000,0,0,0,0,0.0000,0,0,0,0,0.0000,0,0,0,0,"2021-08-01 21:00:00"
"RocketReports","MINT4014",20.0000,259,0,29,230,0.0000,0,0,0,0,0.0000,0,0,0,0,0.0000,0,0,0,0,0.0000,0,0,0,0,"2021-08-01 21:00:00"
"RocketReports","MINT4015",20.0000,400,0,20,380,0.0000,0,0,0,0,0.0000,0,0,0,0,0.0000,0,0,0,0,0.0000,0,0,0,0,"2021-08-01 21:00:00"
"RocketReports","MINT4016",20.0000,51,0,25,26,0.0000,0,0,0,0,0.0000,0,0,0,0,0.0000,0,0,0,0,0.0000,0,0,0,0,"2021-08-01 21:00:00"
"RocketReports","MINT4017",20.0000,96,0,14,82,0.0000,0,0,0,0,0.0000,0,0,0,0,0.0000,0,0,0,0,0.0000,0,0,0,0,"2021-08-01 21:00:00"
"RocketReports","MINT4018",20.0000,117,0,0,117,0.0000,0,0,0,0,0.0000,0,0,0,0,0.0000,0,0,0,0,0.0000,0,0,0,0,"2021-08-01 21:00:00"
"RocketReports","MINT4019",20.0000,97,0,2,95,0.0000,0,0,0,0,0.0000,0,0,0,0,0.0000,0,0,0,0,0.0000,0,0,0,0,"2021-08-01 21:00:00"
"RocketReports","MINT4020",20.0000,326,0,299,27,0.0000,0,0,0,0,0.0000,0,0,0,0,0.0000,0,0,0,0,0.0000,0,0,0,0,"2021-08-01 21:00:00"
"RocketReports","MINT4021",20.0000,505,0,473,32,0.0000,0,0,0,0,0.0000,0,0,0,0,0.0000,0,0,0,0,0.0000,0,0,0,0,"2021-08-01 21:00:00"
"RocketReports","MINT4022",20.0000,932,0,181,751,0.0000,0,0,0,0,0.0000,0,0,0,0,0.0000,0,0,0,0,0.0000,0,0,0,0,"2021-08-01 21:00:00"
"RocketReports","MINT4023",20.0000,296,0,206,90,0.0000,0,0,0,0,0.0000,0,0,0,0,0.0000,0,0,0,0,0.0000,0,0,0,0,"2021-08-01 21:00:00"
"RocketReports","MINT4024",20.0000,726,0,98,628,0.0000,0,0,0,0,0.0000,0,0,0,0,0.0000,0,0,0,0,0.0000,0,0,0,0,"2021-08-01 21:00:00"
"RocketReports","MINT4025",20.0000,3344,0,2971,373,0.0000,0,0,0,0,0.0000,0,0,0,0,0.0000,0,0,0,0,0.0000,0,0,0,0,"2021-08-01 21:00:00"
"RocketReports","MINT4026",20.0000,199,0,102,97,0.0000,0,0,0,0,0.0000,0,0,0,0,0.0000,0,0,0,0,0.0000,0,0,0,0,"2021-08-01 21:00:00"
"RocketReports","MINT4027",20.0000,249,0,59,190,0.0000,0,0,0,0,0.0000,0,0,0,0,0.0000,0,0,0,0,0.0000,0,0,0,0,"2021-08-01 21:00:00"
"RocketReports","MINT4028",20.0000,88,0,0,88,0.0000,0,0,0,0,0.0000,0,0,0,0,0.0000,0,0,0,0,0.0000,0,0,0,0,"2021-08-01 21:00:00"
"RocketReports","MINT4029",20.0000,293,0,49,244,0.0000,0,0,0,0,0.0000,0,0,0,0,0.0000,0,0,0,0,0.0000,0,0,0,0,"2021-08-01 21:00:00"
"RocketReports","MINT4030",20.0000,297,0,198,99,0.0000,0,0,0,0,0.0000,0,0,0,0,0.0000,0,0,0,0,0.0000,0,0,0,0,"2021-08-01 21:00:00"
"RocketReports","MINT4031",20.0000,7044,0,6954,90,0.0000,0,0,0,0,0.0000,0,0,0,0,0.0000,0,0,0,0,0.0000,0,0,0,0,"2021-08-01 21:00:00"
"RocketReports","MINT4032",20.0000,99,0,28,71,0.0000,0,0,0,0,0.0000,0,0,0,0,0.0000,0,0,0,0,0.0000,0,0,0,0,"2021-08-01 21:00:00"
"RocketReports","MINT4033",20.0000,361,0,63,298,0.0000,0,0,0,0,0.0000,0,0,0,0,0.0000,0,0,0,0,0.0000,0,0,0,0,"2021-08-01 21:00:00"
"RocketReports","MINT4034",20.0000,25,0,25,0,0.0000,0,0,0,0,0.0000,0,0,0,0,0.0000,0,0,0,0,0.0000,0,0,0,0,"2021-08-01 21:00:00"
"RocketReports","MINT4035",20.0000,193,0,12,181,0.0000,0,0,0,0,0.0000,0,0,0,0,0.0000,0,0,0,0,0.0000,0,0,0,0,"2021-08-01 21:00:00"
"RocketReports","MINT4036",20.0000,1704,0,1609,95,0.0000,0,0,0,0,0.0000,0,0,0,0,0.0000,0,0,0,0,0.0000,0,0,0,0,"2021-08-01 21:00:00"
"RocketReports","MINT4037",20.0000,232,0,152,80,0.0000,0,0,0,0,0.0000,0,0,0,0,0.0000,0,0,0,0,0.0000,0,0,0,0,"2021-08-01 21:00:00"
"RocketReports","MINT4038",20.0000,265,0,55,210,0.0000,0,0,0,0,0.0000,0,0,0,0,0.0000,0,0,0,0,0.0000,0,0,0,0,"2021-08-01 21:00:00"
"RocketReports","MINT4040",20.0000,633,0,149,484,0.0000,0,0,0,0,0.0000,0,0,0,0,0.0000,0,0,0,0,0.0000,0,0,0,0,"2021-08-01 21:00:00"
"RocketReports","MINT5000",20.0000,398,0,280,118,0.0000,0,0,0,0,0.0000,0,0,0,0,0.0000,0,0,0,0,0.0000,0,0,0,0,"2021-08-01 21:00:00"
"RocketReports","MINT5001",20.0000,292,0,194,98,0.0000,0,0,0,0,0.0000,0,0,0,0,0.0000,0,0,0,0,0.0000,0,0,0,0,"2021-08-01 21:00:00"
"RocketReports","MINT5002",20.0000,455,0,455,0,0.0000,0,0,0,0,0.0000,0,0,0,0,0.0000,0,0,0,0,0.0000,0,0,0,0,"2021-08-01 21:00:00"
"RocketReports","MINT5003",20.0000,108,0,92,16,0.0000,0,0,0,0,0.0000,0,0,0,0,0.0000,0,0,0,0,0.0000,0,0,0,0,"2021-08-01 21:00:00"
"RocketReports","MINT5004",20.0000,62,0,38,24,0.0000,0,0,0,0,0.0000,0,0,0,0,0.0000,0,0,0,0,0.0000,0,0,0,0,"2021-08-01 21:00:00"
"RocketReports","MINT5005",20.0000,110,0,77,33,0.0000,0,0,0,0,0.0000,0,0,0,0,0.0000,0,0,0,0,0.0000,0,0,0,0,"2021-08-01 21:00:00"
"RocketReports","MINT5006",20.0000,58,0,11,47,0.0000,0,0,0,0,0.0000,0,0,0,0,0.0000,0,0,0,0,0.0000,0,0,0,0,"2021-08-01 21:00:00"
"RocketReports","MINT5007",20.0000,100,0,62,38,0.0000,0,0,0,0,0.0000,0,0,0,0,0.0000,0,0,0,0,0.0000,0,0,0,0,"2021-08-01 21:00:00"
"RocketReports","MINT9997",20.0000,50,0,0,50,0.0000,0,0,0,0,0.0000,0,0,0,0,0.0000,0,0,0,0,0.0000,0,0,0,0,"2021-08-01 21:00:00"
"RocketReports","MINT9998",20.0000,50,0,0,50,0.0000,0,0,0,0,0.0000,0,0,0,0,0.0000,0,0,0,0,0.0000,0,0,0,0,"2021-08-01 21:00:00"
"RocketReports","MINT9999",20.0000,0,0,0,0,0.0000,0,0,0,0,0.0000,0,0,0,0,0.0000,0,0,0,0,0.0000,0,0,0,0,"2021-08-01 21:00:00"
"RocketReports","MINT9999",0.0000,0,0,0,0,20.0000,100,0,0,100,0.0000,0,0,0,0,0.0000,0,0,0,0,0.0000,0,0,0,0,"2021-08-01 21:00:00"
"RocketReports","MINTHI11",20.0000,499,0,187,312,0.0000,0,0,0,0,0.0000,0,0,0,0,0.0000,0,0,0,0,0.0000,0,0,0,0,"2021-08-01 21:00:00"
"RocketReports","MINTHI21",20.0000,650,0,159,491,0.0000,0,0,0,0,0.0000,0,0,0,0,0.0000,0,0,0,0,0.0000,0,0,0,0,"2021-08-01 21:00:00"
"RocketReports","MINTHI21",0.0000,0,0,0,0,20.0000,650,0,155,495,0.0000,0,0,0,0,0.0000,0,0,0,0,0.0000,0,0,0,0,"2021-08-01 21:00:00"
"RocketReports","MINTHI31",20.0000,475,0,5,470,0.0000,0,0,0,0,0.0000,0,0,0,0,0.0000,0,0,0,0,0.0000,0,0,0,0,"2021-08-01 21:00:00"
"RocketReports","MINTHI31",0.0000,0,0,0,0,20.0000,479,0,15,464,0.0000,0,0,0,0,0.0000,0,0,0,0,0.0000,0,0,0,0,"2021-08-01 21:00:00"
"RocketReports","MINTHI32",20.0000,391,0,88,303,0.0000,0,0,0,0,0.0000,0,0,0,0,0.0000,0,0,0,0,0.0000,0,0,0,0,"2021-08-01 21:00:00"
"RocketReports","MINTHI41",20.0000,550,0,282,268,0.0000,0,0,0,0,0.0000,0,0,0,0,0.0000,0,0,0,0,0.0000,0,0,0,0,"2021-08-01 21:00:00"
"RocketReports","MINTHI42",20.0000,119,0,64,55,0.0000,0,0,0,0,0.0000,0,0,0,0,0.0000,0,0,0,0,0.0000,0,0,0,0,"2021-08-01 21:00:00"
"RocketReports","MINTHI51",20.0000,342,0,268,74,0.0000,0,0,0,0,0.0000,0,0,0,0,0.0000,0,0,0,0,0.0000,0,0,0,0,"2021-08-01 21:00:00"
"RocketReports","MINTHI51",0.0000,0,0,0,0,20.0000,356,0,300,56,0.0000,0,0,0,0,0.0000,0,0,0,0,0.0000,0,0,0,0,"2021-08-01 21:00:00"
"RocketReports","MINTHI52",20.0000,300,0,113,187,0.0000,0,0,0,0,0.0000,0,0,0,0,0.0000,0,0,0,0,0.0000,0,0,0,0,"2021-08-01 21:00:00"
"RocketReports","MINTHI61",20.0000,276,0,114,162,0.0000,0,0,0,0,0.0000,0,0,0,0,0.0000,0,0,0,0,0.0000,0,0,0,0,"2021-08-01 21:00:00"
"RocketReports","MINTHI61",0.0000,0,0,0,0,20.0000,279,0,117,162,0.0000,0,0,0,0,0.0000,0,0,0,0,0.0000,0,0,0,0,"2021-08-01 21:00:00"
"RocketReports","MINTHI62",20.0000,404,0,81,323,0.0000,0,0,0,0,0.0000,0,0,0,0,0.0000,0,0,0,0,0.0000,0,0,0,0,"2021-08-01 21:00:00"
"RocketReports","MINTHI71",20.0000,3958,0,3744,214,0.0000,0,0,0,0,0.0000,0,0,0,0,0.0000,0,0,0,0,0.0000,0,0,0,0,"2021-08-01 21:00:00"
"RocketReports","MINTHI71",0.0000,0,0,0,0,20.0000,0,0,0,0,0.0000,0,0,0,0,0.0000,0,0,0,0,0.0000,0,0,0,0,"2021-08-01 21:00:00"
"RocketReports","MINTPLB1",20.0000,104,0,11,93,0.0000,0,0,0,0,0.0000,0,0,0,0,0.0000,0,0,0,0,0.0000,0,0,0,0,"2021-08-01 21:00:00"
"RocketReports","MINTPLB2",20.0000,150,0,93,57,0.0000,0,0,0,0,0.0000,0,0,0,0,0.0000,0,0,0,0,0.0000,0,0,0,0,"2021-08-01 21:00:00"
"RocketReports","MINTPLB3",20.0000,350,0,178,172,0.0000,0,0,0,0,0.0000,0,0,0,0,0.0000,0,0,0,0,0.0000,0,0,0,0,"2021-08-01 21:00:00"
"RocketReports","MINTPLB4",20.0000,169,0,0,169,0.0000,0,0,0,0,0.0000,0,0,0,0,0.0000,0,0,0,0,0.0000,0,0,0,0,"2021-08-01 21:00:00"
"RocketReports","MINTPLB5",20.0000,141,0,26,115,0.0000,0,0,0,0,0.0000,0,0,0,0,0.0000,0,0,0,0,0.0000,0,0,0,0,"2021-08-01 21:00:00"
"RocketReports","MINTPMH1",20.0000,500,0,213,287,0.0000,0,0,0,0,0.0000,0,0,0,0,0.0000,0,0,0,0,0.0000,0,0,0,0,"2021-08-01 21:00:00"
"RocketReports","MINTPMH2",20.0000,600,0,398,202,0.0000,0,0,0,0,0.0000,0,0,0,0,0.0000,0,0,0,0,0.0000,0,0,0,0,"2021-08-01 21:00:00"
"RocketReports","MINTPMH3",20.0000,176,0,51,125,0.0000,0,0,0,0,0.0000,0,0,0,0,0.0000,0,0,0,0,0.0000,0,0,0,0,"2021-08-01 21:00:00"
"RocketReports","TNS5GBZ3",20.0000,544,0,32,512,0.0000,0,0,0,0,0.0000,0,0,0,0,0.0000,0,0,0,0,0.0000,0,0,0,0,"2021-08-01 21:00:00"
"RocketReports","TNS5GBZ4",20.0000,155,0,10,145,0.0000,0,0,0,0,0.0000,0,0,0,0,0.0000,0,0,0,0,0.0000,0,0,0,0,"2021-08-01 21:00:00"
