"RocketReports","MINT0009",43,34,0.7906,9,0.2093,3,2,3,0,0,0,1
"RocketReports","MINT0014",1,1,1.0000,0,0.0000,0,0,0,0,0,0,0
"RocketReports","MINT0025",2,2,1.0000,0,0.0000,0,0,0,0,0,0,0
"RocketReports","MINT0026",3,1,0.3333,2,0.6666,2,0,0,0,0,0,0
"RocketReports","MINT0027",3,3,1.0000,0,0.0000,0,0,0,0,0,0,0
"RocketReports","MINT0028",1,1,1.0000,0,0.0000,0,0,0,0,0,0,0
"RocketReports","MINT0032",7,7,1.0000,0,0.0000,0,0,0,0,0,0,0
"RocketReports","MINT0034",5,5,1.0000,0,0.0000,0,0,0,0,0,0,0
"RocketReports","MINT0037",7,7,1.0000,0,0.0000,0,0,0,0,0,0,0
"RocketReports","MINT0041",3,2,0.6666,1,0.3333,1,0,0,0,0,0,0
"RocketReports","MINT0042",9,8,0.8888,1,0.1111,1,0,0,0,0,0,0
"RocketReports","MINT0044",1,1,1.0000,0,0.0000,0,0,0,0,0,0,0
"RocketReports","MINT0049",4,3,0.7500,1,0.2500,0,0,1,0,0,0,0
"RocketReports","MINT0050",3,2,0.6666,1,0.3333,0,1,0,0,0,0,0
"RocketReports","MINT0052",3,1,0.3333,2,0.6666,0,2,0,0,0,0,0
"RocketReports","MINT0053",1,1,1.0000,0,0.0000,0,0,0,0,0,0,0
"RocketReports","MINT0054",1,1,1.0000,0,0.0000,0,0,0,0,0,0,0
"RocketReports","MINT0056",3,3,1.0000,0,0.0000,0,0,0,0,0,0,0
"RocketReports","MINT0058",2,2,1.0000,0,0.0000,0,0,0,0,0,0,0
"RocketReports","MINT0059",4,3,0.7500,1,0.2500,0,1,0,0,0,0,0
"RocketReports","MINT0062",9,9,1.0000,0,0.0000,0,0,0,0,0,0,0
"RocketReports","MINT0063",6,6,1.0000,0,0.0000,0,0,0,0,0,0,0
"RocketReports","MINT0065",1,1,1.0000,0,0.0000,0,0,0,0,0,0,0
"RocketReports","MINT0067",6,4,0.6666,2,0.3333,2,0,0,0,0,0,0
"RocketReports","MINT0068",4,1,0.2500,3,0.7500,0,1,0,0,0,0,2
"RocketReports","MINT0069",31,30,0.9677,1,0.0322,1,0,0,0,0,0,0
"RocketReports","MINT0101",2,2,1.0000,0,0.0000,0,0,0,0,0,0,0
"RocketReports","MINT0105",1,1,1.0000,0,0.0000,0,0,0,0,0,0,0
"RocketReports","MINT0106",5,5,1.0000,0,0.0000,0,0,0,0,0,0,0
"RocketReports","MINT0107",3,3,1.0000,0,0.0000,0,0,0,0,0,0,0
"RocketReports","MINT0108",2,2,1.0000,0,0.0000,0,0,0,0,0,0,0
"RocketReports","MINT0109",10,4,0.4000,6,0.6000,0,0,0,0,0,0,6
"RocketReports","MINT0111",1,1,1.0000,0,0.0000,0,0,0,0,0,0,0
"RocketReports","MINT0112",6,6,1.0000,0,0.0000,0,0,0,0,0,0,0
"RocketReports","MINT0113",1,1,1.0000,0,0.0000,0,0,0,0,0,0,0
"RocketReports","MINT0115",1,1,1.0000,0,0.0000,0,0,0,0,0,0,0
"RocketReports","MINT0116",4,4,1.0000,0,0.0000,0,0,0,0,0,0,0
"RocketReports","MINT0117",1,1,1.0000,0,0.0000,0,0,0,0,0,0,0
"RocketReports","MINT0118",1,1,1.0000,0,0.0000,0,0,0,0,0,0,0
"RocketReports","MINT0120",2,2,1.0000,0,0.0000,0,0,0,0,0,0,0
"RocketReports","MINT0121",9,7,0.7777,2,0.2222,1,0,0,0,0,0,1
"RocketReports","MINT0125",16,14,0.8750,2,0.1250,0,1,0,0,0,0,1
"RocketReports","MINT0126",3,3,1.0000,0,0.0000,0,0,0,0,0,0,0
"RocketReports","MINT0127",1,1,1.0000,0,0.0000,0,0,0,0,0,0,0
"RocketReports","MINT0131",1,0,0.0000,1,1.0000,0,0,0,0,0,0,1
"RocketReports","MINT0133",1,1,1.0000,0,0.0000,0,0,0,0,0,0,0
"RocketReports","MINT0135",8,6,0.7500,2,0.2500,0,0,1,0,0,0,1
"RocketReports","MINT0136",1,1,1.0000,0,0.0000,0,0,0,0,0,0,0
"RocketReports","MINT0137",6,5,0.8333,1,0.1666,1,0,0,0,0,0,0
"RocketReports","MINT0138",3,3,1.0000,0,0.0000,0,0,0,0,0,0,0
"RocketReports","MINT0141",1,1,1.0000,0,0.0000,0,0,0,0,0,0,0
"RocketReports","MINT0142",1,1,1.0000,0,0.0000,0,0,0,0,0,0,0
"RocketReports","MINT0143",4,4,1.0000,0,0.0000,0,0,0,0,0,0,0
"RocketReports","MINT0144",4,4,1.0000,0,0.0000,0,0,0,0,0,0,0
"RocketReports","MINT0145",2,1,0.5000,1,0.5000,0,0,1,0,0,0,0
"RocketReports","MINT0152",2,2,1.0000,0,0.0000,0,0,0,0,0,0,0
"RocketReports","MINT0153",1,1,1.0000,0,0.0000,0,0,0,0,0,0,0
"RocketReports","MINT0154",9,7,0.7777,2,0.2222,1,1,0,0,0,0,0
"RocketReports","MINT0155",15,13,0.8666,2,0.1333,2,0,0,0,0,0,0
"RocketReports","MINT0156",1,1,1.0000,0,0.0000,0,0,0,0,0,0,0
"RocketReports","MINT0157",2,2,1.0000,0,0.0000,0,0,0,0,0,0,0
"RocketReports","MINT0201",1,1,1.0000,0,0.0000,0,0,0,0,0,0,0
"RocketReports","MINT0206",1,1,1.0000,0,0.0000,0,0,0,0,0,0,0
"RocketReports","MINT0207",1,1,1.0000,0,0.0000,0,0,0,0,0,0,0
"RocketReports","MINT0208",4,4,1.0000,0,0.0000,0,0,0,0,0,0,0
"RocketReports","MINT0209",7,5,0.7142,2,0.2857,1,1,0,0,0,0,0
"RocketReports","MINT0305",1,1,1.0000,0,0.0000,0,0,0,0,0,0,0
"RocketReports","MINT0351",7,4,0.5714,3,0.4285,3,0,0,0,0,0,0
"RocketReports","MINT0353",9,3,0.3333,6,0.6666,2,0,0,0,0,0,4
"RocketReports","MINT0355",5,5,1.0000,0,0.0000,0,0,0,0,0,0,0
"RocketReports","MINT0356",4,4,1.0000,0,0.0000,0,0,0,0,0,0,0
"RocketReports","MINT0360",3,2,0.6666,1,0.3333,0,0,0,0,0,0,1
"RocketReports","MINT0400",2,1,0.5000,1,0.5000,0,1,0,0,0,0,0
"RocketReports","MINT0401",2,2,1.0000,0,0.0000,0,0,0,0,0,0,0
"RocketReports","MINT0402",1,1,1.0000,0,0.0000,0,0,0,0,0,0,0
"RocketReports","MINT0409",1,1,1.0000,0,0.0000,0,0,0,0,0,0,0
"RocketReports","MINT0412",1,1,1.0000,0,0.0000,0,0,0,0,0,0,0
"RocketReports","MINT0413",1,1,1.0000,0,0.0000,0,0,0,0,0,0,0
"RocketReports","MINT0414",12,11,0.9166,1,0.0833,0,1,0,0,0,0,0
"RocketReports","MINT0494",2,2,1.0000,0,0.0000,0,0,0,0,0,0,0
"RocketReports","MINT0495",1,1,1.0000,0,0.0000,0,0,0,0,0,0,0
"RocketReports","MINT0497",4,3,0.7500,1,0.2500,0,1,0,0,0,0,0
"RocketReports","MINT0498",1,1,1.0000,0,0.0000,0,0,0,0,0,0,0
"RocketReports","MINT0504",3,3,1.0000,0,0.0000,0,0,0,0,0,0,0
"RocketReports","MINT0519",2,2,1.0000,0,0.0000,0,0,0,0,0,0,0
"RocketReports","MINT0527",1,1,1.0000,0,0.0000,0,0,0,0,0,0,0
"RocketReports","MINT0531",9,9,1.0000,0,0.0000,0,0,0,0,0,0,0
"RocketReports","MINT0532",7,7,1.0000,0,0.0000,0,0,0,0,0,0,0
"RocketReports","MINT0533",1,0,0.0000,1,1.0000,0,0,1,0,0,0,0
"RocketReports","MINT0534",2,2,1.0000,0,0.0000,0,0,0,0,0,0,0
"RocketReports","MINT0535",5,3,0.6000,2,0.4000,1,0,0,0,0,0,1
"RocketReports","MINT0540",4,4,1.0000,0,0.0000,0,0,0,0,0,0,0
"RocketReports","MINT0542",2,2,1.0000,0,0.0000,0,0,0,0,0,0,0
"RocketReports","MINT0543",2,2,1.0000,0,0.0000,0,0,0,0,0,0,0
"RocketReports","MINT0545",2,2,1.0000,0,0.0000,0,0,0,0,0,0,0
"RocketReports","MINT0546",4,4,1.0000,0,0.0000,0,0,0,0,0,0,0
"RocketReports","MINT0547",1,1,1.0000,0,0.0000,0,0,0,0,0,0,0
"RocketReports","MINT0550",15,14,0.9333,1,0.0666,0,1,0,0,0,0,0
"RocketReports","MINT0554",2,2,1.0000,0,0.0000,0,0,0,0,0,0,0
"RocketReports","MINT0555",1,1,1.0000,0,0.0000,0,0,0,0,0,0,0
"RocketReports","MINT0556",4,4,1.0000,0,0.0000,0,0,0,0,0,0,0
"RocketReports","MINT0557",6,6,1.0000,0,0.0000,0,0,0,0,0,0,0
"RocketReports","MINT0559",5,5,1.0000,0,0.0000,0,0,0,0,0,0,0
"RocketReports","MINT0561",3,3,1.0000,0,0.0000,0,0,0,0,0,0,0
"RocketReports","MINT0562",6,6,1.0000,0,0.0000,0,0,0,0,0,0,0
"RocketReports","MINT0563",1,1,1.0000,0,0.0000,0,0,0,0,0,0,0
"RocketReports","MINT0564",2,2,1.0000,0,0.0000,0,0,0,0,0,0,0
"RocketReports","MINT0565",1,1,1.0000,0,0.0000,0,0,0,0,0,0,0
"RocketReports","MINT0567",7,7,1.0000,0,0.0000,0,0,0,0,0,0,0
"RocketReports","MINT0569",7,6,0.8571,1,0.1428,1,0,0,0,0,0,0
"RocketReports","MINT0570",3,3,1.0000,0,0.0000,0,0,0,0,0,0,0
"RocketReports","MINT0571",1,1,1.0000,0,0.0000,0,0,0,0,0,0,0
"RocketReports","MINT0572",4,4,1.0000,0,0.0000,0,0,0,0,0,0,0
"RocketReports","MINT0574",1,1,1.0000,0,0.0000,0,0,0,0,0,0,0
"RocketReports","MINT0576",2,2,1.0000,0,0.0000,0,0,0,0,0,0,0
"RocketReports","MINT0581",1,1,1.0000,0,0.0000,0,0,0,0,0,0,0
"RocketReports","MINT0582",3,3,1.0000,0,0.0000,0,0,0,0,0,0,0
"RocketReports","MINT0584",11,11,1.0000,0,0.0000,0,0,0,0,0,0,0
"RocketReports","MINT0588",4,4,1.0000,0,0.0000,0,0,0,0,0,0,0
"RocketReports","MINT0591",1,1,1.0000,0,0.0000,0,0,0,0,0,0,0
"RocketReports","MINT0592",2,2,1.0000,0,0.0000,0,0,0,0,0,0,0
"RocketReports","MINT0593",4,3,0.7500,1,0.2500,1,0,0,0,0,0,0
"RocketReports","MINT0594",10,8,0.8000,2,0.2000,0,0,0,0,0,0,2
"RocketReports","MINT0595",2,2,1.0000,0,0.0000,0,0,0,0,0,0,0
"RocketReports","MINT0596",10,10,1.0000,0,0.0000,0,0,0,0,0,0,0
"RocketReports","MINT0598",2,2,1.0000,0,0.0000,0,0,0,0,0,0,0
"RocketReports","MINT0602",4,4,1.0000,0,0.0000,0,0,0,0,0,0,0
"RocketReports","MINT0707",9,8,0.8888,1,0.1111,0,0,0,0,0,0,1
"RocketReports","MINT0901",1,1,1.0000,0,0.0000,0,0,0,0,0,0,0
"RocketReports","MINT0905",2,2,1.0000,0,0.0000,0,0,0,0,0,0,0
"RocketReports","MINT0906",2,2,1.0000,0,0.0000,0,0,0,0,0,0,0
"RocketReports","MINT0908",4,3,0.7500,1,0.2500,0,1,0,0,0,0,0
"RocketReports","MINT0909",2,2,1.0000,0,0.0000,0,0,0,0,0,0,0
"RocketReports","MINT0912",5,5,1.0000,0,0.0000,0,0,0,0,0,0,0
"RocketReports","MINT0913",20,8,0.4000,12,0.6000,10,0,0,0,0,0,2
"RocketReports","MINT0916",5,4,0.8000,1,0.2000,1,0,0,0,0,0,0
"RocketReports","MINT0918",2,1,0.5000,1,0.5000,0,1,0,0,0,0,0
"RocketReports","MINT0919",21,20,0.9523,1,0.0476,0,0,0,0,0,0,1
"RocketReports","MINT0921",1,0,0.0000,1,1.0000,1,0,0,0,0,0,0
"RocketReports","MINT0922",4,4,1.0000,0,0.0000,0,0,0,0,0,0,0
"RocketReports","MINT0923",1,1,1.0000,0,0.0000,0,0,0,0,0,0,0
"RocketReports","MINT0926",1,1,1.0000,0,0.0000,0,0,0,0,0,0,0
"RocketReports","MINT1012",9,7,0.7777,2,0.2222,2,0,0,0,0,0,0
"RocketReports","MINT1016",22,22,1.0000,0,0.0000,0,0,0,0,0,0,0
"RocketReports","MINT1018",1,0,0.0000,1,1.0000,0,1,0,0,0,0,0
"RocketReports","MINT1019",1,1,1.0000,0,0.0000,0,0,0,0,0,0,0
"RocketReports","MINT1030",1,1,1.0000,0,0.0000,0,0,0,0,0,0,0
"RocketReports","MINT1041",5,5,1.0000,0,0.0000,0,0,0,0,0,0,0
"RocketReports","MINT1061",4,4,1.0000,0,0.0000,0,0,0,0,0,0,0
"RocketReports","MINT1062",1,1,1.0000,0,0.0000,0,0,0,0,0,0,0
"RocketReports","MINT1063",32,31,0.9687,1,0.0312,1,0,0,0,0,0,0
"RocketReports","MINT1070",3,3,1.0000,0,0.0000,0,0,0,0,0,0,0
"RocketReports","MINT1072",1,1,1.0000,0,0.0000,0,0,0,0,0,0,0
"RocketReports","MINT1074",5,5,1.0000,0,0.0000,0,0,0,0,0,0,0
"RocketReports","MINT1075",9,9,1.0000,0,0.0000,0,0,0,0,0,0,0
"RocketReports","MINT1076",10,8,0.8000,2,0.2000,0,2,0,0,0,0,0
"RocketReports","MINT1079",1,1,1.0000,0,0.0000,0,0,0,0,0,0,0
"RocketReports","MINT1080",6,6,1.0000,0,0.0000,0,0,0,0,0,0,0
"RocketReports","MINT1083",6,6,1.0000,0,0.0000,0,0,0,0,0,0,0
"RocketReports","MINT1091",1,1,1.0000,0,0.0000,0,0,0,0,0,0,0
"RocketReports","MINT1094",2,1,0.5000,1,0.5000,1,0,0,0,0,0,0
"RocketReports","MINT3000",16,13,0.8125,3,0.1875,1,1,0,0,0,0,1
"RocketReports","MINT3001",4,4,1.0000,0,0.0000,0,0,0,0,0,0,0
"RocketReports","MINT4000",7,6,0.8571,1,0.1428,0,0,1,0,0,0,0
"RocketReports","MINT4005",48,40,0.8333,8,0.1666,1,0,2,0,0,0,5
"RocketReports","MINT4009",26,20,0.7692,6,0.2307,5,0,1,0,0,0,0
"RocketReports","MINT4010",27,26,0.9629,1,0.0370,1,0,0,0,0,0,0
"RocketReports","MINT4014",10,10,1.0000,0,0.0000,0,0,0,0,0,0,0
"RocketReports","MINT4015",11,10,0.9090,1,0.0909,0,1,0,0,0,0,0
"RocketReports","MINT4020",6,6,1.0000,0,0.0000,0,0,0,0,0,0,0
"RocketReports","MINT4022",51,49,0.9607,2,0.0392,1,0,0,0,0,0,1
"RocketReports","MINT4023",6,6,1.0000,0,0.0000,0,0,0,0,0,0,0
"RocketReports","MINT4024",6,5,0.8333,1,0.1666,1,0,0,0,0,0,0
"RocketReports","MINT4025",24,24,1.0000,0,0.0000,0,0,0,0,0,0,0
"RocketReports","MINT4031",10,6,0.6000,4,0.4000,4,0,0,0,0,0,0
"RocketReports","MINT4033",11,10,0.9090,1,0.0909,0,0,0,0,0,0,1
"RocketReports","MINT4035",2,2,1.0000,0,0.0000,0,0,0,0,0,0,0
"RocketReports","MINT4036",10,9,0.9000,1,0.1000,0,0,0,0,0,1,0
"RocketReports","MINT5001",8,8,1.0000,0,0.0000,0,0,0,0,0,0,0
"RocketReports","MINT5002",2,2,1.0000,0,0.0000,0,0,0,0,0,0,0
"RocketReports","MINT5004",1,1,1.0000,0,0.0000,0,0,0,0,0,0,0
"RocketReports","MINT5005",1,1,1.0000,0,0.0000,0,0,0,0,0,0,0
"RocketReports","MINT5006",2,2,1.0000,0,0.0000,0,0,0,0,0,0,0
"RocketReports","MINT5007",4,4,1.0000,0,0.0000,0,0,0,0,0,0,0
"RocketReports","MINTHI11",1,1,1.0000,0,0.0000,0,0,0,0,0,0,0
"RocketReports","MINTHI21",16,11,0.6875,5,0.3125,5,0,0,0,0,0,0
"RocketReports","MINTHI31",22,20,0.9090,2,0.0909,2,0,0,0,0,0,0
"RocketReports","MINTHI41",12,12,1.0000,0,0.0000,0,0,0,0,0,0,0
"RocketReports","MINTHI51",26,22,0.8461,4,0.1538,0,0,1,0,0,0,3
"RocketReports","MINTHI61",1,1,1.0000,0,0.0000,0,0,0,0,0,0,0
"RocketReports","MINTHI71",21,18,0.8571,3,0.1428,1,0,1,0,0,0,1
"RocketReports","MINTPLB1",1,1,1.0000,0,0.0000,0,0,0,0,0,0,0
"RocketReports","MINTPLB3",3,3,1.0000,0,0.0000,0,0,0,0,0,0,0
"RocketReports","MINTPLB4",7,5,0.7142,2,0.2857,1,0,0,0,0,0,1
"RocketReports","MINTPLB5",3,1,0.3333,2,0.6666,1,0,0,0,0,0,1
"RocketReports","MINTPMH1",3,2,0.6666,1,0.3333,0,0,0,0,0,0,1
"RocketReports","MINTPMH2",5,5,1.0000,0,0.0000,0,0,0,0,0,0,0
"RocketReports","TNS5GBZ3",12,9,0.7500,3,0.2500,1,1,0,0,0,0,1
"RocketReports","TNS5GBZ4",5,5,1.0000,0,0.0000,0,0,0,0,0,0,0
