"RocketReports","MINT0007",20.0000,746,0,746,0,0.0000,0,0,0,0,0.0000,0,0,0,0,0.0000,0,0,0,0,0.0000,0,0,0,0,"2021-07-10 21:00:00"
"RocketReports","MINT0009",20.0000,1193,0,265,928,0.0000,0,0,0,0,0.0000,0,0,0,0,0.0000,0,0,0,0,0.0000,0,0,0,0,"2021-07-10 21:00:00"
"RocketReports","MINT0010",20.0000,770,0,767,3,0.0000,0,0,0,0,0.0000,0,0,0,0,0.0000,0,0,0,0,0.0000,0,0,0,0,"2021-07-10 21:00:00"
"RocketReports","MINT0012",20.0000,6921,0,6886,35,0.0000,0,0,0,0,0.0000,0,0,0,0,0.0000,0,0,0,0,0.0000,0,0,0,0,"2021-07-10 21:00:00"
"RocketReports","MINT0014",20.0000,197,0,25,172,0.0000,0,0,0,0,0.0000,0,0,0,0,0.0000,0,0,0,0,0.0000,0,0,0,0,"2021-07-10 21:00:00"
"RocketReports","MINT0025",20.0000,843,0,604,239,0.0000,0,0,0,0,0.0000,0,0,0,0,0.0000,0,0,0,0,0.0000,0,0,0,0,"2021-07-10 21:00:00"
"RocketReports","MINT0026",20.0000,621,0,303,318,0.0000,0,0,0,0,0.0000,0,0,0,0,0.0000,0,0,0,0,0.0000,0,0,0,0,"2021-07-10 21:00:00"
"RocketReports","MINT0027",20.0000,1640,0,1294,346,0.0000,0,0,0,0,0.0000,0,0,0,0,0.0000,0,0,0,0,0.0000,0,0,0,0,"2021-07-10 21:00:00"
"RocketReports","MINT0028",20.0000,4128,0,3859,269,0.0000,0,0,0,0,0.0000,0,0,0,0,0.0000,0,0,0,0,0.0000,0,0,0,0,"2021-07-10 21:00:00"
"RocketReports","MINT0030",20.0000,234,0,166,68,0.0000,0,0,0,0,0.0000,0,0,0,0,0.0000,0,0,0,0,0.0000,0,0,0,0,"2021-07-10 21:00:00"
"RocketReports","MINT0031",20.0000,481,0,412,69,0.0000,0,0,0,0,0.0000,0,0,0,0,0.0000,0,0,0,0,0.0000,0,0,0,0,"2021-07-10 21:00:00"
"RocketReports","MINT0032",20.0000,1370,0,1352,18,0.0000,0,0,0,0,0.0000,0,0,0,0,0.0000,0,0,0,0,0.0000,0,0,0,0,"2021-07-10 21:00:00"
"RocketReports","MINT0034",20.0000,2554,0,2543,11,0.0000,0,0,0,0,0.0000,0,0,0,0,0.0000,0,0,0,0,0.0000,0,0,0,0,"2021-07-10 21:00:00"
"RocketReports","MINT0037",20.0000,100,0,59,41,0.0000,0,0,0,0,0.0000,0,0,0,0,0.0000,0,0,0,0,0.0000,0,0,0,0,"2021-07-10 21:00:00"
"RocketReports","MINT0040",20.0000,1040,0,884,156,0.0000,0,0,0,0,0.0000,0,0,0,0,0.0000,0,0,0,0,0.0000,0,0,0,0,"2021-07-10 21:00:00"
"RocketReports","MINT0041",20.0000,114,0,112,2,0.0000,0,0,0,0,0.0000,0,0,0,0,0.0000,0,0,0,0,0.0000,0,0,0,0,"2021-07-10 21:00:00"
"RocketReports","MINT0042",20.0000,5218,0,4676,542,0.0000,0,0,0,0,0.0000,0,0,0,0,0.0000,0,0,0,0,0.0000,0,0,0,0,"2021-07-10 21:00:00"
"RocketReports","MINT0043",20.0000,3798,0,3616,182,0.0000,0,0,0,0,0.0000,0,0,0,0,0.0000,0,0,0,0,0.0000,0,0,0,0,"2021-07-10 21:00:00"
"RocketReports","MINT0044",20.0000,1140,0,966,174,0.0000,0,0,0,0,0.0000,0,0,0,0,0.0000,0,0,0,0,0.0000,0,0,0,0,"2021-07-10 21:00:00"
"RocketReports","MINT0046",20.0000,2363,0,2042,321,0.0000,0,0,0,0,0.0000,0,0,0,0,0.0000,0,0,0,0,0.0000,0,0,0,0,"2021-07-10 21:00:00"
"RocketReports","MINT0047",20.0000,99,0,15,84,0.0000,0,0,0,0,0.0000,0,0,0,0,0.0000,0,0,0,0,0.0000,0,0,0,0,"2021-07-10 21:00:00"
"RocketReports","MINT0048",20.0000,361,0,168,193,0.0000,0,0,0,0,0.0000,0,0,0,0,0.0000,0,0,0,0,0.0000,0,0,0,0,"2021-07-10 21:00:00"
"RocketReports","MINT0049",20.0000,506,0,233,273,0.0000,0,0,0,0,0.0000,0,0,0,0,0.0000,0,0,0,0,0.0000,0,0,0,0,"2021-07-10 21:00:00"
"RocketReports","MINT0050",20.0000,453,0,292,161,0.0000,0,0,0,0,0.0000,0,0,0,0,0.0000,0,0,0,0,0.0000,0,0,0,0,"2021-07-10 21:00:00"
"RocketReports","MINT0051",20.0000,591,0,471,120,0.0000,0,0,0,0,0.0000,0,0,0,0,0.0000,0,0,0,0,0.0000,0,0,0,0,"2021-07-10 21:00:00"
"RocketReports","MINT0052",20.0000,658,0,451,207,0.0000,0,0,0,0,0.0000,0,0,0,0,0.0000,0,0,0,0,0.0000,0,0,0,0,"2021-07-10 21:00:00"
"RocketReports","MINT0053",20.0000,4348,0,4130,218,0.0000,0,0,0,0,0.0000,0,0,0,0,0.0000,0,0,0,0,0.0000,0,0,0,0,"2021-07-10 21:00:00"
"RocketReports","MINT0054",20.0000,952,0,704,248,0.0000,0,0,0,0,0.0000,0,0,0,0,0.0000,0,0,0,0,0.0000,0,0,0,0,"2021-07-10 21:00:00"
"RocketReports","MINT0055",20.0000,226,0,30,196,0.0000,0,0,0,0,0.0000,0,0,0,0,0.0000,0,0,0,0,0.0000,0,0,0,0,"2021-07-10 21:00:00"
"RocketReports","MINT0056",20.0000,290,0,229,61,0.0000,0,0,0,0,0.0000,0,0,0,0,0.0000,0,0,0,0,0.0000,0,0,0,0,"2021-07-10 21:00:00"
"RocketReports","MINT0057",20.0000,1924,0,1890,34,0.0000,0,0,0,0,0.0000,0,0,0,0,0.0000,0,0,0,0,0.0000,0,0,0,0,"2021-07-10 21:00:00"
"RocketReports","MINT0058",20.0000,6239,0,6219,20,0.0000,0,0,0,0,0.0000,0,0,0,0,0.0000,0,0,0,0,0.0000,0,0,0,0,"2021-07-10 21:00:00"
"RocketReports","MINT0059",20.0000,2157,0,1953,204,0.0000,0,0,0,0,0.0000,0,0,0,0,0.0000,0,0,0,0,0.0000,0,0,0,0,"2021-07-10 21:00:00"
"RocketReports","MINT0062",20.0000,497,0,95,402,0.0000,0,0,0,0,0.0000,0,0,0,0,0.0000,0,0,0,0,0.0000,0,0,0,0,"2021-07-10 21:00:00"
"RocketReports","MINT0063",20.0000,3878,0,3753,125,0.0000,0,0,0,0,0.0000,0,0,0,0,0.0000,0,0,0,0,0.0000,0,0,0,0,"2021-07-10 21:00:00"
"RocketReports","MINT0064",20.0000,285,0,182,103,0.0000,0,0,0,0,0.0000,0,0,0,0,0.0000,0,0,0,0,0.0000,0,0,0,0,"2021-07-10 21:00:00"
"RocketReports","MINT0065",20.0000,253,0,0,253,0.0000,0,0,0,0,0.0000,0,0,0,0,0.0000,0,0,0,0,0.0000,0,0,0,0,"2021-07-10 21:00:00"
"RocketReports","MINT0066",20.0000,3643,0,3525,118,0.0000,0,0,0,0,0.0000,0,0,0,0,0.0000,0,0,0,0,0.0000,0,0,0,0,"2021-07-10 21:00:00"
"RocketReports","MINT0067",20.0000,234,0,77,157,0.0000,0,0,0,0,0.0000,0,0,0,0,0.0000,0,0,0,0,0.0000,0,0,0,0,"2021-07-10 21:00:00"
"RocketReports","MINT0067",0.0000,0,0,0,0,50.0000,383,0,184,199,0.0000,0,0,0,0,0.0000,0,0,0,0,0.0000,0,0,0,0,"2021-07-10 21:00:00"
"RocketReports","MINT0068",20.0000,393,0,264,129,0.0000,0,0,0,0,0.0000,0,0,0,0,0.0000,0,0,0,0,0.0000,0,0,0,0,"2021-07-10 21:00:00"
"RocketReports","MINT0069",20.0000,800,0,311,489,0.0000,0,0,0,0,0.0000,0,0,0,0,0.0000,0,0,0,0,0.0000,0,0,0,0,"2021-07-10 21:00:00"
"RocketReports","MINT0069",0.0000,0,0,0,0,50.0000,436,0,191,245,0.0000,0,0,0,0,0.0000,0,0,0,0,0.0000,0,0,0,0,"2021-07-10 21:00:00"
"RocketReports","MINT0070",20.0000,14,0,1,13,0.0000,0,0,0,0,0.0000,0,0,0,0,0.0000,0,0,0,0,0.0000,0,0,0,0,"2021-07-10 21:00:00"
"RocketReports","MINT0100",20.0000,250,0,92,158,0.0000,0,0,0,0,0.0000,0,0,0,0,0.0000,0,0,0,0,0.0000,0,0,0,0,"2021-07-10 21:00:00"
"RocketReports","MINT0101",10.0000,436,0,71,365,0.0000,0,0,0,0,0.0000,0,0,0,0,0.0000,0,0,0,0,0.0000,0,0,0,0,"2021-07-10 21:00:00"
"RocketReports","MINT0102",20.0000,15,0,1,14,0.0000,0,0,0,0,0.0000,0,0,0,0,0.0000,0,0,0,0,0.0000,0,0,0,0,"2021-07-10 21:00:00"
"RocketReports","MINT0103",20.0000,76,0,31,45,0.0000,0,0,0,0,0.0000,0,0,0,0,0.0000,0,0,0,0,0.0000,0,0,0,0,"2021-07-10 21:00:00"
"RocketReports","MINT0104",20.0000,99,0,44,55,0.0000,0,0,0,0,0.0000,0,0,0,0,0.0000,0,0,0,0,0.0000,0,0,0,0,"2021-07-10 21:00:00"
"RocketReports","MINT0105",20.0000,113,0,13,100,0.0000,0,0,0,0,0.0000,0,0,0,0,0.0000,0,0,0,0,0.0000,0,0,0,0,"2021-07-10 21:00:00"
"RocketReports","MINT0106",20.0000,125,0,12,113,0.0000,0,0,0,0,0.0000,0,0,0,0,0.0000,0,0,0,0,0.0000,0,0,0,0,"2021-07-10 21:00:00"
"RocketReports","MINT0107",20.0000,3500,0,3444,56,0.0000,0,0,0,0,0.0000,0,0,0,0,0.0000,0,0,0,0,0.0000,0,0,0,0,"2021-07-10 21:00:00"
"RocketReports","MINT0108",20.0000,250,0,77,173,0.0000,0,0,0,0,0.0000,0,0,0,0,0.0000,0,0,0,0,0.0000,0,0,0,0,"2021-07-10 21:00:00"
"RocketReports","MINT0109",20.0000,400,0,246,154,0.0000,0,0,0,0,0.0000,0,0,0,0,0.0000,0,0,0,0,0.0000,0,0,0,0,"2021-07-10 21:00:00"
"RocketReports","MINT0110",20.0000,200,0,105,95,0.0000,0,0,0,0,0.0000,0,0,0,0,0.0000,0,0,0,0,0.0000,0,0,0,0,"2021-07-10 21:00:00"
"RocketReports","MINT0111",20.0000,319,0,132,187,0.0000,0,0,0,0,0.0000,0,0,0,0,0.0000,0,0,0,0,0.0000,0,0,0,0,"2021-07-10 21:00:00"
"RocketReports","MINT0112",20.0000,7384,0,7150,234,0.0000,0,0,0,0,0.0000,0,0,0,0,0.0000,0,0,0,0,0.0000,0,0,0,0,"2021-07-10 21:00:00"
"RocketReports","MINT0113",20.0000,249,0,90,159,0.0000,0,0,0,0,0.0000,0,0,0,0,0.0000,0,0,0,0,0.0000,0,0,0,0,"2021-07-10 21:00:00"
"RocketReports","MINT0115",20.0000,250,0,166,84,0.0000,0,0,0,0,0.0000,0,0,0,0,0.0000,0,0,0,0,0.0000,0,0,0,0,"2021-07-10 21:00:00"
"RocketReports","MINT0116",20.0000,200,0,193,7,0.0000,0,0,0,0,0.0000,0,0,0,0,0.0000,0,0,0,0,0.0000,0,0,0,0,"2021-07-10 21:00:00"
"RocketReports","MINT0117",20.0000,500,0,323,177,0.0000,0,0,0,0,0.0000,0,0,0,0,0.0000,0,0,0,0,0.0000,0,0,0,0,"2021-07-10 21:00:00"
"RocketReports","MINT0118",20.0000,288,0,52,236,0.0000,0,0,0,0,0.0000,0,0,0,0,0.0000,0,0,0,0,0.0000,0,0,0,0,"2021-07-10 21:00:00"
"RocketReports","MINT0119",20.0000,140,0,38,102,0.0000,0,0,0,0,0.0000,0,0,0,0,0.0000,0,0,0,0,0.0000,0,0,0,0,"2021-07-10 21:00:00"
"RocketReports","MINT0120",20.0000,150,0,91,59,0.0000,0,0,0,0,0.0000,0,0,0,0,0.0000,0,0,0,0,0.0000,0,0,0,0,"2021-07-10 21:00:00"
"RocketReports","MINT0121",20.0000,300,0,74,226,0.0000,0,0,0,0,0.0000,0,0,0,0,0.0000,0,0,0,0,0.0000,0,0,0,0,"2021-07-10 21:00:00"
"RocketReports","MINT0122",20.0000,250,0,125,125,0.0000,0,0,0,0,0.0000,0,0,0,0,0.0000,0,0,0,0,0.0000,0,0,0,0,"2021-07-10 21:00:00"
"RocketReports","MINT0123",20.0000,148,0,90,58,0.0000,0,0,0,0,0.0000,0,0,0,0,0.0000,0,0,0,0,0.0000,0,0,0,0,"2021-07-10 21:00:00"
"RocketReports","MINT0124",20.0000,125,0,9,116,0.0000,0,0,0,0,0.0000,0,0,0,0,0.0000,0,0,0,0,0.0000,0,0,0,0,"2021-07-10 21:00:00"
"RocketReports","MINT0125",20.0000,568,0,287,281,0.0000,0,0,0,0,0.0000,0,0,0,0,0.0000,0,0,0,0,0.0000,0,0,0,0,"2021-07-10 21:00:00"
"RocketReports","MINT0126",20.0000,124,0,0,124,0.0000,0,0,0,0,0.0000,0,0,0,0,0.0000,0,0,0,0,0.0000,0,0,0,0,"2021-07-10 21:00:00"
"RocketReports","MINT0127",20.0000,300,0,80,220,0.0000,0,0,0,0,0.0000,0,0,0,0,0.0000,0,0,0,0,0.0000,0,0,0,0,"2021-07-10 21:00:00"
"RocketReports","MINT0128",20.0000,100,0,29,71,0.0000,0,0,0,0,0.0000,0,0,0,0,0.0000,0,0,0,0,0.0000,0,0,0,0,"2021-07-10 21:00:00"
"RocketReports","MINT0129",20.0000,250,0,64,186,0.0000,0,0,0,0,0.0000,0,0,0,0,0.0000,0,0,0,0,0.0000,0,0,0,0,"2021-07-10 21:00:00"
"RocketReports","MINT0130",20.0000,95,0,55,40,0.0000,0,0,0,0,0.0000,0,0,0,0,0.0000,0,0,0,0,0.0000,0,0,0,0,"2021-07-10 21:00:00"
"RocketReports","MINT0131",20.0000,100,0,8,92,0.0000,0,0,0,0,0.0000,0,0,0,0,0.0000,0,0,0,0,0.0000,0,0,0,0,"2021-07-10 21:00:00"
"RocketReports","MINT0132",20.0000,100,0,1,99,0.0000,0,0,0,0,0.0000,0,0,0,0,0.0000,0,0,0,0,0.0000,0,0,0,0,"2021-07-10 21:00:00"
"RocketReports","MINT0133",20.0000,149,0,54,95,0.0000,0,0,0,0,0.0000,0,0,0,0,0.0000,0,0,0,0,0.0000,0,0,0,0,"2021-07-10 21:00:00"
"RocketReports","MINT0134",20.0000,50,0,50,0,0.0000,0,0,0,0,0.0000,0,0,0,0,0.0000,0,0,0,0,0.0000,0,0,0,0,"2021-07-10 21:00:00"
"RocketReports","MINT0135",20.0000,300,0,217,83,0.0000,0,0,0,0,0.0000,0,0,0,0,0.0000,0,0,0,0,0.0000,0,0,0,0,"2021-07-10 21:00:00"
"RocketReports","MINT0136",20.0000,464,0,23,441,0.0000,0,0,0,0,0.0000,0,0,0,0,0.0000,0,0,0,0,0.0000,0,0,0,0,"2021-07-10 21:00:00"
"RocketReports","MINT0137",20.0000,474,0,69,405,0.0000,0,0,0,0,0.0000,0,0,0,0,0.0000,0,0,0,0,0.0000,0,0,0,0,"2021-07-10 21:00:00"
"RocketReports","MINT0138",20.0000,300,0,209,91,0.0000,0,0,0,0,0.0000,0,0,0,0,0.0000,0,0,0,0,0.0000,0,0,0,0,"2021-07-10 21:00:00"
"RocketReports","MINT0139",20.0000,250,0,0,250,0.0000,0,0,0,0,0.0000,0,0,0,0,0.0000,0,0,0,0,0.0000,0,0,0,0,"2021-07-10 21:00:00"
"RocketReports","MINT0141",20.0000,102,0,27,75,0.0000,0,0,0,0,0.0000,0,0,0,0,0.0000,0,0,0,0,0.0000,0,0,0,0,"2021-07-10 21:00:00"
"RocketReports","MINT0142",20.0000,125,0,37,88,0.0000,0,0,0,0,0.0000,0,0,0,0,0.0000,0,0,0,0,0.0000,0,0,0,0,"2021-07-10 21:00:00"
"RocketReports","MINT0143",20.0000,250,0,22,228,0.0000,0,0,0,0,0.0000,0,0,0,0,0.0000,0,0,0,0,0.0000,0,0,0,0,"2021-07-10 21:00:00"
"RocketReports","MINT0144",20.0000,250,0,117,133,0.0000,0,0,0,0,0.0000,0,0,0,0,0.0000,0,0,0,0,0.0000,0,0,0,0,"2021-07-10 21:00:00"
"RocketReports","MINT0145",20.0000,106,0,48,58,0.0000,0,0,0,0,0.0000,0,0,0,0,0.0000,0,0,0,0,0.0000,0,0,0,0,"2021-07-10 21:00:00"
"RocketReports","MINT0146",20.0000,264,0,7,257,0.0000,0,0,0,0,0.0000,0,0,0,0,0.0000,0,0,0,0,0.0000,0,0,0,0,"2021-07-10 21:00:00"
"RocketReports","MINT0147",20.0000,100,0,33,67,0.0000,0,0,0,0,0.0000,0,0,0,0,0.0000,0,0,0,0,0.0000,0,0,0,0,"2021-07-10 21:00:00"
"RocketReports","MINT0148",20.0000,150,0,6,144,0.0000,0,0,0,0,0.0000,0,0,0,0,0.0000,0,0,0,0,0.0000,0,0,0,0,"2021-07-10 21:00:00"
"RocketReports","MINT0149",20.0000,150,0,27,123,0.0000,0,0,0,0,0.0000,0,0,0,0,0.0000,0,0,0,0,0.0000,0,0,0,0,"2021-07-10 21:00:00"
"RocketReports","MINT0150",20.0000,239,0,23,216,0.0000,0,0,0,0,0.0000,0,0,0,0,0.0000,0,0,0,0,0.0000,0,0,0,0,"2021-07-10 21:00:00"
"RocketReports","MINT0151",20.0000,34,0,26,8,0.0000,0,0,0,0,0.0000,0,0,0,0,0.0000,0,0,0,0,0.0000,0,0,0,0,"2021-07-10 21:00:00"
"RocketReports","MINT0152",20.0000,250,0,178,72,0.0000,0,0,0,0,0.0000,0,0,0,0,0.0000,0,0,0,0,0.0000,0,0,0,0,"2021-07-10 21:00:00"
"RocketReports","MINT0153",20.0000,125,0,90,35,0.0000,0,0,0,0,0.0000,0,0,0,0,0.0000,0,0,0,0,0.0000,0,0,0,0,"2021-07-10 21:00:00"
"RocketReports","MINT0154",20.0000,250,0,198,52,0.0000,0,0,0,0,0.0000,0,0,0,0,0.0000,0,0,0,0,0.0000,0,0,0,0,"2021-07-10 21:00:00"
"RocketReports","MINT0155",20.0000,146,0,25,121,0.0000,0,0,0,0,0.0000,0,0,0,0,0.0000,0,0,0,0,0.0000,0,0,0,0,"2021-07-10 21:00:00"
"RocketReports","MINT0155",0.0000,0,0,0,0,5.0000,34,0,0,34,0.0000,0,0,0,0,0.0000,0,0,0,0,0.0000,0,0,0,0,"2021-07-10 21:00:00"
"RocketReports","MINT0156",20.0000,75,0,26,49,0.0000,0,0,0,0,0.0000,0,0,0,0,0.0000,0,0,0,0,0.0000,0,0,0,0,"2021-07-10 21:00:00"
"RocketReports","MINT0157",20.0000,1847,0,1813,34,0.0000,0,0,0,0,0.0000,0,0,0,0,0.0000,0,0,0,0,0.0000,0,0,0,0,"2021-07-10 21:00:00"
"RocketReports","MINT0160",20.0000,197,0,0,197,0.0000,0,0,0,0,0.0000,0,0,0,0,0.0000,0,0,0,0,0.0000,0,0,0,0,"2021-07-10 21:00:00"
"RocketReports","MINT0161",20.0000,250,0,65,185,0.0000,0,0,0,0,0.0000,0,0,0,0,0.0000,0,0,0,0,0.0000,0,0,0,0,"2021-07-10 21:00:00"
"RocketReports","MINT0162",20.0000,1,0,0,1,0.0000,0,0,0,0,0.0000,0,0,0,0,0.0000,0,0,0,0,0.0000,0,0,0,0,"2021-07-10 21:00:00"
"RocketReports","MINT0163",10.0000,500,0,55,445,0.0000,0,0,0,0,0.0000,0,0,0,0,0.0000,0,0,0,0,0.0000,0,0,0,0,"2021-07-10 21:00:00"
"RocketReports","MINT0163",0.0000,0,0,0,0,20.0000,100,0,100,0,0.0000,0,0,0,0,0.0000,0,0,0,0,0.0000,0,0,0,0,"2021-07-10 21:00:00"
"RocketReports","MINT0201",20.0000,105,0,58,47,0.0000,0,0,0,0,0.0000,0,0,0,0,0.0000,0,0,0,0,0.0000,0,0,0,0,"2021-07-10 21:00:00"
"RocketReports","MINT0203",20.0000,50,0,5,45,0.0000,0,0,0,0,0.0000,0,0,0,0,0.0000,0,0,0,0,0.0000,0,0,0,0,"2021-07-10 21:00:00"
"RocketReports","MINT0204",20.0000,109,0,10,99,0.0000,0,0,0,0,0.0000,0,0,0,0,0.0000,0,0,0,0,0.0000,0,0,0,0,"2021-07-10 21:00:00"
"RocketReports","MINT0205",20.0000,399,0,356,43,0.0000,0,0,0,0,0.0000,0,0,0,0,0.0000,0,0,0,0,0.0000,0,0,0,0,"2021-07-10 21:00:00"
"RocketReports","MINT0206",20.0000,300,0,5,295,0.0000,0,0,0,0,0.0000,0,0,0,0,0.0000,0,0,0,0,0.0000,0,0,0,0,"2021-07-10 21:00:00"
"RocketReports","MINT0207",20.0000,277,0,58,219,0.0000,0,0,0,0,0.0000,0,0,0,0,0.0000,0,0,0,0,0.0000,0,0,0,0,"2021-07-10 21:00:00"
"RocketReports","MINT0208",20.0000,400,0,23,377,0.0000,0,0,0,0,0.0000,0,0,0,0,0.0000,0,0,0,0,0.0000,0,0,0,0,"2021-07-10 21:00:00"
"RocketReports","MINT0209",20.0000,463,0,236,227,0.0000,0,0,0,0,0.0000,0,0,0,0,0.0000,0,0,0,0,0.0000,0,0,0,0,"2021-07-10 21:00:00"
"RocketReports","MINT0304",20.0000,200,0,70,130,0.0000,0,0,0,0,0.0000,0,0,0,0,0.0000,0,0,0,0,0.0000,0,0,0,0,"2021-07-10 21:00:00"
"RocketReports","MINT0305",20.0000,509,0,229,280,0.0000,0,0,0,0,0.0000,0,0,0,0,0.0000,0,0,0,0,0.0000,0,0,0,0,"2021-07-10 21:00:00"
"RocketReports","MINT0306",20.0000,278,0,87,191,0.0000,0,0,0,0,0.0000,0,0,0,0,0.0000,0,0,0,0,0.0000,0,0,0,0,"2021-07-10 21:00:00"
"RocketReports","MINT0308",20.0000,540,0,459,81,0.0000,0,0,0,0,0.0000,0,0,0,0,0.0000,0,0,0,0,0.0000,0,0,0,0,"2021-07-10 21:00:00"
"RocketReports","MINT0350",20.0000,1394,0,1176,218,0.0000,0,0,0,0,0.0000,0,0,0,0,0.0000,0,0,0,0,0.0000,0,0,0,0,"2021-07-10 21:00:00"
"RocketReports","MINT0351",20.0000,199,0,199,0,0.0000,0,0,0,0,0.0000,0,0,0,0,0.0000,0,0,0,0,0.0000,0,0,0,0,"2021-07-10 21:00:00"
"RocketReports","MINT0352",20.0000,375,0,80,295,0.0000,0,0,0,0,0.0000,0,0,0,0,0.0000,0,0,0,0,0.0000,0,0,0,0,"2021-07-10 21:00:00"
"RocketReports","MINT0353",20.0000,650,0,34,616,0.0000,0,0,0,0,0.0000,0,0,0,0,0.0000,0,0,0,0,0.0000,0,0,0,0,"2021-07-10 21:00:00"
"RocketReports","MINT0355",20.0000,576,0,352,224,0.0000,0,0,0,0,0.0000,0,0,0,0,0.0000,0,0,0,0,0.0000,0,0,0,0,"2021-07-10 21:00:00"
"RocketReports","MINT0356",20.0000,359,0,254,105,0.0000,0,0,0,0,0.0000,0,0,0,0,0.0000,0,0,0,0,0.0000,0,0,0,0,"2021-07-10 21:00:00"
"RocketReports","MINT0357",20.0000,748,0,681,67,0.0000,0,0,0,0,0.0000,0,0,0,0,0.0000,0,0,0,0,0.0000,0,0,0,0,"2021-07-10 21:00:00"
"RocketReports","MINT0358",20.0000,0,0,0,0,0.0000,0,0,0,0,0.0000,0,0,0,0,0.0000,0,0,0,0,0.0000,0,0,0,0,"2021-07-10 21:00:00"
"RocketReports","MINT0359",20.0000,7536,0,7418,118,0.0000,0,0,0,0,0.0000,0,0,0,0,0.0000,0,0,0,0,0.0000,0,0,0,0,"2021-07-10 21:00:00"
"RocketReports","MINT0360",20.0000,398,0,277,121,0.0000,0,0,0,0,0.0000,0,0,0,0,0.0000,0,0,0,0,0.0000,0,0,0,0,"2021-07-10 21:00:00"
"RocketReports","MINT0400",20.0000,25,0,2,23,0.0000,0,0,0,0,0.0000,0,0,0,0,0.0000,0,0,0,0,0.0000,0,0,0,0,"2021-07-10 21:00:00"
"RocketReports","MINT0401",20.0000,95,0,7,88,0.0000,0,0,0,0,0.0000,0,0,0,0,0.0000,0,0,0,0,0.0000,0,0,0,0,"2021-07-10 21:00:00"
"RocketReports","MINT0402",20.0000,138,0,8,130,0.0000,0,0,0,0,0.0000,0,0,0,0,0.0000,0,0,0,0,0.0000,0,0,0,0,"2021-07-10 21:00:00"
"RocketReports","MINT0403",20.0000,212,0,20,192,0.0000,0,0,0,0,0.0000,0,0,0,0,0.0000,0,0,0,0,0.0000,0,0,0,0,"2021-07-10 21:00:00"
"RocketReports","MINT0404",20.0000,50,0,2,48,0.0000,0,0,0,0,0.0000,0,0,0,0,0.0000,0,0,0,0,0.0000,0,0,0,0,"2021-07-10 21:00:00"
"RocketReports","MINT0405",20.0000,28,0,25,3,0.0000,0,0,0,0,0.0000,0,0,0,0,0.0000,0,0,0,0,0.0000,0,0,0,0,"2021-07-10 21:00:00"
"RocketReports","MINT0406",20.0000,89,0,20,69,0.0000,0,0,0,0,0.0000,0,0,0,0,0.0000,0,0,0,0,0.0000,0,0,0,0,"2021-07-10 21:00:00"
"RocketReports","MINT0407",20.0000,20,0,1,19,0.0000,0,0,0,0,0.0000,0,0,0,0,0.0000,0,0,0,0,0.0000,0,0,0,0,"2021-07-10 21:00:00"
"RocketReports","MINT0408",20.0000,25,0,2,23,0.0000,0,0,0,0,0.0000,0,0,0,0,0.0000,0,0,0,0,0.0000,0,0,0,0,"2021-07-10 21:00:00"
"RocketReports","MINT0409",20.0000,181,0,85,96,0.0000,0,0,0,0,0.0000,0,0,0,0,0.0000,0,0,0,0,0.0000,0,0,0,0,"2021-07-10 21:00:00"
"RocketReports","MINT0410",20.0000,102,0,102,0,0.0000,0,0,0,0,0.0000,0,0,0,0,0.0000,0,0,0,0,0.0000,0,0,0,0,"2021-07-10 21:00:00"
"RocketReports","MINT0411",20.0000,1201,0,1023,178,0.0000,0,0,0,0,0.0000,0,0,0,0,0.0000,0,0,0,0,0.0000,0,0,0,0,"2021-07-10 21:00:00"
"RocketReports","MINT0412",20.0000,47,0,8,39,0.0000,0,0,0,0,0.0000,0,0,0,0,0.0000,0,0,0,0,0.0000,0,0,0,0,"2021-07-10 21:00:00"
"RocketReports","MINT0413",20.0000,123,0,60,63,0.0000,0,0,0,0,0.0000,0,0,0,0,0.0000,0,0,0,0,0.0000,0,0,0,0,"2021-07-10 21:00:00"
"RocketReports","MINT0414",20.0000,100,0,10,90,0.0000,0,0,0,0,0.0000,0,0,0,0,0.0000,0,0,0,0,0.0000,0,0,0,0,"2021-07-10 21:00:00"
"RocketReports","MINT0415",20.0000,61,0,6,55,0.0000,0,0,0,0,0.0000,0,0,0,0,0.0000,0,0,0,0,0.0000,0,0,0,0,"2021-07-10 21:00:00"
"RocketReports","MINT0416",20.0000,83,0,15,68,0.0000,0,0,0,0,0.0000,0,0,0,0,0.0000,0,0,0,0,0.0000,0,0,0,0,"2021-07-10 21:00:00"
"RocketReports","MINT0417",20.0000,40,0,2,38,0.0000,0,0,0,0,0.0000,0,0,0,0,0.0000,0,0,0,0,0.0000,0,0,0,0,"2021-07-10 21:00:00"
"RocketReports","MINT0418",20.0000,63,0,52,11,0.0000,0,0,0,0,0.0000,0,0,0,0,0.0000,0,0,0,0,0.0000,0,0,0,0,"2021-07-10 21:00:00"
"RocketReports","MINT0494",20.0000,2937,0,2936,1,0.0000,0,0,0,0,0.0000,0,0,0,0,0.0000,0,0,0,0,0.0000,0,0,0,0,"2021-07-10 21:00:00"
"RocketReports","MINT0495",20.0000,309,0,105,204,0.0000,0,0,0,0,0.0000,0,0,0,0,0.0000,0,0,0,0,0.0000,0,0,0,0,"2021-07-10 21:00:00"
"RocketReports","MINT0496",20.0000,1489,0,1183,306,0.0000,0,0,0,0,0.0000,0,0,0,0,0.0000,0,0,0,0,0.0000,0,0,0,0,"2021-07-10 21:00:00"
"RocketReports","MINT0497",20.0000,5587,0,5383,204,0.0000,0,0,0,0,0.0000,0,0,0,0,0.0000,0,0,0,0,0.0000,0,0,0,0,"2021-07-10 21:00:00"
"RocketReports","MINT0498",20.0000,1629,0,1517,112,0.0000,0,0,0,0,0.0000,0,0,0,0,0.0000,0,0,0,0,0.0000,0,0,0,0,"2021-07-10 21:00:00"
"RocketReports","MINT0499",20.0000,841,0,841,0,0.0000,0,0,0,0,0.0000,0,0,0,0,0.0000,0,0,0,0,0.0000,0,0,0,0,"2021-07-10 21:00:00"
"RocketReports","MINT0501",20.0000,3222,0,3185,37,0.0000,0,0,0,0,0.0000,0,0,0,0,0.0000,0,0,0,0,0.0000,0,0,0,0,"2021-07-10 21:00:00"
"RocketReports","MINT0503",20.0000,4264,0,3544,720,0.0000,0,0,0,0,0.0000,0,0,0,0,0.0000,0,0,0,0,0.0000,0,0,0,0,"2021-07-10 21:00:00"
"RocketReports","MINT0504",20.0000,407,0,319,88,0.0000,0,0,0,0,0.0000,0,0,0,0,0.0000,0,0,0,0,0.0000,0,0,0,0,"2021-07-10 21:00:00"
"RocketReports","MINT0508",20.0000,7919,0,7092,827,0.0000,0,0,0,0,0.0000,0,0,0,0,0.0000,0,0,0,0,0.0000,0,0,0,0,"2021-07-10 21:00:00"
"RocketReports","MINT0509",20.0000,775,0,745,30,0.0000,0,0,0,0,0.0000,0,0,0,0,0.0000,0,0,0,0,0.0000,0,0,0,0,"2021-07-10 21:00:00"
"RocketReports","MINT0509",0.0000,0,0,0,0,10.0000,0,0,0,0,0.0000,0,0,0,0,0.0000,0,0,0,0,0.0000,0,0,0,0,"2021-07-10 21:00:00"
"RocketReports","MINT0519",20.0000,84,0,36,48,0.0000,0,0,0,0,0.0000,0,0,0,0,0.0000,0,0,0,0,0.0000,0,0,0,0,"2021-07-10 21:00:00"
"RocketReports","MINT0520",20.0000,600,0,9,591,0.0000,0,0,0,0,0.0000,0,0,0,0,0.0000,0,0,0,0,0.0000,0,0,0,0,"2021-07-10 21:00:00"
"RocketReports","MINT0527",20.0000,55,0,25,30,0.0000,0,0,0,0,0.0000,0,0,0,0,0.0000,0,0,0,0,0.0000,0,0,0,0,"2021-07-10 21:00:00"
"RocketReports","MINT0529",20.0000,190,0,162,28,0.0000,0,0,0,0,0.0000,0,0,0,0,0.0000,0,0,0,0,0.0000,0,0,0,0,"2021-07-10 21:00:00"
"RocketReports","MINT0531",20.0000,1901,0,1841,60,0.0000,0,0,0,0,0.0000,0,0,0,0,0.0000,0,0,0,0,0.0000,0,0,0,0,"2021-07-10 21:00:00"
"RocketReports","MINT0532",20.0000,4416,0,4416,0,0.0000,0,0,0,0,0.0000,0,0,0,0,0.0000,0,0,0,0,0.0000,0,0,0,0,"2021-07-10 21:00:00"
"RocketReports","MINT0533",10.0000,0,0,0,0,0.0000,0,0,0,0,0.0000,0,0,0,0,0.0000,0,0,0,0,0.0000,0,0,0,0,"2021-07-10 21:00:00"
"RocketReports","MINT0533",0.0000,0,0,0,0,20.0000,2116,0,1975,141,0.0000,0,0,0,0,0.0000,0,0,0,0,0.0000,0,0,0,0,"2021-07-10 21:00:00"
"RocketReports","MINT0534",20.0000,200,0,78,122,0.0000,0,0,0,0,0.0000,0,0,0,0,0.0000,0,0,0,0,0.0000,0,0,0,0,"2021-07-10 21:00:00"
"RocketReports","MINT0535",20.0000,91,0,78,13,0.0000,0,0,0,0,0.0000,0,0,0,0,0.0000,0,0,0,0,0.0000,0,0,0,0,"2021-07-10 21:00:00"
"RocketReports","MINT0536",20.0000,300,0,211,89,0.0000,0,0,0,0,0.0000,0,0,0,0,0.0000,0,0,0,0,0.0000,0,0,0,0,"2021-07-10 21:00:00"
"RocketReports","MINT0537",20.0000,200,0,147,53,0.0000,0,0,0,0,0.0000,0,0,0,0,0.0000,0,0,0,0,0.0000,0,0,0,0,"2021-07-10 21:00:00"
"RocketReports","MINT0538",20.0000,731,0,669,62,0.0000,0,0,0,0,0.0000,0,0,0,0,0.0000,0,0,0,0,0.0000,0,0,0,0,"2021-07-10 21:00:00"
"RocketReports","MINT0539",20.0000,1357,0,1212,145,0.0000,0,0,0,0,0.0000,0,0,0,0,0.0000,0,0,0,0,0.0000,0,0,0,0,"2021-07-10 21:00:00"
"RocketReports","MINT0540",20.0000,38,0,32,6,0.0000,0,0,0,0,0.0000,0,0,0,0,0.0000,0,0,0,0,0.0000,0,0,0,0,"2021-07-10 21:00:00"
"RocketReports","MINT0542",20.0000,104,0,60,44,0.0000,0,0,0,0,0.0000,0,0,0,0,0.0000,0,0,0,0,0.0000,0,0,0,0,"2021-07-10 21:00:00"
"RocketReports","MINT0543",20.0000,118,0,23,95,0.0000,0,0,0,0,0.0000,0,0,0,0,0.0000,0,0,0,0,0.0000,0,0,0,0,"2021-07-10 21:00:00"
"RocketReports","MINT0544",20.0000,10,0,0,10,0.0000,0,0,0,0,0.0000,0,0,0,0,0.0000,0,0,0,0,0.0000,0,0,0,0,"2021-07-10 21:00:00"
"RocketReports","MINT0545",20.0000,271,0,98,173,0.0000,0,0,0,0,0.0000,0,0,0,0,0.0000,0,0,0,0,0.0000,0,0,0,0,"2021-07-10 21:00:00"
"RocketReports","MINT0546",20.0000,74,0,52,22,0.0000,0,0,0,0,0.0000,0,0,0,0,0.0000,0,0,0,0,0.0000,0,0,0,0,"2021-07-10 21:00:00"
"RocketReports","MINT0547",20.0000,396,0,236,160,0.0000,0,0,0,0,0.0000,0,0,0,0,0.0000,0,0,0,0,0.0000,0,0,0,0,"2021-07-10 21:00:00"
"RocketReports","MINT0548",20.0000,1100,0,989,111,0.0000,0,0,0,0,0.0000,0,0,0,0,0.0000,0,0,0,0,0.0000,0,0,0,0,"2021-07-10 21:00:00"
"RocketReports","MINT0549",20.0000,1498,0,1490,8,0.0000,0,0,0,0,0.0000,0,0,0,0,0.0000,0,0,0,0,0.0000,0,0,0,0,"2021-07-10 21:00:00"
"RocketReports","MINT0550",20.0000,506,0,253,253,0.0000,0,0,0,0,0.0000,0,0,0,0,0.0000,0,0,0,0,0.0000,0,0,0,0,"2021-07-10 21:00:00"
"RocketReports","MINT0551",20.0000,310,0,220,90,0.0000,0,0,0,0,0.0000,0,0,0,0,0.0000,0,0,0,0,0.0000,0,0,0,0,"2021-07-10 21:00:00"
"RocketReports","MINT0552",20.0000,148,0,0,148,0.0000,0,0,0,0,0.0000,0,0,0,0,0.0000,0,0,0,0,0.0000,0,0,0,0,"2021-07-10 21:00:00"
"RocketReports","MINT0553",20.0000,1098,0,1042,56,0.0000,0,0,0,0,0.0000,0,0,0,0,0.0000,0,0,0,0,0.0000,0,0,0,0,"2021-07-10 21:00:00"
"RocketReports","MINT0554",20.0000,1200,0,1013,187,0.0000,0,0,0,0,0.0000,0,0,0,0,0.0000,0,0,0,0,0.0000,0,0,0,0,"2021-07-10 21:00:00"
"RocketReports","MINT0555",20.0000,218,0,218,0,0.0000,0,0,0,0,0.0000,0,0,0,0,0.0000,0,0,0,0,0.0000,0,0,0,0,"2021-07-10 21:00:00"
"RocketReports","MINT0556",20.0000,2603,0,2565,38,0.0000,0,0,0,0,0.0000,0,0,0,0,0.0000,0,0,0,0,0.0000,0,0,0,0,"2021-07-10 21:00:00"
"RocketReports","MINT0557",20.0000,91,0,71,20,0.0000,0,0,0,0,0.0000,0,0,0,0,0.0000,0,0,0,0,0.0000,0,0,0,0,"2021-07-10 21:00:00"
"RocketReports","MINT0558",20.0000,651,0,551,100,0.0000,0,0,0,0,0.0000,0,0,0,0,0.0000,0,0,0,0,0.0000,0,0,0,0,"2021-07-10 21:00:00"
"RocketReports","MINT0559",20.0000,30,0,10,20,0.0000,0,0,0,0,0.0000,0,0,0,0,0.0000,0,0,0,0,0.0000,0,0,0,0,"2021-07-10 21:00:00"
"RocketReports","MINT0560",20.0000,740,0,680,60,0.0000,0,0,0,0,0.0000,0,0,0,0,0.0000,0,0,0,0,0.0000,0,0,0,0,"2021-07-10 21:00:00"
"RocketReports","MINT0561",20.0000,45,0,18,27,0.0000,0,0,0,0,0.0000,0,0,0,0,0.0000,0,0,0,0,0.0000,0,0,0,0,"2021-07-10 21:00:00"
"RocketReports","MINT0562",20.0000,5300,0,5157,143,0.0000,0,0,0,0,0.0000,0,0,0,0,0.0000,0,0,0,0,0.0000,0,0,0,0,"2021-07-10 21:00:00"
"RocketReports","MINT0563",20.0000,1085,0,860,225,0.0000,0,0,0,0,0.0000,0,0,0,0,0.0000,0,0,0,0,0.0000,0,0,0,0,"2021-07-10 21:00:00"
"RocketReports","MINT0564",20.0000,3137,0,3025,112,0.0000,0,0,0,0,0.0000,0,0,0,0,0.0000,0,0,0,0,0.0000,0,0,0,0,"2021-07-10 21:00:00"
"RocketReports","MINT0565",20.0000,243,0,223,20,0.0000,0,0,0,0,0.0000,0,0,0,0,0.0000,0,0,0,0,0.0000,0,0,0,0,"2021-07-10 21:00:00"
"RocketReports","MINT0566",20.0000,510,0,421,89,0.0000,0,0,0,0,0.0000,0,0,0,0,0.0000,0,0,0,0,0.0000,0,0,0,0,"2021-07-10 21:00:00"
"RocketReports","MINT0567",20.0000,2489,0,2321,168,0.0000,0,0,0,0,0.0000,0,0,0,0,0.0000,0,0,0,0,0.0000,0,0,0,0,"2021-07-10 21:00:00"
"RocketReports","MINT0568",20.0000,350,0,250,100,0.0000,0,0,0,0,0.0000,0,0,0,0,0.0000,0,0,0,0,0.0000,0,0,0,0,"2021-07-10 21:00:00"
"RocketReports","MINT0569",20.0000,9197,0,8973,224,0.0000,0,0,0,0,0.0000,0,0,0,0,0.0000,0,0,0,0,0.0000,0,0,0,0,"2021-07-10 21:00:00"
"RocketReports","MINT0570",20.0000,5696,0,5468,228,0.0000,0,0,0,0,0.0000,0,0,0,0,0.0000,0,0,0,0,0.0000,0,0,0,0,"2021-07-10 21:00:00"
"RocketReports","MINT0571",20.0000,2518,0,2351,167,0.0000,0,0,0,0,0.0000,0,0,0,0,0.0000,0,0,0,0,0.0000,0,0,0,0,"2021-07-10 21:00:00"
"RocketReports","MINT0572",20.0000,4841,0,4841,0,0.0000,0,0,0,0,0.0000,0,0,0,0,0.0000,0,0,0,0,0.0000,0,0,0,0,"2021-07-10 21:00:00"
"RocketReports","MINT0573",20.0000,1200,0,990,210,0.0000,0,0,0,0,0.0000,0,0,0,0,0.0000,0,0,0,0,0.0000,0,0,0,0,"2021-07-10 21:00:00"
"RocketReports","MINT0574",20.0000,6016,0,5750,266,0.0000,0,0,0,0,0.0000,0,0,0,0,0.0000,0,0,0,0,0.0000,0,0,0,0,"2021-07-10 21:00:00"
"RocketReports","MINT0575",20.0000,25,0,0,25,0.0000,0,0,0,0,0.0000,0,0,0,0,0.0000,0,0,0,0,0.0000,0,0,0,0,"2021-07-10 21:00:00"
"RocketReports","MINT0576",20.0000,366,0,327,39,0.0000,0,0,0,0,0.0000,0,0,0,0,0.0000,0,0,0,0,0.0000,0,0,0,0,"2021-07-10 21:00:00"
"RocketReports","MINT0577",20.0000,515,0,462,53,0.0000,0,0,0,0,0.0000,0,0,0,0,0.0000,0,0,0,0,0.0000,0,0,0,0,"2021-07-10 21:00:00"
"RocketReports","MINT0578",20.0000,73,0,0,73,0.0000,0,0,0,0,0.0000,0,0,0,0,0.0000,0,0,0,0,0.0000,0,0,0,0,"2021-07-10 21:00:00"
"RocketReports","MINT0579",20.0000,20,0,20,0,0.0000,0,0,0,0,0.0000,0,0,0,0,0.0000,0,0,0,0,0.0000,0,0,0,0,"2021-07-10 21:00:00"
"RocketReports","MINT0580",20.0000,200,0,5,195,0.0000,0,0,0,0,0.0000,0,0,0,0,0.0000,0,0,0,0,0.0000,0,0,0,0,"2021-07-10 21:00:00"
"RocketReports","MINT0581",20.0000,200,0,117,83,0.0000,0,0,0,0,0.0000,0,0,0,0,0.0000,0,0,0,0,0.0000,0,0,0,0,"2021-07-10 21:00:00"
"RocketReports","MINT0582",20.0000,200,0,41,159,0.0000,0,0,0,0,0.0000,0,0,0,0,0.0000,0,0,0,0,0.0000,0,0,0,0,"2021-07-10 21:00:00"
"RocketReports","MINT0583",20.0000,43,0,8,35,0.0000,0,0,0,0,0.0000,0,0,0,0,0.0000,0,0,0,0,0.0000,0,0,0,0,"2021-07-10 21:00:00"
"RocketReports","MINT0584",20.0000,167,0,50,117,0.0000,0,0,0,0,0.0000,0,0,0,0,0.0000,0,0,0,0,0.0000,0,0,0,0,"2021-07-10 21:00:00"
"RocketReports","MINT0585",20.0000,5475,0,5318,157,0.0000,0,0,0,0,0.0000,0,0,0,0,0.0000,0,0,0,0,0.0000,0,0,0,0,"2021-07-10 21:00:00"
"RocketReports","MINT0586",20.0000,1046,0,1006,40,0.0000,0,0,0,0,0.0000,0,0,0,0,0.0000,0,0,0,0,0.0000,0,0,0,0,"2021-07-10 21:00:00"
"RocketReports","MINT0587",20.0000,25,0,0,25,0.0000,0,0,0,0,0.0000,0,0,0,0,0.0000,0,0,0,0,0.0000,0,0,0,0,"2021-07-10 21:00:00"
"RocketReports","MINT0588",20.0000,115,0,115,0,0.0000,0,0,0,0,0.0000,0,0,0,0,0.0000,0,0,0,0,0.0000,0,0,0,0,"2021-07-10 21:00:00"
"RocketReports","MINT0589",20.0000,150,0,127,23,0.0000,0,0,0,0,0.0000,0,0,0,0,0.0000,0,0,0,0,0.0000,0,0,0,0,"2021-07-10 21:00:00"
"RocketReports","MINT0590",20.0000,705,0,643,62,0.0000,0,0,0,0,0.0000,0,0,0,0,0.0000,0,0,0,0,0.0000,0,0,0,0,"2021-07-10 21:00:00"
"RocketReports","MINT0591",20.0000,350,0,262,88,0.0000,0,0,0,0,0.0000,0,0,0,0,0.0000,0,0,0,0,0.0000,0,0,0,0,"2021-07-10 21:00:00"
"RocketReports","MINT0592",20.0000,120,0,93,27,0.0000,0,0,0,0,0.0000,0,0,0,0,0.0000,0,0,0,0,0.0000,0,0,0,0,"2021-07-10 21:00:00"
"RocketReports","MINT0593",20.0000,80,0,71,9,0.0000,0,0,0,0,0.0000,0,0,0,0,0.0000,0,0,0,0,0.0000,0,0,0,0,"2021-07-10 21:00:00"
"RocketReports","MINT0594",20.0000,114,0,66,48,0.0000,0,0,0,0,0.0000,0,0,0,0,0.0000,0,0,0,0,0.0000,0,0,0,0,"2021-07-10 21:00:00"
"RocketReports","MINT0595",20.0000,65,0,15,50,0.0000,0,0,0,0,0.0000,0,0,0,0,0.0000,0,0,0,0,0.0000,0,0,0,0,"2021-07-10 21:00:00"
"RocketReports","MINT0596",20.0000,3201,0,2963,238,0.0000,0,0,0,0,0.0000,0,0,0,0,0.0000,0,0,0,0,0.0000,0,0,0,0,"2021-07-10 21:00:00"
"RocketReports","MINT0597",20.0000,54,0,12,42,0.0000,0,0,0,0,0.0000,0,0,0,0,0.0000,0,0,0,0,0.0000,0,0,0,0,"2021-07-10 21:00:00"
"RocketReports","MINT0598",20.0000,79,0,26,53,0.0000,0,0,0,0,0.0000,0,0,0,0,0.0000,0,0,0,0,0.0000,0,0,0,0,"2021-07-10 21:00:00"
"RocketReports","MINT0599",20.0000,4356,0,3489,867,0.0000,0,0,0,0,0.0000,0,0,0,0,0.0000,0,0,0,0,0.0000,0,0,0,0,"2021-07-10 21:00:00"
"RocketReports","MINT0600",20.0000,243,0,141,102,0.0000,0,0,0,0,0.0000,0,0,0,0,0.0000,0,0,0,0,0.0000,0,0,0,0,"2021-07-10 21:00:00"
"RocketReports","MINT0601",20.0000,578,0,533,45,0.0000,0,0,0,0,0.0000,0,0,0,0,0.0000,0,0,0,0,0.0000,0,0,0,0,"2021-07-10 21:00:00"
"RocketReports","MINT0602",20.0000,452,0,386,66,0.0000,0,0,0,0,0.0000,0,0,0,0,0.0000,0,0,0,0,0.0000,0,0,0,0,"2021-07-10 21:00:00"
"RocketReports","MINT0603",20.0000,602,0,0,602,0.0000,0,0,0,0,0.0000,0,0,0,0,0.0000,0,0,0,0,0.0000,0,0,0,0,"2021-07-10 21:00:00"
"RocketReports","MINT0604",20.0000,195,0,60,135,0.0000,0,0,0,0,0.0000,0,0,0,0,0.0000,0,0,0,0,0.0000,0,0,0,0,"2021-07-10 21:00:00"
"RocketReports","MINT0606",20.0000,225,0,67,158,0.0000,0,0,0,0,0.0000,0,0,0,0,0.0000,0,0,0,0,0.0000,0,0,0,0,"2021-07-10 21:00:00"
"RocketReports","MINT0608",20.0000,548,0,497,51,0.0000,0,0,0,0,0.0000,0,0,0,0,0.0000,0,0,0,0,0.0000,0,0,0,0,"2021-07-10 21:00:00"
"RocketReports","MINT0609",20.0000,375,0,52,323,0.0000,0,0,0,0,0.0000,0,0,0,0,0.0000,0,0,0,0,0.0000,0,0,0,0,"2021-07-10 21:00:00"
"RocketReports","MINT0610",20.0000,643,0,79,564,0.0000,0,0,0,0,0.0000,0,0,0,0,0.0000,0,0,0,0,0.0000,0,0,0,0,"2021-07-10 21:00:00"
"RocketReports","MINT0611",20.0000,1412,0,1387,25,0.0000,0,0,0,0,0.0000,0,0,0,0,0.0000,0,0,0,0,0.0000,0,0,0,0,"2021-07-10 21:00:00"
"RocketReports","MINT0614",20.0000,50,0,29,21,0.0000,0,0,0,0,0.0000,0,0,0,0,0.0000,0,0,0,0,0.0000,0,0,0,0,"2021-07-10 21:00:00"
"RocketReports","MINT0615",20.0000,48,0,5,43,0.0000,0,0,0,0,0.0000,0,0,0,0,0.0000,0,0,0,0,0.0000,0,0,0,0,"2021-07-10 21:00:00"
"RocketReports","MINT0707",20.0000,342,0,334,8,0.0000,0,0,0,0,0.0000,0,0,0,0,0.0000,0,0,0,0,0.0000,0,0,0,0,"2021-07-10 21:00:00"
"RocketReports","MINT0709",20.0000,927,0,925,2,0.0000,0,0,0,0,0.0000,0,0,0,0,0.0000,0,0,0,0,0.0000,0,0,0,0,"2021-07-10 21:00:00"
"RocketReports","MINT0820",20.0000,100,0,100,0,0.0000,0,0,0,0,0.0000,0,0,0,0,0.0000,0,0,0,0,0.0000,0,0,0,0,"2021-07-10 21:00:00"
"RocketReports","MINT0900",20.0000,85,0,9,76,0.0000,0,0,0,0,0.0000,0,0,0,0,0.0000,0,0,0,0,0.0000,0,0,0,0,"2021-07-10 21:00:00"
"RocketReports","MINT0901",20.0000,100,0,66,34,0.0000,0,0,0,0,0.0000,0,0,0,0,0.0000,0,0,0,0,0.0000,0,0,0,0,"2021-07-10 21:00:00"
"RocketReports","MINT0902",20.0000,100,0,31,69,0.0000,0,0,0,0,0.0000,0,0,0,0,0.0000,0,0,0,0,0.0000,0,0,0,0,"2021-07-10 21:00:00"
"RocketReports","MINT0903",20.0000,83,0,0,83,0.0000,0,0,0,0,0.0000,0,0,0,0,0.0000,0,0,0,0,0.0000,0,0,0,0,"2021-07-10 21:00:00"
"RocketReports","MINT0904",20.0000,1,0,0,1,0.0000,0,0,0,0,0.0000,0,0,0,0,0.0000,0,0,0,0,0.0000,0,0,0,0,"2021-07-10 21:00:00"
"RocketReports","MINT0905",20.0000,53,0,35,18,0.0000,0,0,0,0,0.0000,0,0,0,0,0.0000,0,0,0,0,0.0000,0,0,0,0,"2021-07-10 21:00:00"
"RocketReports","MINT0906",20.0000,97,0,34,63,0.0000,0,0,0,0,0.0000,0,0,0,0,0.0000,0,0,0,0,0.0000,0,0,0,0,"2021-07-10 21:00:00"
"RocketReports","MINT0907",20.0000,83,0,1,82,0.0000,0,0,0,0,0.0000,0,0,0,0,0.0000,0,0,0,0,0.0000,0,0,0,0,"2021-07-10 21:00:00"
"RocketReports","MINT0908",20.0000,112,0,10,102,0.0000,0,0,0,0,0.0000,0,0,0,0,0.0000,0,0,0,0,0.0000,0,0,0,0,"2021-07-10 21:00:00"
"RocketReports","MINT0909",20.0000,119,0,0,119,0.0000,0,0,0,0,0.0000,0,0,0,0,0.0000,0,0,0,0,0.0000,0,0,0,0,"2021-07-10 21:00:00"
"RocketReports","MINT0910",20.0000,130,0,54,76,0.0000,0,0,0,0,0.0000,0,0,0,0,0.0000,0,0,0,0,0.0000,0,0,0,0,"2021-07-10 21:00:00"
"RocketReports","MINT0912",20.0000,250,0,97,153,0.0000,0,0,0,0,0.0000,0,0,0,0,0.0000,0,0,0,0,0.0000,0,0,0,0,"2021-07-10 21:00:00"
"RocketReports","MINT0913",20.0000,416,0,180,236,0.0000,0,0,0,0,0.0000,0,0,0,0,0.0000,0,0,0,0,0.0000,0,0,0,0,"2021-07-10 21:00:00"
"RocketReports","MINT0914",20.0000,89,0,36,53,0.0000,0,0,0,0,0.0000,0,0,0,0,0.0000,0,0,0,0,0.0000,0,0,0,0,"2021-07-10 21:00:00"
"RocketReports","MINT0915",20.0000,80,0,0,80,0.0000,0,0,0,0,0.0000,0,0,0,0,0.0000,0,0,0,0,0.0000,0,0,0,0,"2021-07-10 21:00:00"
"RocketReports","MINT0916",20.0000,205,0,76,129,0.0000,0,0,0,0,0.0000,0,0,0,0,0.0000,0,0,0,0,0.0000,0,0,0,0,"2021-07-10 21:00:00"
"RocketReports","MINT0917",20.0000,82,0,3,79,0.0000,0,0,0,0,0.0000,0,0,0,0,0.0000,0,0,0,0,0.0000,0,0,0,0,"2021-07-10 21:00:00"
"RocketReports","MINT0918",20.0000,100,0,67,33,0.0000,0,0,0,0,0.0000,0,0,0,0,0.0000,0,0,0,0,0.0000,0,0,0,0,"2021-07-10 21:00:00"
"RocketReports","MINT0919",20.0000,900,0,430,470,0.0000,0,0,0,0,0.0000,0,0,0,0,0.0000,0,0,0,0,0.0000,0,0,0,0,"2021-07-10 21:00:00"
"RocketReports","MINT0920",20.0000,183,0,159,24,0.0000,0,0,0,0,0.0000,0,0,0,0,0.0000,0,0,0,0,0.0000,0,0,0,0,"2021-07-10 21:00:00"
"RocketReports","MINT0921",20.0000,107,0,14,93,0.0000,0,0,0,0,0.0000,0,0,0,0,0.0000,0,0,0,0,0.0000,0,0,0,0,"2021-07-10 21:00:00"
"RocketReports","MINT0922",20.0000,6119,0,5994,125,0.0000,0,0,0,0,0.0000,0,0,0,0,0.0000,0,0,0,0,0.0000,0,0,0,0,"2021-07-10 21:00:00"
"RocketReports","MINT0923",20.0000,101,0,74,27,0.0000,0,0,0,0,0.0000,0,0,0,0,0.0000,0,0,0,0,0.0000,0,0,0,0,"2021-07-10 21:00:00"
"RocketReports","MINT0924",20.0000,1,0,0,1,0.0000,0,0,0,0,0.0000,0,0,0,0,0.0000,0,0,0,0,0.0000,0,0,0,0,"2021-07-10 21:00:00"
"RocketReports","MINT0925",20.0000,148,0,20,128,0.0000,0,0,0,0,0.0000,0,0,0,0,0.0000,0,0,0,0,0.0000,0,0,0,0,"2021-07-10 21:00:00"
"RocketReports","MINT0926",20.0000,100,0,0,100,0.0000,0,0,0,0,0.0000,0,0,0,0,0.0000,0,0,0,0,0.0000,0,0,0,0,"2021-07-10 21:00:00"
"RocketReports","MINT1000",20.0000,599,0,377,222,0.0000,0,0,0,0,0.0000,0,0,0,0,0.0000,0,0,0,0,0.0000,0,0,0,0,"2021-07-10 21:00:00"
"RocketReports","MINT1001",20.0000,743,0,480,263,0.0000,0,0,0,0,0.0000,0,0,0,0,0.0000,0,0,0,0,0.0000,0,0,0,0,"2021-07-10 21:00:00"
"RocketReports","MINT1002",20.0000,410,0,193,217,0.0000,0,0,0,0,0.0000,0,0,0,0,0.0000,0,0,0,0,0.0000,0,0,0,0,"2021-07-10 21:00:00"
"RocketReports","MINT1003",20.0000,298,0,133,165,0.0000,0,0,0,0,0.0000,0,0,0,0,0.0000,0,0,0,0,0.0000,0,0,0,0,"2021-07-10 21:00:00"
"RocketReports","MINT1004",20.0000,1031,0,721,310,0.0000,0,0,0,0,0.0000,0,0,0,0,0.0000,0,0,0,0,0.0000,0,0,0,0,"2021-07-10 21:00:00"
"RocketReports","MINT1006",20.0000,600,0,296,304,0.0000,0,0,0,0,0.0000,0,0,0,0,0.0000,0,0,0,0,0.0000,0,0,0,0,"2021-07-10 21:00:00"
"RocketReports","MINT1007",20.0000,500,0,10,490,0.0000,0,0,0,0,0.0000,0,0,0,0,0.0000,0,0,0,0,0.0000,0,0,0,0,"2021-07-10 21:00:00"
"RocketReports","MINT1009",20.0000,2,0,0,2,0.0000,0,0,0,0,0.0000,0,0,0,0,0.0000,0,0,0,0,0.0000,0,0,0,0,"2021-07-10 21:00:00"
"RocketReports","MINT1010",20.0000,150,0,46,104,0.0000,0,0,0,0,0.0000,0,0,0,0,0.0000,0,0,0,0,0.0000,0,0,0,0,"2021-07-10 21:00:00"
"RocketReports","MINT1011",20.0000,150,0,42,108,0.0000,0,0,0,0,0.0000,0,0,0,0,0.0000,0,0,0,0,0.0000,0,0,0,0,"2021-07-10 21:00:00"
"RocketReports","MINT1012",20.0000,6333,0,6194,139,0.0000,0,0,0,0,0.0000,0,0,0,0,0.0000,0,0,0,0,0.0000,0,0,0,0,"2021-07-10 21:00:00"
"RocketReports","MINT1014",20.0000,2898,0,2873,25,0.0000,0,0,0,0,0.0000,0,0,0,0,0.0000,0,0,0,0,0.0000,0,0,0,0,"2021-07-10 21:00:00"
"RocketReports","MINT1015",20.0000,200,0,35,165,0.0000,0,0,0,0,0.0000,0,0,0,0,0.0000,0,0,0,0,0.0000,0,0,0,0,"2021-07-10 21:00:00"
"RocketReports","MINT1016",20.0000,302,0,271,31,0.0000,0,0,0,0,0.0000,0,0,0,0,0.0000,0,0,0,0,0.0000,0,0,0,0,"2021-07-10 21:00:00"
"RocketReports","MINT1017",20.0000,150,0,63,87,0.0000,0,0,0,0,0.0000,0,0,0,0,0.0000,0,0,0,0,0.0000,0,0,0,0,"2021-07-10 21:00:00"
"RocketReports","MINT1018",20.0000,100,0,15,85,0.0000,0,0,0,0,0.0000,0,0,0,0,0.0000,0,0,0,0,0.0000,0,0,0,0,"2021-07-10 21:00:00"
"RocketReports","MINT1019",20.0000,136,0,15,121,0.0000,0,0,0,0,0.0000,0,0,0,0,0.0000,0,0,0,0,0.0000,0,0,0,0,"2021-07-10 21:00:00"
"RocketReports","MINT1030",20.0000,50,0,12,38,0.0000,0,0,0,0,0.0000,0,0,0,0,0.0000,0,0,0,0,0.0000,0,0,0,0,"2021-07-10 21:00:00"
"RocketReports","MINT1041",20.0000,250,0,182,68,0.0000,0,0,0,0,0.0000,0,0,0,0,0.0000,0,0,0,0,0.0000,0,0,0,0,"2021-07-10 21:00:00"
"RocketReports","MINT1050",20.0000,4116,0,4103,13,0.0000,0,0,0,0,0.0000,0,0,0,0,0.0000,0,0,0,0,0.0000,0,0,0,0,"2021-07-10 21:00:00"
"RocketReports","MINT1061",20.0000,150,0,49,101,0.0000,0,0,0,0,0.0000,0,0,0,0,0.0000,0,0,0,0,0.0000,0,0,0,0,"2021-07-10 21:00:00"
"RocketReports","MINT1062",20.0000,150,0,33,117,0.0000,0,0,0,0,0.0000,0,0,0,0,0.0000,0,0,0,0,0.0000,0,0,0,0,"2021-07-10 21:00:00"
"RocketReports","MINT1063",20.0000,218,0,178,40,0.0000,0,0,0,0,0.0000,0,0,0,0,0.0000,0,0,0,0,0.0000,0,0,0,0,"2021-07-10 21:00:00"
"RocketReports","MINT1066",20.0000,156,0,56,100,0.0000,0,0,0,0,0.0000,0,0,0,0,0.0000,0,0,0,0,0.0000,0,0,0,0,"2021-07-10 21:00:00"
"RocketReports","MINT1067",20.0000,100,0,1,99,0.0000,0,0,0,0,0.0000,0,0,0,0,0.0000,0,0,0,0,0.0000,0,0,0,0,"2021-07-10 21:00:00"
"RocketReports","MINT1068",20.0000,350,0,0,350,0.0000,0,0,0,0,0.0000,0,0,0,0,0.0000,0,0,0,0,0.0000,0,0,0,0,"2021-07-10 21:00:00"
"RocketReports","MINT1069",20.0000,171,0,89,82,0.0000,0,0,0,0,0.0000,0,0,0,0,0.0000,0,0,0,0,0.0000,0,0,0,0,"2021-07-10 21:00:00"
"RocketReports","MINT1070",20.0000,75,0,75,0,0.0000,0,0,0,0,0.0000,0,0,0,0,0.0000,0,0,0,0,0.0000,0,0,0,0,"2021-07-10 21:00:00"
"RocketReports","MINT1071",20.0000,106,0,41,65,0.0000,0,0,0,0,0.0000,0,0,0,0,0.0000,0,0,0,0,0.0000,0,0,0,0,"2021-07-10 21:00:00"
"RocketReports","MINT1072",20.0000,90,0,69,21,0.0000,0,0,0,0,0.0000,0,0,0,0,0.0000,0,0,0,0,0.0000,0,0,0,0,"2021-07-10 21:00:00"
"RocketReports","MINT1073",20.0000,134,0,79,55,0.0000,0,0,0,0,0.0000,0,0,0,0,0.0000,0,0,0,0,0.0000,0,0,0,0,"2021-07-10 21:00:00"
"RocketReports","MINT1074",20.0000,6327,0,6327,0,0.0000,0,0,0,0,0.0000,0,0,0,0,0.0000,0,0,0,0,0.0000,0,0,0,0,"2021-07-10 21:00:00"
"RocketReports","MINT1075",20.0000,400,0,105,295,0.0000,0,0,0,0,0.0000,0,0,0,0,0.0000,0,0,0,0,0.0000,0,0,0,0,"2021-07-10 21:00:00"
"RocketReports","MINT1076",20.0000,500,0,57,443,0.0000,0,0,0,0,0.0000,0,0,0,0,0.0000,0,0,0,0,0.0000,0,0,0,0,"2021-07-10 21:00:00"
"RocketReports","MINT1077",20.0000,500,0,65,435,0.0000,0,0,0,0,0.0000,0,0,0,0,0.0000,0,0,0,0,0.0000,0,0,0,0,"2021-07-10 21:00:00"
"RocketReports","MINT1078",20.0000,1054,0,967,87,0.0000,0,0,0,0,0.0000,0,0,0,0,0.0000,0,0,0,0,0.0000,0,0,0,0,"2021-07-10 21:00:00"
"RocketReports","MINT1079",20.0000,5,0,5,0,0.0000,0,0,0,0,0.0000,0,0,0,0,0.0000,0,0,0,0,0.0000,0,0,0,0,"2021-07-10 21:00:00"
"RocketReports","MINT1080",20.0000,1856,0,1733,123,0.0000,0,0,0,0,0.0000,0,0,0,0,0.0000,0,0,0,0,0.0000,0,0,0,0,"2021-07-10 21:00:00"
"RocketReports","MINT1081",20.0000,66,0,36,30,0.0000,0,0,0,0,0.0000,0,0,0,0,0.0000,0,0,0,0,0.0000,0,0,0,0,"2021-07-10 21:00:00"
"RocketReports","MINT1082",20.0000,50,0,0,50,0.0000,0,0,0,0,0.0000,0,0,0,0,0.0000,0,0,0,0,0.0000,0,0,0,0,"2021-07-10 21:00:00"
"RocketReports","MINT1083",20.0000,184,0,96,88,0.0000,0,0,0,0,0.0000,0,0,0,0,0.0000,0,0,0,0,0.0000,0,0,0,0,"2021-07-10 21:00:00"
"RocketReports","MINT1084",20.0000,111,0,62,49,0.0000,0,0,0,0,0.0000,0,0,0,0,0.0000,0,0,0,0,0.0000,0,0,0,0,"2021-07-10 21:00:00"
"RocketReports","MINT1085",20.0000,344,0,159,185,0.0000,0,0,0,0,0.0000,0,0,0,0,0.0000,0,0,0,0,0.0000,0,0,0,0,"2021-07-10 21:00:00"
"RocketReports","MINT1086",20.0000,338,0,184,154,0.0000,0,0,0,0,0.0000,0,0,0,0,0.0000,0,0,0,0,0.0000,0,0,0,0,"2021-07-10 21:00:00"
"RocketReports","MINT1087",20.0000,348,0,151,197,0.0000,0,0,0,0,0.0000,0,0,0,0,0.0000,0,0,0,0,0.0000,0,0,0,0,"2021-07-10 21:00:00"
"RocketReports","MINT1090",20.0000,10,0,0,10,0.0000,0,0,0,0,0.0000,0,0,0,0,0.0000,0,0,0,0,0.0000,0,0,0,0,"2021-07-10 21:00:00"
"RocketReports","MINT1091",20.0000,325,0,273,52,0.0000,0,0,0,0,0.0000,0,0,0,0,0.0000,0,0,0,0,0.0000,0,0,0,0,"2021-07-10 21:00:00"
"RocketReports","MINT1092",20.0000,100,0,0,100,0.0000,0,0,0,0,0.0000,0,0,0,0,0.0000,0,0,0,0,0.0000,0,0,0,0,"2021-07-10 21:00:00"
"RocketReports","MINT1093",20.0000,500,0,62,438,0.0000,0,0,0,0,0.0000,0,0,0,0,0.0000,0,0,0,0,0.0000,0,0,0,0,"2021-07-10 21:00:00"
"RocketReports","MINT1094",20.0000,100,0,11,89,0.0000,0,0,0,0,0.0000,0,0,0,0,0.0000,0,0,0,0,0.0000,0,0,0,0,"2021-07-10 21:00:00"
"RocketReports","MINT2000",20.0000,12,0,11,1,0.0000,0,0,0,0,0.0000,0,0,0,0,0.0000,0,0,0,0,0.0000,0,0,0,0,"2021-07-10 21:00:00"
"RocketReports","MINT3000",20.0000,205,0,28,177,0.0000,0,0,0,0,0.0000,0,0,0,0,0.0000,0,0,0,0,0.0000,0,0,0,0,"2021-07-10 21:00:00"
"RocketReports","MINT3001",20.0000,179,0,37,142,0.0000,0,0,0,0,0.0000,0,0,0,0,0.0000,0,0,0,0,0.0000,0,0,0,0,"2021-07-10 21:00:00"
"RocketReports","MINT3002",20.0000,150,0,125,25,0.0000,0,0,0,0,0.0000,0,0,0,0,0.0000,0,0,0,0,0.0000,0,0,0,0,"2021-07-10 21:00:00"
"RocketReports","MINT3003",20.0000,110,0,107,3,0.0000,0,0,0,0,0.0000,0,0,0,0,0.0000,0,0,0,0,0.0000,0,0,0,0,"2021-07-10 21:00:00"
"RocketReports","MINT4000",20.0000,6877,0,6564,313,0.0000,0,0,0,0,0.0000,0,0,0,0,0.0000,0,0,0,0,0.0000,0,0,0,0,"2021-07-10 21:00:00"
"RocketReports","MINT4001",20.0000,394,0,79,315,0.0000,0,0,0,0,0.0000,0,0,0,0,0.0000,0,0,0,0,0.0000,0,0,0,0,"2021-07-10 21:00:00"
"RocketReports","MINT4002",20.0000,100,0,65,35,0.0000,0,0,0,0,0.0000,0,0,0,0,0.0000,0,0,0,0,0.0000,0,0,0,0,"2021-07-10 21:00:00"
"RocketReports","MINT4003",20.0000,494,0,0,494,0.0000,0,0,0,0,0.0000,0,0,0,0,0.0000,0,0,0,0,0.0000,0,0,0,0,"2021-07-10 21:00:00"
"RocketReports","MINT4004",20.0000,239,0,0,239,0.0000,0,0,0,0,0.0000,0,0,0,0,0.0000,0,0,0,0,0.0000,0,0,0,0,"2021-07-10 21:00:00"
"RocketReports","MINT4005",20.0000,2027,0,1147,880,0.0000,0,0,0,0,0.0000,0,0,0,0,0.0000,0,0,0,0,0.0000,0,0,0,0,"2021-07-10 21:00:00"
"RocketReports","MINT4006",20.0000,240,0,18,222,0.0000,0,0,0,0,0.0000,0,0,0,0,0.0000,0,0,0,0,0.0000,0,0,0,0,"2021-07-10 21:00:00"
"RocketReports","MINT4007",20.0000,1,0,0,1,0.0000,0,0,0,0,0.0000,0,0,0,0,0.0000,0,0,0,0,0.0000,0,0,0,0,"2021-07-10 21:00:00"
"RocketReports","MINT4008",20.0000,50,0,0,50,0.0000,0,0,0,0,0.0000,0,0,0,0,0.0000,0,0,0,0,0.0000,0,0,0,0,"2021-07-10 21:00:00"
"RocketReports","MINT4009",20.0000,1578,0,201,1377,0.0000,0,0,0,0,0.0000,0,0,0,0,0.0000,0,0,0,0,0.0000,0,0,0,0,"2021-07-10 21:00:00"
"RocketReports","MINT4010",20.0000,3128,0,2094,1034,0.0000,0,0,0,0,0.0000,0,0,0,0,0.0000,0,0,0,0,0.0000,0,0,0,0,"2021-07-10 21:00:00"
"RocketReports","MINT4011",20.0000,544,0,0,544,0.0000,0,0,0,0,0.0000,0,0,0,0,0.0000,0,0,0,0,0.0000,0,0,0,0,"2021-07-10 21:00:00"
"RocketReports","MINT4012",20.0000,1246,0,1245,1,0.0000,0,0,0,0,0.0000,0,0,0,0,0.0000,0,0,0,0,0.0000,0,0,0,0,"2021-07-10 21:00:00"
"RocketReports","MINT4013",20.0000,25,0,10,15,0.0000,0,0,0,0,0.0000,0,0,0,0,0.0000,0,0,0,0,0.0000,0,0,0,0,"2021-07-10 21:00:00"
"RocketReports","MINT4014",20.0000,324,0,76,248,0.0000,0,0,0,0,0.0000,0,0,0,0,0.0000,0,0,0,0,0.0000,0,0,0,0,"2021-07-10 21:00:00"
"RocketReports","MINT4015",20.0000,400,0,62,338,0.0000,0,0,0,0,0.0000,0,0,0,0,0.0000,0,0,0,0,0.0000,0,0,0,0,"2021-07-10 21:00:00"
"RocketReports","MINT4016",20.0000,100,0,68,32,0.0000,0,0,0,0,0.0000,0,0,0,0,0.0000,0,0,0,0,0.0000,0,0,0,0,"2021-07-10 21:00:00"
"RocketReports","MINT4018",20.0000,166,0,22,144,0.0000,0,0,0,0,0.0000,0,0,0,0,0.0000,0,0,0,0,0.0000,0,0,0,0,"2021-07-10 21:00:00"
"RocketReports","MINT4019",20.0000,98,0,73,25,0.0000,0,0,0,0,0.0000,0,0,0,0,0.0000,0,0,0,0,0.0000,0,0,0,0,"2021-07-10 21:00:00"
"RocketReports","MINT4020",20.0000,111,0,72,39,0.0000,0,0,0,0,0.0000,0,0,0,0,0.0000,0,0,0,0,0.0000,0,0,0,0,"2021-07-10 21:00:00"
"RocketReports","MINT4021",20.0000,509,0,448,61,0.0000,0,0,0,0,0.0000,0,0,0,0,0.0000,0,0,0,0,0.0000,0,0,0,0,"2021-07-10 21:00:00"
"RocketReports","MINT4022",20.0000,874,0,184,690,0.0000,0,0,0,0,0.0000,0,0,0,0,0.0000,0,0,0,0,0.0000,0,0,0,0,"2021-07-10 21:00:00"
"RocketReports","MINT4023",20.0000,222,0,219,3,0.0000,0,0,0,0,0.0000,0,0,0,0,0.0000,0,0,0,0,0.0000,0,0,0,0,"2021-07-10 21:00:00"
"RocketReports","MINT4024",20.0000,865,0,57,808,0.0000,0,0,0,0,0.0000,0,0,0,0,0.0000,0,0,0,0,0.0000,0,0,0,0,"2021-07-10 21:00:00"
"RocketReports","MINT4025",20.0000,5099,0,4929,170,0.0000,0,0,0,0,0.0000,0,0,0,0,0.0000,0,0,0,0,0.0000,0,0,0,0,"2021-07-10 21:00:00"
"RocketReports","MINT4026",20.0000,204,0,119,85,0.0000,0,0,0,0,0.0000,0,0,0,0,0.0000,0,0,0,0,0.0000,0,0,0,0,"2021-07-10 21:00:00"
"RocketReports","MINT4027",20.0000,250,0,22,228,0.0000,0,0,0,0,0.0000,0,0,0,0,0.0000,0,0,0,0,0.0000,0,0,0,0,"2021-07-10 21:00:00"
"RocketReports","MINT4028",20.0000,96,0,61,35,0.0000,0,0,0,0,0.0000,0,0,0,0,0.0000,0,0,0,0,0.0000,0,0,0,0,"2021-07-10 21:00:00"
"RocketReports","MINT4029",20.0000,250,0,0,250,0.0000,0,0,0,0,0.0000,0,0,0,0,0.0000,0,0,0,0,0.0000,0,0,0,0,"2021-07-10 21:00:00"
"RocketReports","MINT4030",20.0000,197,0,185,12,0.0000,0,0,0,0,0.0000,0,0,0,0,0.0000,0,0,0,0,0.0000,0,0,0,0,"2021-07-10 21:00:00"
"RocketReports","MINT4031",20.0000,5862,0,5656,206,0.0000,0,0,0,0,0.0000,0,0,0,0,0.0000,0,0,0,0,0.0000,0,0,0,0,"2021-07-10 21:00:00"
"RocketReports","MINT4032",20.0000,94,0,88,6,0.0000,0,0,0,0,0.0000,0,0,0,0,0.0000,0,0,0,0,0.0000,0,0,0,0,"2021-07-10 21:00:00"
"RocketReports","MINT4033",20.0000,479,0,21,458,0.0000,0,0,0,0,0.0000,0,0,0,0,0.0000,0,0,0,0,0.0000,0,0,0,0,"2021-07-10 21:00:00"
"RocketReports","MINT4034",20.0000,25,0,25,0,0.0000,0,0,0,0,0.0000,0,0,0,0,0.0000,0,0,0,0,0.0000,0,0,0,0,"2021-07-10 21:00:00"
"RocketReports","MINT4035",20.0000,157,0,84,73,0.0000,0,0,0,0,0.0000,0,0,0,0,0.0000,0,0,0,0,0.0000,0,0,0,0,"2021-07-10 21:00:00"
"RocketReports","MINT4036",20.0000,1234,0,1044,190,0.0000,0,0,0,0,0.0000,0,0,0,0,0.0000,0,0,0,0,0.0000,0,0,0,0,"2021-07-10 21:00:00"
"RocketReports","MINT4037",20.0000,44,0,23,21,0.0000,0,0,0,0,0.0000,0,0,0,0,0.0000,0,0,0,0,0.0000,0,0,0,0,"2021-07-10 21:00:00"
"RocketReports","MINT5000",20.0000,398,0,204,194,0.0000,0,0,0,0,0.0000,0,0,0,0,0.0000,0,0,0,0,0.0000,0,0,0,0,"2021-07-10 21:00:00"
"RocketReports","MINT5001",20.0000,245,0,122,123,0.0000,0,0,0,0,0.0000,0,0,0,0,0.0000,0,0,0,0,0.0000,0,0,0,0,"2021-07-10 21:00:00"
"RocketReports","MINT5002",20.0000,286,0,239,47,0.0000,0,0,0,0,0.0000,0,0,0,0,0.0000,0,0,0,0,0.0000,0,0,0,0,"2021-07-10 21:00:00"
"RocketReports","MINT5003",20.0000,58,0,25,33,0.0000,0,0,0,0,0.0000,0,0,0,0,0.0000,0,0,0,0,0.0000,0,0,0,0,"2021-07-10 21:00:00"
"RocketReports","MINT5004",20.0000,122,0,52,70,0.0000,0,0,0,0,0.0000,0,0,0,0,0.0000,0,0,0,0,0.0000,0,0,0,0,"2021-07-10 21:00:00"
"RocketReports","MINT5005",20.0000,148,0,105,43,0.0000,0,0,0,0,0.0000,0,0,0,0,0.0000,0,0,0,0,0.0000,0,0,0,0,"2021-07-10 21:00:00"
"RocketReports","MINT5006",20.0000,50,0,20,30,0.0000,0,0,0,0,0.0000,0,0,0,0,0.0000,0,0,0,0,0.0000,0,0,0,0,"2021-07-10 21:00:00"
"RocketReports","MINT5007",20.0000,113,0,31,82,0.0000,0,0,0,0,0.0000,0,0,0,0,0.0000,0,0,0,0,0.0000,0,0,0,0,"2021-07-10 21:00:00"
"RocketReports","MINT9997",20.0000,50,0,0,50,0.0000,0,0,0,0,0.0000,0,0,0,0,0.0000,0,0,0,0,0.0000,0,0,0,0,"2021-07-10 21:00:00"
"RocketReports","MINT9998",20.0000,50,0,0,50,0.0000,0,0,0,0,0.0000,0,0,0,0,0.0000,0,0,0,0,0.0000,0,0,0,0,"2021-07-10 21:00:00"
"RocketReports","MINT9999",20.0000,50,0,0,50,0.0000,0,0,0,0,0.0000,0,0,0,0,0.0000,0,0,0,0,0.0000,0,0,0,0,"2021-07-10 21:00:00"
"RocketReports","MINT9999",0.0000,0,0,0,0,20.0000,100,0,0,100,0.0000,0,0,0,0,0.0000,0,0,0,0,0.0000,0,0,0,0,"2021-07-10 21:00:00"
"RocketReports","MINTHI11",20.0000,499,0,170,329,0.0000,0,0,0,0,0.0000,0,0,0,0,0.0000,0,0,0,0,0.0000,0,0,0,0,"2021-07-10 21:00:00"
"RocketReports","MINTHI21",20.0000,400,0,173,227,0.0000,0,0,0,0,0.0000,0,0,0,0,0.0000,0,0,0,0,0.0000,0,0,0,0,"2021-07-10 21:00:00"
"RocketReports","MINTHI21",0.0000,0,0,0,0,20.0000,400,0,185,215,0.0000,0,0,0,0,0.0000,0,0,0,0,0.0000,0,0,0,0,"2021-07-10 21:00:00"
"RocketReports","MINTHI31",20.0000,500,0,228,272,0.0000,0,0,0,0,0.0000,0,0,0,0,0.0000,0,0,0,0,0.0000,0,0,0,0,"2021-07-10 21:00:00"
"RocketReports","MINTHI31",0.0000,0,0,0,0,20.0000,500,0,226,274,0.0000,0,0,0,0,0.0000,0,0,0,0,0.0000,0,0,0,0,"2021-07-10 21:00:00"
"RocketReports","MINTHI32",20.0000,391,0,35,356,0.0000,0,0,0,0,0.0000,0,0,0,0,0.0000,0,0,0,0,0.0000,0,0,0,0,"2021-07-10 21:00:00"
"RocketReports","MINTHI41",20.0000,700,0,317,383,0.0000,0,0,0,0,0.0000,0,0,0,0,0.0000,0,0,0,0,0.0000,0,0,0,0,"2021-07-10 21:00:00"
"RocketReports","MINTHI42",20.0000,119,0,64,55,0.0000,0,0,0,0,0.0000,0,0,0,0,0.0000,0,0,0,0,0.0000,0,0,0,0,"2021-07-10 21:00:00"
"RocketReports","MINTHI51",20.0000,368,0,121,247,0.0000,0,0,0,0,0.0000,0,0,0,0,0.0000,0,0,0,0,0.0000,0,0,0,0,"2021-07-10 21:00:00"
"RocketReports","MINTHI51",0.0000,0,0,0,0,20.0000,500,0,247,253,0.0000,0,0,0,0,0.0000,0,0,0,0,0.0000,0,0,0,0,"2021-07-10 21:00:00"
"RocketReports","MINTHI52",20.0000,250,0,186,64,0.0000,0,0,0,0,0.0000,0,0,0,0,0.0000,0,0,0,0,0.0000,0,0,0,0,"2021-07-10 21:00:00"
"RocketReports","MINTHI61",20.0000,286,0,45,241,0.0000,0,0,0,0,0.0000,0,0,0,0,0.0000,0,0,0,0,0.0000,0,0,0,0,"2021-07-10 21:00:00"
"RocketReports","MINTHI61",0.0000,0,0,0,0,20.0000,287,0,45,242,0.0000,0,0,0,0,0.0000,0,0,0,0,0.0000,0,0,0,0,"2021-07-10 21:00:00"
"RocketReports","MINTHI62",20.0000,612,0,160,452,0.0000,0,0,0,0,0.0000,0,0,0,0,0.0000,0,0,0,0,0.0000,0,0,0,0,"2021-07-10 21:00:00"
"RocketReports","MINTHI71",20.0000,2120,0,2054,66,0.0000,0,0,0,0,0.0000,0,0,0,0,0.0000,0,0,0,0,0.0000,0,0,0,0,"2021-07-10 21:00:00"
"RocketReports","MINTHI71",0.0000,0,0,0,0,20.0000,0,0,0,0,0.0000,0,0,0,0,0.0000,0,0,0,0,0.0000,0,0,0,0,"2021-07-10 21:00:00"
"RocketReports","MINTPLB1",20.0000,250,0,48,202,0.0000,0,0,0,0,0.0000,0,0,0,0,0.0000,0,0,0,0,0.0000,0,0,0,0,"2021-07-10 21:00:00"
"RocketReports","MINTPLB2",20.0000,150,0,61,89,0.0000,0,0,0,0,0.0000,0,0,0,0,0.0000,0,0,0,0,0.0000,0,0,0,0,"2021-07-10 21:00:00"
"RocketReports","MINTPLB3",20.0000,300,0,121,179,0.0000,0,0,0,0,0.0000,0,0,0,0,0.0000,0,0,0,0,0.0000,0,0,0,0,"2021-07-10 21:00:00"
"RocketReports","MINTPLB4",20.0000,250,0,147,103,0.0000,0,0,0,0,0.0000,0,0,0,0,0.0000,0,0,0,0,0.0000,0,0,0,0,"2021-07-10 21:00:00"
"RocketReports","MINTPLB5",20.0000,250,0,176,74,0.0000,0,0,0,0,0.0000,0,0,0,0,0.0000,0,0,0,0,0.0000,0,0,0,0,"2021-07-10 21:00:00"
"RocketReports","MINTPMH1",20.0000,450,0,378,72,0.0000,0,0,0,0,0.0000,0,0,0,0,0.0000,0,0,0,0,0.0000,0,0,0,0,"2021-07-10 21:00:00"
"RocketReports","MINTPMH2",20.0000,544,0,389,155,0.0000,0,0,0,0,0.0000,0,0,0,0,0.0000,0,0,0,0,0.0000,0,0,0,0,"2021-07-10 21:00:00"
"RocketReports","MINTPMH3",20.0000,250,0,96,154,0.0000,0,0,0,0,0.0000,0,0,0,0,0.0000,0,0,0,0,0.0000,0,0,0,0,"2021-07-10 21:00:00"
"RocketReports","TNS5GBZ3",20.0000,624,0,19,605,0.0000,0,0,0,0,0.0000,0,0,0,0,0.0000,0,0,0,0,0.0000,0,0,0,0,"2021-07-10 21:00:00"
"RocketReports","TNS5GBZ4",20.0000,213,0,115,98,0.0000,0,0,0,0,0.0000,0,0,0,0,0.0000,0,0,0,0,0.0000,0,0,0,0,"2021-07-10 21:00:00"
