"RocketReports","MINT0009",48,43,0.8958,5,0.1041,3,0,0,0,0,0,2
"RocketReports","MINT0025",4,4,1.0000,0,0.0000,0,0,0,0,0,0,0
"RocketReports","MINT0026",2,2,1.0000,0,0.0000,0,0,0,0,0,0,0
"RocketReports","MINT0027",3,3,1.0000,0,0.0000,0,0,0,0,0,0,0
"RocketReports","MINT0032",13,13,1.0000,0,0.0000,0,0,0,0,0,0,0
"RocketReports","MINT0034",4,4,1.0000,0,0.0000,0,0,0,0,0,0,0
"RocketReports","MINT0037",12,12,1.0000,0,0.0000,0,0,0,0,0,0,0
"RocketReports","MINT0041",11,10,0.9090,1,0.0909,1,0,0,0,0,0,0
"RocketReports","MINT0042",19,18,0.9473,1,0.0526,0,1,0,0,0,0,0
"RocketReports","MINT0049",2,1,0.5000,1,0.5000,0,0,0,0,0,0,1
"RocketReports","MINT0050",3,3,1.0000,0,0.0000,0,0,0,0,0,0,0
"RocketReports","MINT0053",2,2,1.0000,0,0.0000,0,0,0,0,0,0,0
"RocketReports","MINT0054",5,3,0.6000,2,0.4000,1,0,0,0,0,0,1
"RocketReports","MINT0056",6,4,0.6666,2,0.3333,0,0,0,0,0,0,2
"RocketReports","MINT0058",1,1,1.0000,0,0.0000,0,0,0,0,0,0,0
"RocketReports","MINT0059",9,7,0.7777,2,0.2222,1,1,0,0,0,0,0
"RocketReports","MINT0062",21,20,0.9523,1,0.0476,0,0,0,0,0,0,1
"RocketReports","MINT0063",2,2,1.0000,0,0.0000,0,0,0,0,0,0,0
"RocketReports","MINT0067",12,8,0.6666,4,0.3333,0,0,4,0,0,0,0
"RocketReports","MINT0068",2,2,1.0000,0,0.0000,0,0,0,0,0,0,0
"RocketReports","MINT0069",93,88,0.9462,5,0.0537,3,1,0,0,0,0,1
"RocketReports","MINT0101",17,17,1.0000,0,0.0000,0,0,0,0,0,0,0
"RocketReports","MINT0102",1,1,1.0000,0,0.0000,0,0,0,0,0,0,0
"RocketReports","MINT0104",2,1,0.5000,1,0.5000,0,0,0,0,0,0,1
"RocketReports","MINT0106",1,0,0.0000,1,1.0000,0,0,0,0,0,0,1
"RocketReports","MINT0107",6,5,0.8333,1,0.1666,1,0,0,0,0,0,0
"RocketReports","MINT0108",4,4,1.0000,0,0.0000,0,0,0,0,0,0,0
"RocketReports","MINT0109",6,6,1.0000,0,0.0000,0,0,0,0,0,0,0
"RocketReports","MINT0110",3,3,1.0000,0,0.0000,0,0,0,0,0,0,0
"RocketReports","MINT0111",13,12,0.9230,1,0.0769,0,0,0,0,0,0,1
"RocketReports","MINT0112",5,5,1.0000,0,0.0000,0,0,0,0,0,0,0
"RocketReports","MINT0113",25,25,1.0000,0,0.0000,0,0,0,0,0,0,0
"RocketReports","MINT0115",6,4,0.6666,2,0.3333,0,2,0,0,0,0,0
"RocketReports","MINT0116",3,2,0.6666,1,0.3333,1,0,0,0,0,0,0
"RocketReports","MINT0117",86,83,0.9651,3,0.0348,1,1,0,0,0,0,1
"RocketReports","MINT0118",3,3,1.0000,0,0.0000,0,0,0,0,0,0,0
"RocketReports","MINT0120",1,1,1.0000,0,0.0000,0,0,0,0,0,0,0
"RocketReports","MINT0121",4,3,0.7500,1,0.2500,0,1,0,0,0,0,0
"RocketReports","MINT0123",1,0,0.0000,1,1.0000,1,0,0,0,0,0,0
"RocketReports","MINT0125",14,14,1.0000,0,0.0000,0,0,0,0,0,0,0
"RocketReports","MINT0126",1,1,1.0000,0,0.0000,0,0,0,0,0,0,0
"RocketReports","MINT0127",8,8,1.0000,0,0.0000,0,0,0,0,0,0,0
"RocketReports","MINT0133",1,1,1.0000,0,0.0000,0,0,0,0,0,0,0
"RocketReports","MINT0135",3,1,0.3333,2,0.6666,2,0,0,0,0,0,0
"RocketReports","MINT0136",6,5,0.8333,1,0.1666,1,0,0,0,0,0,0
"RocketReports","MINT0137",4,4,1.0000,0,0.0000,0,0,0,0,0,0,0
"RocketReports","MINT0138",9,9,1.0000,0,0.0000,0,0,0,0,0,0,0
"RocketReports","MINT0141",7,7,1.0000,0,0.0000,0,0,0,0,0,0,0
"RocketReports","MINT0142",1,1,1.0000,0,0.0000,0,0,0,0,0,0,0
"RocketReports","MINT0143",1,1,1.0000,0,0.0000,0,0,0,0,0,0,0
"RocketReports","MINT0144",4,4,1.0000,0,0.0000,0,0,0,0,0,0,0
"RocketReports","MINT0145",1,1,1.0000,0,0.0000,0,0,0,0,0,0,0
"RocketReports","MINT0147",1,1,1.0000,0,0.0000,0,0,0,0,0,0,0
"RocketReports","MINT0149",2,2,1.0000,0,0.0000,0,0,0,0,0,0,0
"RocketReports","MINT0150",2,2,1.0000,0,0.0000,0,0,0,0,0,0,0
"RocketReports","MINT0152",1,1,1.0000,0,0.0000,0,0,0,0,0,0,0
"RocketReports","MINT0153",3,3,1.0000,0,0.0000,0,0,0,0,0,0,0
"RocketReports","MINT0154",24,22,0.9166,2,0.0833,1,1,0,0,0,0,0
"RocketReports","MINT0155",24,21,0.8750,3,0.1250,2,0,1,0,0,0,0
"RocketReports","MINT0157",4,4,1.0000,0,0.0000,0,0,0,0,0,0,0
"RocketReports","MINT0161",1,1,1.0000,0,0.0000,0,0,0,0,0,0,0
"RocketReports","MINT0163",1,1,1.0000,0,0.0000,0,0,0,0,0,0,0
"RocketReports","MINT0207",2,2,1.0000,0,0.0000,0,0,0,0,0,0,0
"RocketReports","MINT0208",5,4,0.8000,1,0.2000,0,0,0,0,0,0,1
"RocketReports","MINT0209",3,3,1.0000,0,0.0000,0,0,0,0,0,0,0
"RocketReports","MINT0305",5,4,0.8000,1,0.2000,0,1,0,0,0,0,0
"RocketReports","MINT0350",4,2,0.5000,2,0.5000,0,0,0,0,0,0,2
"RocketReports","MINT0352",2,2,1.0000,0,0.0000,0,0,0,0,0,0,0
"RocketReports","MINT0353",8,8,1.0000,0,0.0000,0,0,0,0,0,0,0
"RocketReports","MINT0355",5,5,1.0000,0,0.0000,0,0,0,0,0,0,0
"RocketReports","MINT0356",6,5,0.8333,1,0.1666,0,0,0,0,0,0,1
"RocketReports","MINT0357",2,2,1.0000,0,0.0000,0,0,0,0,0,0,0
"RocketReports","MINT0359",3,3,1.0000,0,0.0000,0,0,0,0,0,0,0
"RocketReports","MINT0360",3,3,1.0000,0,0.0000,0,0,0,0,0,0,0
"RocketReports","MINT0401",2,2,1.0000,0,0.0000,0,0,0,0,0,0,0
"RocketReports","MINT0402",3,2,0.6666,1,0.3333,1,0,0,0,0,0,0
"RocketReports","MINT0403",15,13,0.8666,2,0.1333,0,0,0,0,0,0,2
"RocketReports","MINT0406",2,2,1.0000,0,0.0000,0,0,0,0,0,0,0
"RocketReports","MINT0409",7,7,1.0000,0,0.0000,0,0,0,0,0,0,0
"RocketReports","MINT0411",1,1,1.0000,0,0.0000,0,0,0,0,0,0,0
"RocketReports","MINT0412",3,2,0.6666,1,0.3333,0,0,0,0,0,0,1
"RocketReports","MINT0413",2,2,1.0000,0,0.0000,0,0,0,0,0,0,0
"RocketReports","MINT0414",8,8,1.0000,0,0.0000,0,0,0,0,0,0,0
"RocketReports","MINT0416",2,2,1.0000,0,0.0000,0,0,0,0,0,0,0
"RocketReports","MINT0417",1,1,1.0000,0,0.0000,0,0,0,0,0,0,0
"RocketReports","MINT0494",5,4,0.8000,1,0.2000,0,0,0,0,0,0,1
"RocketReports","MINT0495",7,6,0.8571,1,0.1428,0,1,0,0,0,0,0
"RocketReports","MINT0497",7,7,1.0000,0,0.0000,0,0,0,0,0,0,0
"RocketReports","MINT0504",8,7,0.8750,1,0.1250,0,0,0,0,0,0,1
"RocketReports","MINT0508",44,41,0.9318,3,0.0681,1,1,0,0,0,0,1
"RocketReports","MINT0519",2,2,1.0000,0,0.0000,0,0,0,0,0,0,0
"RocketReports","MINT0527",5,5,1.0000,0,0.0000,0,0,0,0,0,0,0
"RocketReports","MINT0531",9,9,1.0000,0,0.0000,0,0,0,0,0,0,0
"RocketReports","MINT0532",10,8,0.8000,2,0.2000,2,0,0,0,0,0,0
"RocketReports","MINT0533",5,5,1.0000,0,0.0000,0,0,0,0,0,0,0
"RocketReports","MINT0534",2,2,1.0000,0,0.0000,0,0,0,0,0,0,0
"RocketReports","MINT0535",8,7,0.8750,1,0.1250,0,1,0,0,0,0,0
"RocketReports","MINT0537",10,7,0.7000,3,0.3000,0,0,0,0,0,0,3
"RocketReports","MINT0540",5,5,1.0000,0,0.0000,0,0,0,0,0,0,0
"RocketReports","MINT0542",10,10,1.0000,0,0.0000,0,0,0,0,0,0,0
"RocketReports","MINT0543",1,1,1.0000,0,0.0000,0,0,0,0,0,0,0
"RocketReports","MINT0545",5,5,1.0000,0,0.0000,0,0,0,0,0,0,0
"RocketReports","MINT0546",7,7,1.0000,0,0.0000,0,0,0,0,0,0,0
"RocketReports","MINT0550",25,24,0.9600,1,0.0400,1,0,0,0,0,0,0
"RocketReports","MINT0554",4,4,1.0000,0,0.0000,0,0,0,0,0,0,0
"RocketReports","MINT0555",1,1,1.0000,0,0.0000,0,0,0,0,0,0,0
"RocketReports","MINT0556",8,7,0.8750,1,0.1250,1,0,0,0,0,0,0
"RocketReports","MINT0557",14,13,0.9285,1,0.0714,0,0,0,0,0,0,1
"RocketReports","MINT0559",6,5,0.8333,1,0.1666,0,1,0,0,0,0,0
"RocketReports","MINT0561",4,4,1.0000,0,0.0000,0,0,0,0,0,0,0
"RocketReports","MINT0562",6,6,1.0000,0,0.0000,0,0,0,0,0,0,0
"RocketReports","MINT0563",5,1,0.2000,4,0.8000,1,0,0,0,0,0,3
"RocketReports","MINT0564",4,3,0.7500,1,0.2500,0,1,0,0,0,0,0
"RocketReports","MINT0567",11,11,1.0000,0,0.0000,0,0,0,0,0,0,0
"RocketReports","MINT0569",6,6,1.0000,0,0.0000,0,0,0,0,0,0,0
"RocketReports","MINT0570",5,5,1.0000,0,0.0000,0,0,0,0,0,0,0
"RocketReports","MINT0571",4,4,1.0000,0,0.0000,0,0,0,0,0,0,0
"RocketReports","MINT0572",2,2,1.0000,0,0.0000,0,0,0,0,0,0,0
"RocketReports","MINT0574",3,3,1.0000,0,0.0000,0,0,0,0,0,0,0
"RocketReports","MINT0576",1,1,1.0000,0,0.0000,0,0,0,0,0,0,0
"RocketReports","MINT0581",5,5,1.0000,0,0.0000,0,0,0,0,0,0,0
"RocketReports","MINT0582",5,5,1.0000,0,0.0000,0,0,0,0,0,0,0
"RocketReports","MINT0584",3,3,1.0000,0,0.0000,0,0,0,0,0,0,0
"RocketReports","MINT0585",1,1,1.0000,0,0.0000,0,0,0,0,0,0,0
"RocketReports","MINT0591",2,1,0.5000,1,0.5000,1,0,0,0,0,0,0
"RocketReports","MINT0592",5,5,1.0000,0,0.0000,0,0,0,0,0,0,0
"RocketReports","MINT0593",10,9,0.9000,1,0.1000,1,0,0,0,0,0,0
"RocketReports","MINT0594",9,9,1.0000,0,0.0000,0,0,0,0,0,0,0
"RocketReports","MINT0595",5,5,1.0000,0,0.0000,0,0,0,0,0,0,0
"RocketReports","MINT0596",13,13,1.0000,0,0.0000,0,0,0,0,0,0,0
"RocketReports","MINT0598",2,2,1.0000,0,0.0000,0,0,0,0,0,0,0
"RocketReports","MINT0599",28,28,1.0000,0,0.0000,0,0,0,0,0,0,0
"RocketReports","MINT0600",8,4,0.5000,4,0.5000,0,0,0,0,0,3,1
"RocketReports","MINT0602",2,2,1.0000,0,0.0000,0,0,0,0,0,0,0
"RocketReports","MINT0604",1,1,1.0000,0,0.0000,0,0,0,0,0,0,0
"RocketReports","MINT0606",19,18,0.9473,1,0.0526,0,1,0,0,0,0,0
"RocketReports","MINT0609",7,6,0.8571,1,0.1428,0,0,1,0,0,0,0
"RocketReports","MINT0610",10,10,1.0000,0,0.0000,0,0,0,0,0,0,0
"RocketReports","MINT0614",5,4,0.8000,1,0.2000,0,1,0,0,0,0,0
"RocketReports","MINT0615",1,1,1.0000,0,0.0000,0,0,0,0,0,0,0
"RocketReports","MINT0707",5,4,0.8000,1,0.2000,0,1,0,0,0,0,0
"RocketReports","MINT0901",1,1,1.0000,0,0.0000,0,0,0,0,0,0,0
"RocketReports","MINT0905",4,4,1.0000,0,0.0000,0,0,0,0,0,0,0
"RocketReports","MINT0908",1,1,1.0000,0,0.0000,0,0,0,0,0,0,0
"RocketReports","MINT0912",17,14,0.8235,3,0.1764,1,1,1,0,0,0,0
"RocketReports","MINT0913",23,19,0.8260,4,0.1739,3,0,0,0,0,0,1
"RocketReports","MINT0916",3,3,1.0000,0,0.0000,0,0,0,0,0,0,0
"RocketReports","MINT0918",2,2,1.0000,0,0.0000,0,0,0,0,0,0,0
"RocketReports","MINT0919",29,27,0.9310,2,0.0689,0,0,0,0,0,0,2
"RocketReports","MINT0920",6,3,0.5000,3,0.5000,0,2,0,0,0,0,1
"RocketReports","MINT0921",1,1,1.0000,0,0.0000,0,0,0,0,0,0,0
"RocketReports","MINT0922",5,5,1.0000,0,0.0000,0,0,0,0,0,0,0
"RocketReports","MINT0923",8,6,0.7500,2,0.2500,0,0,0,0,0,0,2
"RocketReports","MINT0925",1,1,1.0000,0,0.0000,0,0,0,0,0,0,0
"RocketReports","MINT1000",34,28,0.8235,6,0.1764,3,1,0,0,0,0,2
"RocketReports","MINT1001",38,38,1.0000,0,0.0000,0,0,0,0,0,0,0
"RocketReports","MINT1002",10,10,1.0000,0,0.0000,0,0,0,0,0,0,0
"RocketReports","MINT1003",15,13,0.8666,2,0.1333,1,0,0,0,0,0,1
"RocketReports","MINT1004",25,23,0.9200,2,0.0800,1,0,0,0,0,0,1
"RocketReports","MINT1006",39,32,0.8205,7,0.1794,1,2,0,0,0,0,4
"RocketReports","MINT1007",37,37,1.0000,0,0.0000,0,0,0,0,0,0,0
"RocketReports","MINT1010",7,6,0.8571,1,0.1428,0,0,0,0,0,0,1
"RocketReports","MINT1011",3,3,1.0000,0,0.0000,0,0,0,0,0,0,0
"RocketReports","MINT1012",1,1,1.0000,0,0.0000,0,0,0,0,0,0,0
"RocketReports","MINT1016",20,20,1.0000,0,0.0000,0,0,0,0,0,0,0
"RocketReports","MINT1017",2,2,1.0000,0,0.0000,0,0,0,0,0,0,0
"RocketReports","MINT1018",1,1,1.0000,0,0.0000,0,0,0,0,0,0,0
"RocketReports","MINT1019",3,3,1.0000,0,0.0000,0,0,0,0,0,0,0
"RocketReports","MINT1041",4,4,1.0000,0,0.0000,0,0,0,0,0,0,0
"RocketReports","MINT1050",4,4,1.0000,0,0.0000,0,0,0,0,0,0,0
"RocketReports","MINT1061",2,2,1.0000,0,0.0000,0,0,0,0,0,0,0
"RocketReports","MINT1062",2,2,1.0000,0,0.0000,0,0,0,0,0,0,0
"RocketReports","MINT1063",48,45,0.9375,3,0.0625,1,0,0,0,0,0,2
"RocketReports","MINT1066",12,11,0.9166,1,0.0833,1,0,0,0,0,0,0
"RocketReports","MINT1068",16,16,1.0000,0,0.0000,0,0,0,0,0,0,0
"RocketReports","MINT1069",1,1,1.0000,0,0.0000,0,0,0,0,0,0,0
"RocketReports","MINT1071",1,1,1.0000,0,0.0000,0,0,0,0,0,0,0
"RocketReports","MINT1074",5,5,1.0000,0,0.0000,0,0,0,0,0,0,0
"RocketReports","MINT1075",5,5,1.0000,0,0.0000,0,0,0,0,0,0,0
"RocketReports","MINT1076",7,5,0.7142,2,0.2857,1,0,0,0,0,0,1
"RocketReports","MINT1077",5,5,1.0000,0,0.0000,0,0,0,0,0,0,0
"RocketReports","MINT1080",7,5,0.7142,2,0.2857,2,0,0,0,0,0,0
"RocketReports","MINT1081",4,4,1.0000,0,0.0000,0,0,0,0,0,0,0
"RocketReports","MINT1083",3,3,1.0000,0,0.0000,0,0,0,0,0,0,0
"RocketReports","MINT1085",19,16,0.8421,3,0.1578,2,1,0,0,0,0,0
"RocketReports","MINT1086",14,13,0.9285,1,0.0714,0,1,0,0,0,0,0
"RocketReports","MINT1087",29,25,0.8620,4,0.1379,1,2,0,0,0,0,1
"RocketReports","MINT1091",15,14,0.9333,1,0.0666,1,0,0,0,0,0,0
"RocketReports","MINT1094",1,1,1.0000,0,0.0000,0,0,0,0,0,0,0
"RocketReports","MINT3000",22,19,0.8636,3,0.1363,0,0,0,0,0,0,3
"RocketReports","MINT3001",8,8,1.0000,0,0.0000,0,0,0,0,0,0,0
"RocketReports","MINT4000",14,11,0.7857,3,0.2142,0,1,2,0,0,0,0
"RocketReports","MINT4001",18,17,0.9444,1,0.0555,0,0,0,0,0,0,1
"RocketReports","MINT4003",10,8,0.8000,2,0.2000,2,0,0,0,0,0,0
"RocketReports","MINT4005",18,15,0.8333,3,0.1666,1,2,0,0,0,0,0
"RocketReports","MINT4009",45,35,0.7777,10,0.2222,6,1,2,0,0,0,1
"RocketReports","MINT4010",28,27,0.9642,1,0.0357,1,0,0,0,0,0,0
"RocketReports","MINT4014",13,11,0.8461,2,0.1538,0,0,2,0,0,0,0
"RocketReports","MINT4015",33,29,0.8787,4,0.1212,1,0,0,0,0,0,3
"RocketReports","MINT4016",23,22,0.9565,1,0.0434,1,0,0,0,0,0,0
"RocketReports","MINT4018",1,1,1.0000,0,0.0000,0,0,0,0,0,0,0
"RocketReports","MINT4020",18,16,0.8888,2,0.1111,1,0,0,0,0,0,1
"RocketReports","MINT4022",53,52,0.9811,1,0.0188,1,0,0,0,0,0,0
"RocketReports","MINT4024",8,8,1.0000,0,0.0000,0,0,0,0,0,0,0
"RocketReports","MINT4025",32,27,0.8437,5,0.1562,1,0,0,0,0,0,4
"RocketReports","MINT4026",1,1,1.0000,0,0.0000,0,0,0,0,0,0,0
"RocketReports","MINT4027",2,2,1.0000,0,0.0000,0,0,0,0,0,0,0
"RocketReports","MINT4028",1,1,1.0000,0,0.0000,0,0,0,0,0,0,0
"RocketReports","MINT4031",14,12,0.8571,2,0.1428,0,0,0,0,0,0,2
"RocketReports","MINT4033",10,9,0.9000,1,0.1000,0,1,0,0,0,0,0
"RocketReports","MINT4035",4,4,1.0000,0,0.0000,0,0,0,0,0,0,0
"RocketReports","MINT4036",4,2,0.5000,2,0.5000,2,0,0,0,0,0,0
"RocketReports","MINT4037",1,1,1.0000,0,0.0000,0,0,0,0,0,0,0
"RocketReports","MINT5001",11,11,1.0000,0,0.0000,0,0,0,0,0,0,0
"RocketReports","MINT5003",1,1,1.0000,0,0.0000,0,0,0,0,0,0,0
"RocketReports","MINT5007",2,2,1.0000,0,0.0000,0,0,0,0,0,0,0
"RocketReports","MINTHI11",2,2,1.0000,0,0.0000,0,0,0,0,0,0,0
"RocketReports","MINTHI21",27,24,0.8888,3,0.1111,0,1,0,0,0,0,2
"RocketReports","MINTHI31",12,12,1.0000,0,0.0000,0,0,0,0,0,0,0
"RocketReports","MINTHI41",17,14,0.8235,3,0.1764,0,0,3,0,0,0,0
"RocketReports","MINTHI51",16,14,0.8750,2,0.1250,0,0,0,0,0,0,2
"RocketReports","MINTHI52",5,5,1.0000,0,0.0000,0,0,0,0,0,0,0
"RocketReports","MINTHI61",5,5,1.0000,0,0.0000,0,0,0,0,0,0,0
"RocketReports","MINTHI62",15,15,1.0000,0,0.0000,0,0,0,0,0,0,0
"RocketReports","MINTHI71",7,6,0.8571,1,0.1428,1,0,0,0,0,0,0
"RocketReports","MINTPLB1",1,1,1.0000,0,0.0000,0,0,0,0,0,0,0
"RocketReports","MINTPLB2",4,2,0.5000,2,0.5000,2,0,0,0,0,0,0
"RocketReports","MINTPLB3",10,8,0.8000,2,0.2000,0,0,0,0,0,0,2
"RocketReports","MINTPLB4",6,4,0.6666,2,0.3333,2,0,0,0,0,0,0
"RocketReports","MINTPLB5",10,10,1.0000,0,0.0000,0,0,0,0,0,0,0
"RocketReports","MINTPMH1",8,5,0.6250,3,0.3750,0,3,0,0,0,0,0
"RocketReports","MINTPMH2",5,5,1.0000,0,0.0000,0,0,0,0,0,0,0
"RocketReports","MINTPMH3",2,2,1.0000,0,0.0000,0,0,0,0,0,0,0
"RocketReports","TNS5GBZ3",11,10,0.9090,1,0.0909,0,0,0,0,0,1,0
"RocketReports","TNS5GBZ4",3,0,0.0000,3,1.0000,0,0,0,0,0,0,3
