"RocketReports","MINT0007",20.0000,746,0,746,0,0.0000,0,0,0,0,0.0000,0,0,0,0,0.0000,0,0,0,0,0.0000,0,0,0,0,"2021-06-15 21:00:00"
"RocketReports","MINT0009",20.0000,1405,0,533,872,0.0000,0,0,0,0,0.0000,0,0,0,0,0.0000,0,0,0,0,0.0000,0,0,0,0,"2021-06-15 21:00:00"
"RocketReports","MINT0010",20.0000,770,0,767,3,0.0000,0,0,0,0,0.0000,0,0,0,0,0.0000,0,0,0,0,0.0000,0,0,0,0,"2021-06-15 21:00:00"
"RocketReports","MINT0012",20.0000,6921,0,6886,35,0.0000,0,0,0,0,0.0000,0,0,0,0,0.0000,0,0,0,0,0.0000,0,0,0,0,"2021-06-15 21:00:00"
"RocketReports","MINT0014",20.0000,100,0,63,37,0.0000,0,0,0,0,0.0000,0,0,0,0,0.0000,0,0,0,0,0.0000,0,0,0,0,"2021-06-15 21:00:00"
"RocketReports","MINT0025",20.0000,695,0,432,263,0.0000,0,0,0,0,0.0000,0,0,0,0,0.0000,0,0,0,0,0.0000,0,0,0,0,"2021-06-15 21:00:00"
"RocketReports","MINT0026",20.0000,4718,0,4590,128,0.0000,0,0,0,0,0.0000,0,0,0,0,0.0000,0,0,0,0,0.0000,0,0,0,0,"2021-06-15 21:00:00"
"RocketReports","MINT0027",20.0000,1144,0,905,239,0.0000,0,0,0,0,0.0000,0,0,0,0,0.0000,0,0,0,0,0.0000,0,0,0,0,"2021-06-15 21:00:00"
"RocketReports","MINT0028",20.0000,3929,0,3649,280,0.0000,0,0,0,0,0.0000,0,0,0,0,0.0000,0,0,0,0,0.0000,0,0,0,0,"2021-06-15 21:00:00"
"RocketReports","MINT0030",20.0000,234,0,166,68,0.0000,0,0,0,0,0.0000,0,0,0,0,0.0000,0,0,0,0,0.0000,0,0,0,0,"2021-06-15 21:00:00"
"RocketReports","MINT0031",20.0000,481,0,412,69,0.0000,0,0,0,0,0.0000,0,0,0,0,0.0000,0,0,0,0,0.0000,0,0,0,0,"2021-06-15 21:00:00"
"RocketReports","MINT0032",20.0000,282,0,257,25,0.0000,0,0,0,0,0.0000,0,0,0,0,0.0000,0,0,0,0,0.0000,0,0,0,0,"2021-06-15 21:00:00"
"RocketReports","MINT0034",20.0000,2017,0,2013,4,0.0000,0,0,0,0,0.0000,0,0,0,0,0.0000,0,0,0,0,0.0000,0,0,0,0,"2021-06-15 21:00:00"
"RocketReports","MINT0037",20.0000,50,0,31,19,0.0000,0,0,0,0,0.0000,0,0,0,0,0.0000,0,0,0,0,0.0000,0,0,0,0,"2021-06-15 21:00:00"
"RocketReports","MINT0040",20.0000,1040,0,884,156,0.0000,0,0,0,0,0.0000,0,0,0,0,0.0000,0,0,0,0,0.0000,0,0,0,0,"2021-06-15 21:00:00"
"RocketReports","MINT0041",20.0000,160,0,136,24,0.0000,0,0,0,0,0.0000,0,0,0,0,0.0000,0,0,0,0,0.0000,0,0,0,0,"2021-06-15 21:00:00"
"RocketReports","MINT0042",20.0000,3326,0,3136,190,0.0000,0,0,0,0,0.0000,0,0,0,0,0.0000,0,0,0,0,0.0000,0,0,0,0,"2021-06-15 21:00:00"
"RocketReports","MINT0043",20.0000,3798,0,3616,182,0.0000,0,0,0,0,0.0000,0,0,0,0,0.0000,0,0,0,0,0.0000,0,0,0,0,"2021-06-15 21:00:00"
"RocketReports","MINT0044",20.0000,842,0,753,89,0.0000,0,0,0,0,0.0000,0,0,0,0,0.0000,0,0,0,0,0.0000,0,0,0,0,"2021-06-15 21:00:00"
"RocketReports","MINT0046",20.0000,2363,0,2042,321,0.0000,0,0,0,0,0.0000,0,0,0,0,0.0000,0,0,0,0,0.0000,0,0,0,0,"2021-06-15 21:00:00"
"RocketReports","MINT0047",20.0000,99,0,15,84,0.0000,0,0,0,0,0.0000,0,0,0,0,0.0000,0,0,0,0,0.0000,0,0,0,0,"2021-06-15 21:00:00"
"RocketReports","MINT0048",20.0000,361,0,167,194,0.0000,0,0,0,0,0.0000,0,0,0,0,0.0000,0,0,0,0,0.0000,0,0,0,0,"2021-06-15 21:00:00"
"RocketReports","MINT0049",20.0000,493,0,319,174,0.0000,0,0,0,0,0.0000,0,0,0,0,0.0000,0,0,0,0,0.0000,0,0,0,0,"2021-06-15 21:00:00"
"RocketReports","MINT0050",20.0000,684,0,526,158,0.0000,0,0,0,0,0.0000,0,0,0,0,0.0000,0,0,0,0,0.0000,0,0,0,0,"2021-06-15 21:00:00"
"RocketReports","MINT0051",20.0000,591,0,471,120,0.0000,0,0,0,0,0.0000,0,0,0,0,0.0000,0,0,0,0,0.0000,0,0,0,0,"2021-06-15 21:00:00"
"RocketReports","MINT0052",20.0000,559,0,360,199,0.0000,0,0,0,0,0.0000,0,0,0,0,0.0000,0,0,0,0,0.0000,0,0,0,0,"2021-06-15 21:00:00"
"RocketReports","MINT0053",20.0000,4198,0,4058,140,0.0000,0,0,0,0,0.0000,0,0,0,0,0.0000,0,0,0,0,0.0000,0,0,0,0,"2021-06-15 21:00:00"
"RocketReports","MINT0054",20.0000,656,0,424,232,0.0000,0,0,0,0,0.0000,0,0,0,0,0.0000,0,0,0,0,0.0000,0,0,0,0,"2021-06-15 21:00:00"
"RocketReports","MINT0055",20.0000,226,0,0,226,0.0000,0,0,0,0,0.0000,0,0,0,0,0.0000,0,0,0,0,0.0000,0,0,0,0,"2021-06-15 21:00:00"
"RocketReports","MINT0056",20.0000,313,0,81,232,0.0000,0,0,0,0,0.0000,0,0,0,0,0.0000,0,0,0,0,0.0000,0,0,0,0,"2021-06-15 21:00:00"
"RocketReports","MINT0057",20.0000,1924,0,1890,34,0.0000,0,0,0,0,0.0000,0,0,0,0,0.0000,0,0,0,0,0.0000,0,0,0,0,"2021-06-15 21:00:00"
"RocketReports","MINT0058",20.0000,6164,0,6142,22,0.0000,0,0,0,0,0.0000,0,0,0,0,0.0000,0,0,0,0,0.0000,0,0,0,0,"2021-06-15 21:00:00"
"RocketReports","MINT0059",20.0000,1660,0,1337,323,0.0000,0,0,0,0,0.0000,0,0,0,0,0.0000,0,0,0,0,0.0000,0,0,0,0,"2021-06-15 21:00:00"
"RocketReports","MINT0062",20.0000,8527,0,8191,336,0.0000,0,0,0,0,0.0000,0,0,0,0,0.0000,0,0,0,0,0.0000,0,0,0,0,"2021-06-15 21:00:00"
"RocketReports","MINT0063",20.0000,3678,0,3569,109,0.0000,0,0,0,0,0.0000,0,0,0,0,0.0000,0,0,0,0,0.0000,0,0,0,0,"2021-06-15 21:00:00"
"RocketReports","MINT0064",20.0000,285,0,182,103,0.0000,0,0,0,0,0.0000,0,0,0,0,0.0000,0,0,0,0,0.0000,0,0,0,0,"2021-06-15 21:00:00"
"RocketReports","MINT0065",20.0000,288,0,53,235,0.0000,0,0,0,0,0.0000,0,0,0,0,0.0000,0,0,0,0,0.0000,0,0,0,0,"2021-06-15 21:00:00"
"RocketReports","MINT0066",20.0000,3643,0,3525,118,0.0000,0,0,0,0,0.0000,0,0,0,0,0.0000,0,0,0,0,0.0000,0,0,0,0,"2021-06-15 21:00:00"
"RocketReports","MINT0067",20.0000,723,0,530,193,0.0000,0,0,0,0,0.0000,0,0,0,0,0.0000,0,0,0,0,0.0000,0,0,0,0,"2021-06-15 21:00:00"
"RocketReports","MINT0067",0.0000,0,0,0,0,50.0000,1157,0,1040,117,0.0000,0,0,0,0,0.0000,0,0,0,0,0.0000,0,0,0,0,"2021-06-15 21:00:00"
"RocketReports","MINT0068",20.0000,1951,0,1843,108,0.0000,0,0,0,0,0.0000,0,0,0,0,0.0000,0,0,0,0,0.0000,0,0,0,0,"2021-06-15 21:00:00"
"RocketReports","MINT0069",20.0000,576,0,476,100,0.0000,0,0,0,0,0.0000,0,0,0,0,0.0000,0,0,0,0,0.0000,0,0,0,0,"2021-06-15 21:00:00"
"RocketReports","MINT0069",0.0000,0,0,0,0,50.0000,320,0,244,76,0.0000,0,0,0,0,0.0000,0,0,0,0,0.0000,0,0,0,0,"2021-06-15 21:00:00"
"RocketReports","MINT0070",20.0000,14,0,1,13,0.0000,0,0,0,0,0.0000,0,0,0,0,0.0000,0,0,0,0,0.0000,0,0,0,0,"2021-06-15 21:00:00"
"RocketReports","MINT0100",20.0000,250,0,92,158,0.0000,0,0,0,0,0.0000,0,0,0,0,0.0000,0,0,0,0,0.0000,0,0,0,0,"2021-06-15 21:00:00"
"RocketReports","MINT0101",10.0000,135,0,0,135,0.0000,0,0,0,0,0.0000,0,0,0,0,0.0000,0,0,0,0,0.0000,0,0,0,0,"2021-06-15 21:00:00"
"RocketReports","MINT0102",20.0000,30,0,5,25,0.0000,0,0,0,0,0.0000,0,0,0,0,0.0000,0,0,0,0,0.0000,0,0,0,0,"2021-06-15 21:00:00"
"RocketReports","MINT0103",20.0000,76,0,31,45,0.0000,0,0,0,0,0.0000,0,0,0,0,0.0000,0,0,0,0,0.0000,0,0,0,0,"2021-06-15 21:00:00"
"RocketReports","MINT0104",20.0000,100,0,0,100,0.0000,0,0,0,0,0.0000,0,0,0,0,0.0000,0,0,0,0,0.0000,0,0,0,0,"2021-06-15 21:00:00"
"RocketReports","MINT0105",20.0000,73,0,13,60,0.0000,0,0,0,0,0.0000,0,0,0,0,0.0000,0,0,0,0,0.0000,0,0,0,0,"2021-06-15 21:00:00"
"RocketReports","MINT0106",20.0000,250,0,136,114,0.0000,0,0,0,0,0.0000,0,0,0,0,0.0000,0,0,0,0,0.0000,0,0,0,0,"2021-06-15 21:00:00"
"RocketReports","MINT0107",20.0000,3349,0,3298,51,0.0000,0,0,0,0,0.0000,0,0,0,0,0.0000,0,0,0,0,0.0000,0,0,0,0,"2021-06-15 21:00:00"
"RocketReports","MINT0108",20.0000,390,0,264,126,0.0000,0,0,0,0,0.0000,0,0,0,0,0.0000,0,0,0,0,0.0000,0,0,0,0,"2021-06-15 21:00:00"
"RocketReports","MINT0109",20.0000,433,0,200,233,0.0000,0,0,0,0,0.0000,0,0,0,0,0.0000,0,0,0,0,0.0000,0,0,0,0,"2021-06-15 21:00:00"
"RocketReports","MINT0110",20.0000,100,0,2,98,0.0000,0,0,0,0,0.0000,0,0,0,0,0.0000,0,0,0,0,0.0000,0,0,0,0,"2021-06-15 21:00:00"
"RocketReports","MINT0111",20.0000,169,0,1,168,0.0000,0,0,0,0,0.0000,0,0,0,0,0.0000,0,0,0,0,0.0000,0,0,0,0,"2021-06-15 21:00:00"
"RocketReports","MINT0112",20.0000,6802,0,6490,312,0.0000,0,0,0,0,0.0000,0,0,0,0,0.0000,0,0,0,0,0.0000,0,0,0,0,"2021-06-15 21:00:00"
"RocketReports","MINT0113",20.0000,206,0,27,179,0.0000,0,0,0,0,0.0000,0,0,0,0,0.0000,0,0,0,0,0.0000,0,0,0,0,"2021-06-15 21:00:00"
"RocketReports","MINT0115",20.0000,250,0,71,179,0.0000,0,0,0,0,0.0000,0,0,0,0,0.0000,0,0,0,0,0.0000,0,0,0,0,"2021-06-15 21:00:00"
"RocketReports","MINT0116",20.0000,155,0,45,110,0.0000,0,0,0,0,0.0000,0,0,0,0,0.0000,0,0,0,0,0.0000,0,0,0,0,"2021-06-15 21:00:00"
"RocketReports","MINT0117",20.0000,489,0,204,285,0.0000,0,0,0,0,0.0000,0,0,0,0,0.0000,0,0,0,0,0.0000,0,0,0,0,"2021-06-15 21:00:00"
"RocketReports","MINT0118",20.0000,250,0,145,105,0.0000,0,0,0,0,0.0000,0,0,0,0,0.0000,0,0,0,0,0.0000,0,0,0,0,"2021-06-15 21:00:00"
"RocketReports","MINT0119",20.0000,140,0,28,112,0.0000,0,0,0,0,0.0000,0,0,0,0,0.0000,0,0,0,0,0.0000,0,0,0,0,"2021-06-15 21:00:00"
"RocketReports","MINT0120",20.0000,150,0,20,130,0.0000,0,0,0,0,0.0000,0,0,0,0,0.0000,0,0,0,0,0.0000,0,0,0,0,"2021-06-15 21:00:00"
"RocketReports","MINT0121",20.0000,350,0,160,190,0.0000,0,0,0,0,0.0000,0,0,0,0,0.0000,0,0,0,0,0.0000,0,0,0,0,"2021-06-15 21:00:00"
"RocketReports","MINT0122",20.0000,250,0,125,125,0.0000,0,0,0,0,0.0000,0,0,0,0,0.0000,0,0,0,0,0.0000,0,0,0,0,"2021-06-15 21:00:00"
"RocketReports","MINT0123",20.0000,150,0,22,128,0.0000,0,0,0,0,0.0000,0,0,0,0,0.0000,0,0,0,0,0.0000,0,0,0,0,"2021-06-15 21:00:00"
"RocketReports","MINT0124",20.0000,197,0,125,72,0.0000,0,0,0,0,0.0000,0,0,0,0,0.0000,0,0,0,0,0.0000,0,0,0,0,"2021-06-15 21:00:00"
"RocketReports","MINT0125",20.0000,599,0,1,598,0.0000,0,0,0,0,0.0000,0,0,0,0,0.0000,0,0,0,0,0.0000,0,0,0,0,"2021-06-15 21:00:00"
"RocketReports","MINT0126",20.0000,150,0,16,134,0.0000,0,0,0,0,0.0000,0,0,0,0,0.0000,0,0,0,0,0.0000,0,0,0,0,"2021-06-15 21:00:00"
"RocketReports","MINT0127",20.0000,250,0,128,122,0.0000,0,0,0,0,0.0000,0,0,0,0,0.0000,0,0,0,0,0.0000,0,0,0,0,"2021-06-15 21:00:00"
"RocketReports","MINT0128",20.0000,100,0,29,71,0.0000,0,0,0,0,0.0000,0,0,0,0,0.0000,0,0,0,0,0.0000,0,0,0,0,"2021-06-15 21:00:00"
"RocketReports","MINT0129",20.0000,250,0,64,186,0.0000,0,0,0,0,0.0000,0,0,0,0,0.0000,0,0,0,0,0.0000,0,0,0,0,"2021-06-15 21:00:00"
"RocketReports","MINT0130",20.0000,95,0,0,95,0.0000,0,0,0,0,0.0000,0,0,0,0,0.0000,0,0,0,0,0.0000,0,0,0,0,"2021-06-15 21:00:00"
"RocketReports","MINT0131",20.0000,208,0,133,75,0.0000,0,0,0,0,0.0000,0,0,0,0,0.0000,0,0,0,0,0.0000,0,0,0,0,"2021-06-15 21:00:00"
"RocketReports","MINT0132",20.0000,100,0,1,99,0.0000,0,0,0,0,0.0000,0,0,0,0,0.0000,0,0,0,0,0.0000,0,0,0,0,"2021-06-15 21:00:00"
"RocketReports","MINT0133",20.0000,250,0,51,199,0.0000,0,0,0,0,0.0000,0,0,0,0,0.0000,0,0,0,0,0.0000,0,0,0,0,"2021-06-15 21:00:00"
"RocketReports","MINT0134",20.0000,2,0,2,0,0.0000,0,0,0,0,0.0000,0,0,0,0,0.0000,0,0,0,0,0.0000,0,0,0,0,"2021-06-15 21:00:00"
"RocketReports","MINT0135",20.0000,350,0,0,350,0.0000,0,0,0,0,0.0000,0,0,0,0,0.0000,0,0,0,0,0.0000,0,0,0,0,"2021-06-15 21:00:00"
"RocketReports","MINT0136",20.0000,50,0,0,50,0.0000,0,0,0,0,0.0000,0,0,0,0,0.0000,0,0,0,0,0.0000,0,0,0,0,"2021-06-15 21:00:00"
"RocketReports","MINT0137",20.0000,427,0,160,267,0.0000,0,0,0,0,0.0000,0,0,0,0,0.0000,0,0,0,0,0.0000,0,0,0,0,"2021-06-15 21:00:00"
"RocketReports","MINT0138",20.0000,200,0,39,161,0.0000,0,0,0,0,0.0000,0,0,0,0,0.0000,0,0,0,0,0.0000,0,0,0,0,"2021-06-15 21:00:00"
"RocketReports","MINT0139",20.0000,250,0,148,102,0.0000,0,0,0,0,0.0000,0,0,0,0,0.0000,0,0,0,0,0.0000,0,0,0,0,"2021-06-15 21:00:00"
"RocketReports","MINT0141",20.0000,0,0,0,0,0.0000,0,0,0,0,0.0000,0,0,0,0,0.0000,0,0,0,0,0.0000,0,0,0,0,"2021-06-15 21:00:00"
"RocketReports","MINT0142",20.0000,153,0,43,110,0.0000,0,0,0,0,0.0000,0,0,0,0,0.0000,0,0,0,0,0.0000,0,0,0,0,"2021-06-15 21:00:00"
"RocketReports","MINT0143",20.0000,250,0,45,205,0.0000,0,0,0,0,0.0000,0,0,0,0,0.0000,0,0,0,0,0.0000,0,0,0,0,"2021-06-15 21:00:00"
"RocketReports","MINT0144",20.0000,200,0,17,183,0.0000,0,0,0,0,0.0000,0,0,0,0,0.0000,0,0,0,0,0.0000,0,0,0,0,"2021-06-15 21:00:00"
"RocketReports","MINT0145",20.0000,125,0,86,39,0.0000,0,0,0,0,0.0000,0,0,0,0,0.0000,0,0,0,0,0.0000,0,0,0,0,"2021-06-15 21:00:00"
"RocketReports","MINT0146",20.0000,264,0,7,257,0.0000,0,0,0,0,0.0000,0,0,0,0,0.0000,0,0,0,0,0.0000,0,0,0,0,"2021-06-15 21:00:00"
"RocketReports","MINT0147",20.0000,100,0,22,78,0.0000,0,0,0,0,0.0000,0,0,0,0,0.0000,0,0,0,0,0.0000,0,0,0,0,"2021-06-15 21:00:00"
"RocketReports","MINT0148",20.0000,108,0,35,73,0.0000,0,0,0,0,0.0000,0,0,0,0,0.0000,0,0,0,0,0.0000,0,0,0,0,"2021-06-15 21:00:00"
"RocketReports","MINT0149",20.0000,249,0,112,137,0.0000,0,0,0,0,0.0000,0,0,0,0,0.0000,0,0,0,0,0.0000,0,0,0,0,"2021-06-15 21:00:00"
"RocketReports","MINT0150",20.0000,239,0,9,230,0.0000,0,0,0,0,0.0000,0,0,0,0,0.0000,0,0,0,0,0.0000,0,0,0,0,"2021-06-15 21:00:00"
"RocketReports","MINT0151",20.0000,34,0,26,8,0.0000,0,0,0,0,0.0000,0,0,0,0,0.0000,0,0,0,0,0.0000,0,0,0,0,"2021-06-15 21:00:00"
"RocketReports","MINT0152",20.0000,250,0,0,250,0.0000,0,0,0,0,0.0000,0,0,0,0,0.0000,0,0,0,0,0.0000,0,0,0,0,"2021-06-15 21:00:00"
"RocketReports","MINT0153",20.0000,130,0,41,89,0.0000,0,0,0,0,0.0000,0,0,0,0,0.0000,0,0,0,0,0.0000,0,0,0,0,"2021-06-15 21:00:00"
"RocketReports","MINT0154",20.0000,268,0,185,83,0.0000,0,0,0,0,0.0000,0,0,0,0,0.0000,0,0,0,0,0.0000,0,0,0,0,"2021-06-15 21:00:00"
"RocketReports","MINT0155",20.0000,200,0,58,142,0.0000,0,0,0,0,0.0000,0,0,0,0,0.0000,0,0,0,0,0.0000,0,0,0,0,"2021-06-15 21:00:00"
"RocketReports","MINT0155",0.0000,0,0,0,0,5.0000,18,0,0,18,0.0000,0,0,0,0,0.0000,0,0,0,0,0.0000,0,0,0,0,"2021-06-15 21:00:00"
"RocketReports","MINT0156",20.0000,100,0,54,46,0.0000,0,0,0,0,0.0000,0,0,0,0,0.0000,0,0,0,0,0.0000,0,0,0,0,"2021-06-15 21:00:00"
"RocketReports","MINT0157",20.0000,1562,0,1541,21,0.0000,0,0,0,0,0.0000,0,0,0,0,0.0000,0,0,0,0,0.0000,0,0,0,0,"2021-06-15 21:00:00"
"RocketReports","MINT0160",20.0000,311,0,166,145,0.0000,0,0,0,0,0.0000,0,0,0,0,0.0000,0,0,0,0,0.0000,0,0,0,0,"2021-06-15 21:00:00"
"RocketReports","MINT0161",20.0000,250,0,20,230,0.0000,0,0,0,0,0.0000,0,0,0,0,0.0000,0,0,0,0,0.0000,0,0,0,0,"2021-06-15 21:00:00"
"RocketReports","MINT0162",20.0000,100,0,0,100,0.0000,0,0,0,0,0.0000,0,0,0,0,0.0000,0,0,0,0,0.0000,0,0,0,0,"2021-06-15 21:00:00"
"RocketReports","MINT0201",20.0000,76,0,22,54,0.0000,0,0,0,0,0.0000,0,0,0,0,0.0000,0,0,0,0,0.0000,0,0,0,0,"2021-06-15 21:00:00"
"RocketReports","MINT0203",20.0000,76,0,61,15,0.0000,0,0,0,0,0.0000,0,0,0,0,0.0000,0,0,0,0,0.0000,0,0,0,0,"2021-06-15 21:00:00"
"RocketReports","MINT0204",20.0000,300,0,242,58,0.0000,0,0,0,0,0.0000,0,0,0,0,0.0000,0,0,0,0,0.0000,0,0,0,0,"2021-06-15 21:00:00"
"RocketReports","MINT0205",20.0000,399,0,345,54,0.0000,0,0,0,0,0.0000,0,0,0,0,0.0000,0,0,0,0,0.0000,0,0,0,0,"2021-06-15 21:00:00"
"RocketReports","MINT0206",20.0000,297,0,206,91,0.0000,0,0,0,0,0.0000,0,0,0,0,0.0000,0,0,0,0,0.0000,0,0,0,0,"2021-06-15 21:00:00"
"RocketReports","MINT0207",20.0000,136,0,35,101,0.0000,0,0,0,0,0.0000,0,0,0,0,0.0000,0,0,0,0,0.0000,0,0,0,0,"2021-06-15 21:00:00"
"RocketReports","MINT0208",20.0000,307,0,126,181,0.0000,0,0,0,0,0.0000,0,0,0,0,0.0000,0,0,0,0,0.0000,0,0,0,0,"2021-06-15 21:00:00"
"RocketReports","MINT0209",20.0000,404,0,260,144,0.0000,0,0,0,0,0.0000,0,0,0,0,0.0000,0,0,0,0,0.0000,0,0,0,0,"2021-06-15 21:00:00"
"RocketReports","MINT0304",20.0000,200,0,70,130,0.0000,0,0,0,0,0.0000,0,0,0,0,0.0000,0,0,0,0,0.0000,0,0,0,0,"2021-06-15 21:00:00"
"RocketReports","MINT0305",20.0000,693,0,429,264,0.0000,0,0,0,0,0.0000,0,0,0,0,0.0000,0,0,0,0,0.0000,0,0,0,0,"2021-06-15 21:00:00"
"RocketReports","MINT0306",20.0000,278,0,87,191,0.0000,0,0,0,0,0.0000,0,0,0,0,0.0000,0,0,0,0,0.0000,0,0,0,0,"2021-06-15 21:00:00"
"RocketReports","MINT0308",20.0000,540,0,459,81,0.0000,0,0,0,0,0.0000,0,0,0,0,0.0000,0,0,0,0,0.0000,0,0,0,0,"2021-06-15 21:00:00"
"RocketReports","MINT0350",20.0000,1194,0,1015,179,0.0000,0,0,0,0,0.0000,0,0,0,0,0.0000,0,0,0,0,0.0000,0,0,0,0,"2021-06-15 21:00:00"
"RocketReports","MINT0351",20.0000,1630,0,1299,331,0.0000,0,0,0,0,0.0000,0,0,0,0,0.0000,0,0,0,0,0.0000,0,0,0,0,"2021-06-15 21:00:00"
"RocketReports","MINT0352",20.0000,493,0,383,110,0.0000,0,0,0,0,0.0000,0,0,0,0,0.0000,0,0,0,0,0.0000,0,0,0,0,"2021-06-15 21:00:00"
"RocketReports","MINT0353",20.0000,300,0,300,0,0.0000,0,0,0,0,0.0000,0,0,0,0,0.0000,0,0,0,0,0.0000,0,0,0,0,"2021-06-15 21:00:00"
"RocketReports","MINT0355",20.0000,474,0,37,437,0.0000,0,0,0,0,0.0000,0,0,0,0,0.0000,0,0,0,0,0.0000,0,0,0,0,"2021-06-15 21:00:00"
"RocketReports","MINT0356",20.0000,700,0,317,383,0.0000,0,0,0,0,0.0000,0,0,0,0,0.0000,0,0,0,0,0.0000,0,0,0,0,"2021-06-15 21:00:00"
"RocketReports","MINT0357",20.0000,748,0,536,212,0.0000,0,0,0,0,0.0000,0,0,0,0,0.0000,0,0,0,0,0.0000,0,0,0,0,"2021-06-15 21:00:00"
"RocketReports","MINT0358",20.0000,0,0,0,0,0.0000,0,0,0,0,0.0000,0,0,0,0,0.0000,0,0,0,0,0.0000,0,0,0,0,"2021-06-15 21:00:00"
"RocketReports","MINT0359",20.0000,7538,0,7204,334,0.0000,0,0,0,0,0.0000,0,0,0,0,0.0000,0,0,0,0,0.0000,0,0,0,0,"2021-06-15 21:00:00"
"RocketReports","MINT0360",20.0000,700,0,453,247,0.0000,0,0,0,0,0.0000,0,0,0,0,0.0000,0,0,0,0,0.0000,0,0,0,0,"2021-06-15 21:00:00"
"RocketReports","MINT0400",20.0000,65,0,52,13,0.0000,0,0,0,0,0.0000,0,0,0,0,0.0000,0,0,0,0,0.0000,0,0,0,0,"2021-06-15 21:00:00"
"RocketReports","MINT0401",20.0000,129,0,51,78,0.0000,0,0,0,0,0.0000,0,0,0,0,0.0000,0,0,0,0,0.0000,0,0,0,0,"2021-06-15 21:00:00"
"RocketReports","MINT0402",20.0000,170,0,116,54,0.0000,0,0,0,0,0.0000,0,0,0,0,0.0000,0,0,0,0,0.0000,0,0,0,0,"2021-06-15 21:00:00"
"RocketReports","MINT0403",20.0000,151,0,97,54,0.0000,0,0,0,0,0.0000,0,0,0,0,0.0000,0,0,0,0,0.0000,0,0,0,0,"2021-06-15 21:00:00"
"RocketReports","MINT0404",20.0000,67,0,7,60,0.0000,0,0,0,0,0.0000,0,0,0,0,0.0000,0,0,0,0,0.0000,0,0,0,0,"2021-06-15 21:00:00"
"RocketReports","MINT0405",20.0000,89,0,16,73,0.0000,0,0,0,0,0.0000,0,0,0,0,0.0000,0,0,0,0,0.0000,0,0,0,0,"2021-06-15 21:00:00"
"RocketReports","MINT0406",20.0000,31,0,2,29,0.0000,0,0,0,0,0.0000,0,0,0,0,0.0000,0,0,0,0,0.0000,0,0,0,0,"2021-06-15 21:00:00"
"RocketReports","MINT0407",20.0000,29,0,0,29,0.0000,0,0,0,0,0.0000,0,0,0,0,0.0000,0,0,0,0,0.0000,0,0,0,0,"2021-06-15 21:00:00"
"RocketReports","MINT0408",20.0000,25,0,1,24,0.0000,0,0,0,0,0.0000,0,0,0,0,0.0000,0,0,0,0,0.0000,0,0,0,0,"2021-06-15 21:00:00"
"RocketReports","MINT0409",20.0000,192,0,107,85,0.0000,0,0,0,0,0.0000,0,0,0,0,0.0000,0,0,0,0,0.0000,0,0,0,0,"2021-06-15 21:00:00"
"RocketReports","MINT0410",20.0000,102,0,87,15,0.0000,0,0,0,0,0.0000,0,0,0,0,0.0000,0,0,0,0,0.0000,0,0,0,0,"2021-06-15 21:00:00"
"RocketReports","MINT0411",20.0000,671,0,557,114,0.0000,0,0,0,0,0.0000,0,0,0,0,0.0000,0,0,0,0,0.0000,0,0,0,0,"2021-06-15 21:00:00"
"RocketReports","MINT0412",20.0000,70,0,0,70,0.0000,0,0,0,0,0.0000,0,0,0,0,0.0000,0,0,0,0,0.0000,0,0,0,0,"2021-06-15 21:00:00"
"RocketReports","MINT0413",20.0000,85,0,32,53,0.0000,0,0,0,0,0.0000,0,0,0,0,0.0000,0,0,0,0,0.0000,0,0,0,0,"2021-06-15 21:00:00"
"RocketReports","MINT0414",20.0000,101,0,17,84,0.0000,0,0,0,0,0.0000,0,0,0,0,0.0000,0,0,0,0,0.0000,0,0,0,0,"2021-06-15 21:00:00"
"RocketReports","MINT0415",20.0000,61,0,6,55,0.0000,0,0,0,0,0.0000,0,0,0,0,0.0000,0,0,0,0,0.0000,0,0,0,0,"2021-06-15 21:00:00"
"RocketReports","MINT0416",20.0000,63,0,35,28,0.0000,0,0,0,0,0.0000,0,0,0,0,0.0000,0,0,0,0,0.0000,0,0,0,0,"2021-06-15 21:00:00"
"RocketReports","MINT0417",20.0000,97,0,4,93,0.0000,0,0,0,0,0.0000,0,0,0,0,0.0000,0,0,0,0,0.0000,0,0,0,0,"2021-06-15 21:00:00"
"RocketReports","MINT0418",20.0000,53,0,0,53,0.0000,0,0,0,0,0.0000,0,0,0,0,0.0000,0,0,0,0,0.0000,0,0,0,0,"2021-06-15 21:00:00"
"RocketReports","MINT0494",20.0000,2637,0,2495,142,0.0000,0,0,0,0,0.0000,0,0,0,0,0.0000,0,0,0,0,0.0000,0,0,0,0,"2021-06-15 21:00:00"
"RocketReports","MINT0495",20.0000,184,0,143,41,0.0000,0,0,0,0,0.0000,0,0,0,0,0.0000,0,0,0,0,0.0000,0,0,0,0,"2021-06-15 21:00:00"
"RocketReports","MINT0496",20.0000,989,0,884,105,0.0000,0,0,0,0,0.0000,0,0,0,0,0.0000,0,0,0,0,0.0000,0,0,0,0,"2021-06-15 21:00:00"
"RocketReports","MINT0497",20.0000,4591,0,4433,158,0.0000,0,0,0,0,0.0000,0,0,0,0,0.0000,0,0,0,0,0.0000,0,0,0,0,"2021-06-15 21:00:00"
"RocketReports","MINT0498",20.0000,1429,0,1377,52,0.0000,0,0,0,0,0.0000,0,0,0,0,0.0000,0,0,0,0,0.0000,0,0,0,0,"2021-06-15 21:00:00"
"RocketReports","MINT0499",20.0000,841,0,841,0,0.0000,0,0,0,0,0.0000,0,0,0,0,0.0000,0,0,0,0,0.0000,0,0,0,0,"2021-06-15 21:00:00"
"RocketReports","MINT0501",20.0000,3222,0,3177,45,0.0000,0,0,0,0,0.0000,0,0,0,0,0.0000,0,0,0,0,0.0000,0,0,0,0,"2021-06-15 21:00:00"
"RocketReports","MINT0503",20.0000,4264,0,3544,720,0.0000,0,0,0,0,0.0000,0,0,0,0,0.0000,0,0,0,0,0.0000,0,0,0,0,"2021-06-15 21:00:00"
"RocketReports","MINT0504",20.0000,207,0,170,37,0.0000,0,0,0,0,0.0000,0,0,0,0,0.0000,0,0,0,0,0.0000,0,0,0,0,"2021-06-15 21:00:00"
"RocketReports","MINT0508",20.0000,3117,0,2944,173,0.0000,0,0,0,0,0.0000,0,0,0,0,0.0000,0,0,0,0,0.0000,0,0,0,0,"2021-06-15 21:00:00"
"RocketReports","MINT0509",20.0000,697,0,679,18,0.0000,0,0,0,0,0.0000,0,0,0,0,0.0000,0,0,0,0,0.0000,0,0,0,0,"2021-06-15 21:00:00"
"RocketReports","MINT0509",0.0000,0,0,0,0,10.0000,0,0,0,0,0.0000,0,0,0,0,0.0000,0,0,0,0,0.0000,0,0,0,0,"2021-06-15 21:00:00"
"RocketReports","MINT0519",20.0000,81,0,1,80,0.0000,0,0,0,0,0.0000,0,0,0,0,0.0000,0,0,0,0,0.0000,0,0,0,0,"2021-06-15 21:00:00"
"RocketReports","MINT0520",20.0000,600,0,9,591,0.0000,0,0,0,0,0.0000,0,0,0,0,0.0000,0,0,0,0,0.0000,0,0,0,0,"2021-06-15 21:00:00"
"RocketReports","MINT0522",20.0000,100,0,76,24,0.0000,0,0,0,0,0.0000,0,0,0,0,0.0000,0,0,0,0,0.0000,0,0,0,0,"2021-06-15 21:00:00"
"RocketReports","MINT0527",20.0000,67,0,2,65,0.0000,0,0,0,0,0.0000,0,0,0,0,0.0000,0,0,0,0,0.0000,0,0,0,0,"2021-06-15 21:00:00"
"RocketReports","MINT0529",20.0000,190,0,103,87,0.0000,0,0,0,0,0.0000,0,0,0,0,0.0000,0,0,0,0,0.0000,0,0,0,0,"2021-06-15 21:00:00"
"RocketReports","MINT0531",20.0000,1501,0,1488,13,0.0000,0,0,0,0,0.0000,0,0,0,0,0.0000,0,0,0,0,0.0000,0,0,0,0,"2021-06-15 21:00:00"
"RocketReports","MINT0532",20.0000,3705,0,3580,125,0.0000,0,0,0,0,0.0000,0,0,0,0,0.0000,0,0,0,0,0.0000,0,0,0,0,"2021-06-15 21:00:00"
"RocketReports","MINT0533",10.0000,0,0,0,0,0.0000,0,0,0,0,0.0000,0,0,0,0,0.0000,0,0,0,0,0.0000,0,0,0,0,"2021-06-15 21:00:00"
"RocketReports","MINT0533",0.0000,0,0,0,0,20.0000,1716,0,1621,95,0.0000,0,0,0,0,0.0000,0,0,0,0,0.0000,0,0,0,0,"2021-06-15 21:00:00"
"RocketReports","MINT0534",20.0000,287,0,127,160,0.0000,0,0,0,0,0.0000,0,0,0,0,0.0000,0,0,0,0,0.0000,0,0,0,0,"2021-06-15 21:00:00"
"RocketReports","MINT0535",20.0000,79,0,9,70,0.0000,0,0,0,0,0.0000,0,0,0,0,0.0000,0,0,0,0,0.0000,0,0,0,0,"2021-06-15 21:00:00"
"RocketReports","MINT0536",20.0000,300,0,211,89,0.0000,0,0,0,0,0.0000,0,0,0,0,0.0000,0,0,0,0,0.0000,0,0,0,0,"2021-06-15 21:00:00"
"RocketReports","MINT0537",20.0000,148,0,48,100,0.0000,0,0,0,0,0.0000,0,0,0,0,0.0000,0,0,0,0,0.0000,0,0,0,0,"2021-06-15 21:00:00"
"RocketReports","MINT0538",20.0000,631,0,598,33,0.0000,0,0,0,0,0.0000,0,0,0,0,0.0000,0,0,0,0,0.0000,0,0,0,0,"2021-06-15 21:00:00"
"RocketReports","MINT0539",20.0000,1357,0,1207,150,0.0000,0,0,0,0,0.0000,0,0,0,0,0.0000,0,0,0,0,0.0000,0,0,0,0,"2021-06-15 21:00:00"
"RocketReports","MINT0540",20.0000,55,0,1,54,0.0000,0,0,0,0,0.0000,0,0,0,0,0.0000,0,0,0,0,0.0000,0,0,0,0,"2021-06-15 21:00:00"
"RocketReports","MINT0542",20.0000,118,0,4,114,0.0000,0,0,0,0,0.0000,0,0,0,0,0.0000,0,0,0,0,0.0000,0,0,0,0,"2021-06-15 21:00:00"
"RocketReports","MINT0543",20.0000,203,0,91,112,0.0000,0,0,0,0,0.0000,0,0,0,0,0.0000,0,0,0,0,0.0000,0,0,0,0,"2021-06-15 21:00:00"
"RocketReports","MINT0544",20.0000,10,0,0,10,0.0000,0,0,0,0,0.0000,0,0,0,0,0.0000,0,0,0,0,0.0000,0,0,0,0,"2021-06-15 21:00:00"
"RocketReports","MINT0545",20.0000,216,0,179,37,0.0000,0,0,0,0,0.0000,0,0,0,0,0.0000,0,0,0,0,0.0000,0,0,0,0,"2021-06-15 21:00:00"
"RocketReports","MINT0546",20.0000,79,0,6,73,0.0000,0,0,0,0,0.0000,0,0,0,0,0.0000,0,0,0,0,0.0000,0,0,0,0,"2021-06-15 21:00:00"
"RocketReports","MINT0547",20.0000,183,0,163,20,0.0000,0,0,0,0,0.0000,0,0,0,0,0.0000,0,0,0,0,0.0000,0,0,0,0,"2021-06-15 21:00:00"
"RocketReports","MINT0548",20.0000,1100,0,989,111,0.0000,0,0,0,0,0.0000,0,0,0,0,0.0000,0,0,0,0,0.0000,0,0,0,0,"2021-06-15 21:00:00"
"RocketReports","MINT0549",20.0000,1498,0,1490,8,0.0000,0,0,0,0,0.0000,0,0,0,0,0.0000,0,0,0,0,0.0000,0,0,0,0,"2021-06-15 21:00:00"
"RocketReports","MINT0550",20.0000,0,0,3,-3,0.0000,0,0,0,0,0.0000,0,0,0,0,0.0000,0,0,0,0,0.0000,0,0,0,0,"2021-06-15 21:00:00"
"RocketReports","MINT0551",20.0000,210,0,180,30,0.0000,0,0,0,0,0.0000,0,0,0,0,0.0000,0,0,0,0,0.0000,0,0,0,0,"2021-06-15 21:00:00"
"RocketReports","MINT0552",20.0000,148,0,0,148,0.0000,0,0,0,0,0.0000,0,0,0,0,0.0000,0,0,0,0,0.0000,0,0,0,0,"2021-06-15 21:00:00"
"RocketReports","MINT0553",20.0000,1098,0,999,99,0.0000,0,0,0,0,0.0000,0,0,0,0,0.0000,0,0,0,0,0.0000,0,0,0,0,"2021-06-15 21:00:00"
"RocketReports","MINT0554",20.0000,700,0,582,118,0.0000,0,0,0,0,0.0000,0,0,0,0,0.0000,0,0,0,0,0.0000,0,0,0,0,"2021-06-15 21:00:00"
"RocketReports","MINT0555",20.0000,170,0,33,137,0.0000,0,0,0,0,0.0000,0,0,0,0,0.0000,0,0,0,0,0.0000,0,0,0,0,"2021-06-15 21:00:00"
"RocketReports","MINT0556",20.0000,2388,0,2382,6,0.0000,0,0,0,0,0.0000,0,0,0,0,0.0000,0,0,0,0,0.0000,0,0,0,0,"2021-06-15 21:00:00"
"RocketReports","MINT0557",20.0000,50,0,17,33,0.0000,0,0,0,0,0.0000,0,0,0,0,0.0000,0,0,0,0,0.0000,0,0,0,0,"2021-06-15 21:00:00"
"RocketReports","MINT0558",20.0000,452,0,451,1,0.0000,0,0,0,0,0.0000,0,0,0,0,0.0000,0,0,0,0,0.0000,0,0,0,0,"2021-06-15 21:00:00"
"RocketReports","MINT0559",20.0000,56,0,3,53,0.0000,0,0,0,0,0.0000,0,0,0,0,0.0000,0,0,0,0,0.0000,0,0,0,0,"2021-06-15 21:00:00"
"RocketReports","MINT0560",20.0000,640,0,630,10,0.0000,0,0,0,0,0.0000,0,0,0,0,0.0000,0,0,0,0,0.0000,0,0,0,0,"2021-06-15 21:00:00"
"RocketReports","MINT0561",20.0000,57,0,15,42,0.0000,0,0,0,0,0.0000,0,0,0,0,0.0000,0,0,0,0,0.0000,0,0,0,0,"2021-06-15 21:00:00"
"RocketReports","MINT0562",20.0000,4700,0,4551,149,0.0000,0,0,0,0,0.0000,0,0,0,0,0.0000,0,0,0,0,0.0000,0,0,0,0,"2021-06-15 21:00:00"
"RocketReports","MINT0563",20.0000,485,0,448,37,0.0000,0,0,0,0,0.0000,0,0,0,0,0.0000,0,0,0,0,0.0000,0,0,0,0,"2021-06-15 21:00:00"
"RocketReports","MINT0564",20.0000,2837,0,2752,85,0.0000,0,0,0,0,0.0000,0,0,0,0,0.0000,0,0,0,0,0.0000,0,0,0,0,"2021-06-15 21:00:00"
"RocketReports","MINT0565",20.0000,243,0,144,99,0.0000,0,0,0,0,0.0000,0,0,0,0,0.0000,0,0,0,0,0.0000,0,0,0,0,"2021-06-15 21:00:00"
"RocketReports","MINT0566",20.0000,410,0,381,29,0.0000,0,0,0,0,0.0000,0,0,0,0,0.0000,0,0,0,0,0.0000,0,0,0,0,"2021-06-15 21:00:00"
"RocketReports","MINT0567",20.0000,1093,0,866,227,0.0000,0,0,0,0,0.0000,0,0,0,0,0.0000,0,0,0,0,0.0000,0,0,0,0,"2021-06-15 21:00:00"
"RocketReports","MINT0568",20.0000,250,0,221,29,0.0000,0,0,0,0,0.0000,0,0,0,0,0.0000,0,0,0,0,0.0000,0,0,0,0,"2021-06-15 21:00:00"
"RocketReports","MINT0569",20.0000,8197,0,8189,8,0.0000,0,0,0,0,0.0000,0,0,0,0,0.0000,0,0,0,0,0.0000,0,0,0,0,"2021-06-15 21:00:00"
"RocketReports","MINT0570",20.0000,4996,0,4971,25,0.0000,0,0,0,0,0.0000,0,0,0,0,0.0000,0,0,0,0,0.0000,0,0,0,0,"2021-06-15 21:00:00"
"RocketReports","MINT0571",20.0000,2018,0,1942,76,0.0000,0,0,0,0,0.0000,0,0,0,0,0.0000,0,0,0,0,0.0000,0,0,0,0,"2021-06-15 21:00:00"
"RocketReports","MINT0572",20.0000,4245,0,4245,0,0.0000,0,0,0,0,0.0000,0,0,0,0,0.0000,0,0,0,0,0.0000,0,0,0,0,"2021-06-15 21:00:00"
"RocketReports","MINT0573",20.0000,1200,0,990,210,0.0000,0,0,0,0,0.0000,0,0,0,0,0.0000,0,0,0,0,0.0000,0,0,0,0,"2021-06-15 21:00:00"
"RocketReports","MINT0574",20.0000,4916,0,4800,116,0.0000,0,0,0,0,0.0000,0,0,0,0,0.0000,0,0,0,0,0.0000,0,0,0,0,"2021-06-15 21:00:00"
"RocketReports","MINT0575",20.0000,25,0,0,25,0.0000,0,0,0,0,0.0000,0,0,0,0,0.0000,0,0,0,0,0.0000,0,0,0,0,"2021-06-15 21:00:00"
"RocketReports","MINT0576",20.0000,267,0,247,20,0.0000,0,0,0,0,0.0000,0,0,0,0,0.0000,0,0,0,0,0.0000,0,0,0,0,"2021-06-15 21:00:00"
"RocketReports","MINT0577",20.0000,515,0,458,57,0.0000,0,0,0,0,0.0000,0,0,0,0,0.0000,0,0,0,0,0.0000,0,0,0,0,"2021-06-15 21:00:00"
"RocketReports","MINT0578",20.0000,73,0,0,73,0.0000,0,0,0,0,0.0000,0,0,0,0,0.0000,0,0,0,0,0.0000,0,0,0,0,"2021-06-15 21:00:00"
"RocketReports","MINT0579",20.0000,20,0,20,0,0.0000,0,0,0,0,0.0000,0,0,0,0,0.0000,0,0,0,0,0.0000,0,0,0,0,"2021-06-15 21:00:00"
"RocketReports","MINT0580",20.0000,200,0,5,195,0.0000,0,0,0,0,0.0000,0,0,0,0,0.0000,0,0,0,0,0.0000,0,0,0,0,"2021-06-15 21:00:00"
"RocketReports","MINT0581",20.0000,152,0,47,105,0.0000,0,0,0,0,0.0000,0,0,0,0,0.0000,0,0,0,0,0.0000,0,0,0,0,"2021-06-15 21:00:00"
"RocketReports","MINT0582",20.0000,151,0,95,56,0.0000,0,0,0,0,0.0000,0,0,0,0,0.0000,0,0,0,0,0.0000,0,0,0,0,"2021-06-15 21:00:00"
"RocketReports","MINT0583",20.0000,43,0,8,35,0.0000,0,0,0,0,0.0000,0,0,0,0,0.0000,0,0,0,0,0.0000,0,0,0,0,"2021-06-15 21:00:00"
"RocketReports","MINT0584",20.0000,111,0,0,111,0.0000,0,0,0,0,0.0000,0,0,0,0,0.0000,0,0,0,0,0.0000,0,0,0,0,"2021-06-15 21:00:00"
"RocketReports","MINT0585",20.0000,5275,0,5137,138,0.0000,0,0,0,0,0.0000,0,0,0,0,0.0000,0,0,0,0,0.0000,0,0,0,0,"2021-06-15 21:00:00"
"RocketReports","MINT0586",20.0000,1046,0,1006,40,0.0000,0,0,0,0,0.0000,0,0,0,0,0.0000,0,0,0,0,0.0000,0,0,0,0,"2021-06-15 21:00:00"
"RocketReports","MINT0587",20.0000,25,0,0,25,0.0000,0,0,0,0,0.0000,0,0,0,0,0.0000,0,0,0,0,0.0000,0,0,0,0,"2021-06-15 21:00:00"
"RocketReports","MINT0588",20.0000,104,0,70,34,0.0000,0,0,0,0,0.0000,0,0,0,0,0.0000,0,0,0,0,0.0000,0,0,0,0,"2021-06-15 21:00:00"
"RocketReports","MINT0589",20.0000,95,0,73,22,0.0000,0,0,0,0,0.0000,0,0,0,0,0.0000,0,0,0,0,0.0000,0,0,0,0,"2021-06-15 21:00:00"
"RocketReports","MINT0590",20.0000,705,0,643,62,0.0000,0,0,0,0,0.0000,0,0,0,0,0.0000,0,0,0,0,0.0000,0,0,0,0,"2021-06-15 21:00:00"
"RocketReports","MINT0591",20.0000,250,0,179,71,0.0000,0,0,0,0,0.0000,0,0,0,0,0.0000,0,0,0,0,0.0000,0,0,0,0,"2021-06-15 21:00:00"
"RocketReports","MINT0592",20.0000,66,0,4,62,0.0000,0,0,0,0,0.0000,0,0,0,0,0.0000,0,0,0,0,0.0000,0,0,0,0,"2021-06-15 21:00:00"
"RocketReports","MINT0593",20.0000,80,0,15,65,0.0000,0,0,0,0,0.0000,0,0,0,0,0.0000,0,0,0,0,0.0000,0,0,0,0,"2021-06-15 21:00:00"
"RocketReports","MINT0594",20.0000,45,0,29,16,0.0000,0,0,0,0,0.0000,0,0,0,0,0.0000,0,0,0,0,0.0000,0,0,0,0,"2021-06-15 21:00:00"
"RocketReports","MINT0595",20.0000,48,0,37,11,0.0000,0,0,0,0,0.0000,0,0,0,0,0.0000,0,0,0,0,0.0000,0,0,0,0,"2021-06-15 21:00:00"
"RocketReports","MINT0596",20.0000,1601,0,1544,57,0.0000,0,0,0,0,0.0000,0,0,0,0,0.0000,0,0,0,0,0.0000,0,0,0,0,"2021-06-15 21:00:00"
"RocketReports","MINT0597",20.0000,54,0,6,48,0.0000,0,0,0,0,0.0000,0,0,0,0,0.0000,0,0,0,0,0.0000,0,0,0,0,"2021-06-15 21:00:00"
"RocketReports","MINT0598",20.0000,71,0,0,71,0.0000,0,0,0,0,0.0000,0,0,0,0,0.0000,0,0,0,0,0.0000,0,0,0,0,"2021-06-15 21:00:00"
"RocketReports","MINT0599",20.0000,937,0,399,538,0.0000,0,0,0,0,0.0000,0,0,0,0,0.0000,0,0,0,0,0.0000,0,0,0,0,"2021-06-15 21:00:00"
"RocketReports","MINT0600",20.0000,45,0,30,15,0.0000,0,0,0,0,0.0000,0,0,0,0,0.0000,0,0,0,0,0.0000,0,0,0,0,"2021-06-15 21:00:00"
"RocketReports","MINT0601",20.0000,578,0,533,45,0.0000,0,0,0,0,0.0000,0,0,0,0,0.0000,0,0,0,0,0.0000,0,0,0,0,"2021-06-15 21:00:00"
"RocketReports","MINT0602",20.0000,50,0,45,5,0.0000,0,0,0,0,0.0000,0,0,0,0,0.0000,0,0,0,0,0.0000,0,0,0,0,"2021-06-15 21:00:00"
"RocketReports","MINT0603",20.0000,906,0,709,197,0.0000,0,0,0,0,0.0000,0,0,0,0,0.0000,0,0,0,0,0.0000,0,0,0,0,"2021-06-15 21:00:00"
"RocketReports","MINT0604",20.0000,50,0,9,41,0.0000,0,0,0,0,0.0000,0,0,0,0,0.0000,0,0,0,0,0.0000,0,0,0,0,"2021-06-15 21:00:00"
"RocketReports","MINT0606",20.0000,223,0,171,52,0.0000,0,0,0,0,0.0000,0,0,0,0,0.0000,0,0,0,0,0.0000,0,0,0,0,"2021-06-15 21:00:00"
"RocketReports","MINT0608",20.0000,548,0,497,51,0.0000,0,0,0,0,0.0000,0,0,0,0,0.0000,0,0,0,0,0.0000,0,0,0,0,"2021-06-15 21:00:00"
"RocketReports","MINT0609",20.0000,250,0,0,250,0.0000,0,0,0,0,0.0000,0,0,0,0,0.0000,0,0,0,0,0.0000,0,0,0,0,"2021-06-15 21:00:00"
"RocketReports","MINT0610",20.0000,250,0,20,230,0.0000,0,0,0,0,0.0000,0,0,0,0,0.0000,0,0,0,0,0.0000,0,0,0,0,"2021-06-15 21:00:00"
"RocketReports","MINT0611",20.0000,1412,0,1387,25,0.0000,0,0,0,0,0.0000,0,0,0,0,0.0000,0,0,0,0,0.0000,0,0,0,0,"2021-06-15 21:00:00"
"RocketReports","MINT0705",20.0000,200,0,160,40,0.0000,0,0,0,0,0.0000,0,0,0,0,0.0000,0,0,0,0,0.0000,0,0,0,0,"2021-06-15 21:00:00"
"RocketReports","MINT0707",20.0000,192,0,189,3,0.0000,0,0,0,0,0.0000,0,0,0,0,0.0000,0,0,0,0,0.0000,0,0,0,0,"2021-06-15 21:00:00"
"RocketReports","MINT0708",20.0000,24,0,10,14,0.0000,0,0,0,0,0.0000,0,0,0,0,0.0000,0,0,0,0,0.0000,0,0,0,0,"2021-06-15 21:00:00"
"RocketReports","MINT0709",20.0000,927,0,925,2,0.0000,0,0,0,0,0.0000,0,0,0,0,0.0000,0,0,0,0,0.0000,0,0,0,0,"2021-06-15 21:00:00"
"RocketReports","MINT0711",10.0000,507,0,410,97,0.0000,0,0,0,0,0.0000,0,0,0,0,0.0000,0,0,0,0,0.0000,0,0,0,0,"2021-06-15 21:00:00"
"RocketReports","MINT0712",10.0000,2099,0,2000,99,0.0000,0,0,0,0,0.0000,0,0,0,0,0.0000,0,0,0,0,0.0000,0,0,0,0,"2021-06-15 21:00:00"
"RocketReports","MINT0728",20.0000,97,0,86,11,0.0000,0,0,0,0,0.0000,0,0,0,0,0.0000,0,0,0,0,0.0000,0,0,0,0,"2021-06-15 21:00:00"
"RocketReports","MINT0729",10.0000,40,0,4,36,0.0000,0,0,0,0,0.0000,0,0,0,0,0.0000,0,0,0,0,0.0000,0,0,0,0,"2021-06-15 21:00:00"
"RocketReports","MINT0820",20.0000,100,0,100,0,0.0000,0,0,0,0,0.0000,0,0,0,0,0.0000,0,0,0,0,0.0000,0,0,0,0,"2021-06-15 21:00:00"
"RocketReports","MINT0900",20.0000,85,0,4,81,0.0000,0,0,0,0,0.0000,0,0,0,0,0.0000,0,0,0,0,0.0000,0,0,0,0,"2021-06-15 21:00:00"
"RocketReports","MINT0901",20.0000,76,0,71,5,0.0000,0,0,0,0,0.0000,0,0,0,0,0.0000,0,0,0,0,0.0000,0,0,0,0,"2021-06-15 21:00:00"
"RocketReports","MINT0902",20.0000,81,0,19,62,0.0000,0,0,0,0,0.0000,0,0,0,0,0.0000,0,0,0,0,0.0000,0,0,0,0,"2021-06-15 21:00:00"
"RocketReports","MINT0903",20.0000,101,0,38,63,0.0000,0,0,0,0,0.0000,0,0,0,0,0.0000,0,0,0,0,0.0000,0,0,0,0,"2021-06-15 21:00:00"
"RocketReports","MINT0904",20.0000,1,0,0,1,0.0000,0,0,0,0,0.0000,0,0,0,0,0.0000,0,0,0,0,0.0000,0,0,0,0,"2021-06-15 21:00:00"
"RocketReports","MINT0905",20.0000,65,0,10,55,0.0000,0,0,0,0,0.0000,0,0,0,0,0.0000,0,0,0,0,0.0000,0,0,0,0,"2021-06-15 21:00:00"
"RocketReports","MINT0906",20.0000,15,0,0,15,0.0000,0,0,0,0,0.0000,0,0,0,0,0.0000,0,0,0,0,0.0000,0,0,0,0,"2021-06-15 21:00:00"
"RocketReports","MINT0907",20.0000,148,0,62,86,0.0000,0,0,0,0,0.0000,0,0,0,0,0.0000,0,0,0,0,0.0000,0,0,0,0,"2021-06-15 21:00:00"
"RocketReports","MINT0908",20.0000,137,0,33,104,0.0000,0,0,0,0,0.0000,0,0,0,0,0.0000,0,0,0,0,0.0000,0,0,0,0,"2021-06-15 21:00:00"
"RocketReports","MINT0909",20.0000,143,0,2,141,0.0000,0,0,0,0,0.0000,0,0,0,0,0.0000,0,0,0,0,0.0000,0,0,0,0,"2021-06-15 21:00:00"
"RocketReports","MINT0910",20.0000,82,0,45,37,0.0000,0,0,0,0,0.0000,0,0,0,0,0.0000,0,0,0,0,0.0000,0,0,0,0,"2021-06-15 21:00:00"
"RocketReports","MINT0912",20.0000,266,0,107,159,0.0000,0,0,0,0,0.0000,0,0,0,0,0.0000,0,0,0,0,0.0000,0,0,0,0,"2021-06-15 21:00:00"
"RocketReports","MINT0913",20.0000,147,0,35,112,0.0000,0,0,0,0,0.0000,0,0,0,0,0.0000,0,0,0,0,0.0000,0,0,0,0,"2021-06-15 21:00:00"
"RocketReports","MINT0914",20.0000,74,0,16,58,0.0000,0,0,0,0,0.0000,0,0,0,0,0.0000,0,0,0,0,0.0000,0,0,0,0,"2021-06-15 21:00:00"
"RocketReports","MINT0915",20.0000,118,0,0,118,0.0000,0,0,0,0,0.0000,0,0,0,0,0.0000,0,0,0,0,0.0000,0,0,0,0,"2021-06-15 21:00:00"
"RocketReports","MINT0916",20.0000,239,0,70,169,0.0000,0,0,0,0,0.0000,0,0,0,0,0.0000,0,0,0,0,0.0000,0,0,0,0,"2021-06-15 21:00:00"
"RocketReports","MINT0917",20.0000,75,0,36,39,0.0000,0,0,0,0,0.0000,0,0,0,0,0.0000,0,0,0,0,0.0000,0,0,0,0,"2021-06-15 21:00:00"
"RocketReports","MINT0918",20.0000,100,0,30,70,0.0000,0,0,0,0,0.0000,0,0,0,0,0.0000,0,0,0,0,0.0000,0,0,0,0,"2021-06-15 21:00:00"
"RocketReports","MINT0919",20.0000,272,0,166,106,0.0000,0,0,0,0,0.0000,0,0,0,0,0.0000,0,0,0,0,0.0000,0,0,0,0,"2021-06-15 21:00:00"
"RocketReports","MINT0920",20.0000,185,0,102,83,0.0000,0,0,0,0,0.0000,0,0,0,0,0.0000,0,0,0,0,0.0000,0,0,0,0,"2021-06-15 21:00:00"
"RocketReports","MINT0921",20.0000,137,0,6,131,0.0000,0,0,0,0,0.0000,0,0,0,0,0.0000,0,0,0,0,0.0000,0,0,0,0,"2021-06-15 21:00:00"
"RocketReports","MINT0922",20.0000,5570,0,5518,52,0.0000,0,0,0,0,0.0000,0,0,0,0,0.0000,0,0,0,0,0.0000,0,0,0,0,"2021-06-15 21:00:00"
"RocketReports","MINT0923",20.0000,130,0,4,126,0.0000,0,0,0,0,0.0000,0,0,0,0,0.0000,0,0,0,0,0.0000,0,0,0,0,"2021-06-15 21:00:00"
"RocketReports","MINT0924",20.0000,1,0,0,1,0.0000,0,0,0,0,0.0000,0,0,0,0,0.0000,0,0,0,0,0.0000,0,0,0,0,"2021-06-15 21:00:00"
"RocketReports","MINT0925",20.0000,185,0,120,65,0.0000,0,0,0,0,0.0000,0,0,0,0,0.0000,0,0,0,0,0.0000,0,0,0,0,"2021-06-15 21:00:00"
"RocketReports","MINT0926",20.0000,143,0,143,0,0.0000,0,0,0,0,0.0000,0,0,0,0,0.0000,0,0,0,0,0.0000,0,0,0,0,"2021-06-15 21:00:00"
"RocketReports","MINT1000",20.0000,300,0,0,300,0.0000,0,0,0,0,0.0000,0,0,0,0,0.0000,0,0,0,0,0.0000,0,0,0,0,"2021-06-15 21:00:00"
"RocketReports","MINT1001",20.0000,398,0,143,255,0.0000,0,0,0,0,0.0000,0,0,0,0,0.0000,0,0,0,0,0.0000,0,0,0,0,"2021-06-15 21:00:00"
"RocketReports","MINT1002",20.0000,262,0,10,252,0.0000,0,0,0,0,0.0000,0,0,0,0,0.0000,0,0,0,0,0.0000,0,0,0,0,"2021-06-15 21:00:00"
"RocketReports","MINT1003",20.0000,399,0,204,195,0.0000,0,0,0,0,0.0000,0,0,0,0,0.0000,0,0,0,0,0.0000,0,0,0,0,"2021-06-15 21:00:00"
"RocketReports","MINT1004",20.0000,499,0,306,193,0.0000,0,0,0,0,0.0000,0,0,0,0,0.0000,0,0,0,0,0.0000,0,0,0,0,"2021-06-15 21:00:00"
"RocketReports","MINT1006",20.0000,350,0,15,335,0.0000,0,0,0,0,0.0000,0,0,0,0,0.0000,0,0,0,0,0.0000,0,0,0,0,"2021-06-15 21:00:00"
"RocketReports","MINT1007",20.0000,1767,0,1540,227,0.0000,0,0,0,0,0.0000,0,0,0,0,0.0000,0,0,0,0,0.0000,0,0,0,0,"2021-06-15 21:00:00"
"RocketReports","MINT1009",20.0000,2,0,0,2,0.0000,0,0,0,0,0.0000,0,0,0,0,0.0000,0,0,0,0,0.0000,0,0,0,0,"2021-06-15 21:00:00"
"RocketReports","MINT1010",20.0000,0,0,0,0,0.0000,0,0,0,0,0.0000,0,0,0,0,0.0000,0,0,0,0,0.0000,0,0,0,0,"2021-06-15 21:00:00"
"RocketReports","MINT1011",20.0000,150,0,0,150,0.0000,0,0,0,0,0.0000,0,0,0,0,0.0000,0,0,0,0,0.0000,0,0,0,0,"2021-06-15 21:00:00"
"RocketReports","MINT1012",20.0000,6120,0,5877,243,0.0000,0,0,0,0,0.0000,0,0,0,0,0.0000,0,0,0,0,0.0000,0,0,0,0,"2021-06-15 21:00:00"
"RocketReports","MINT1014",20.0000,2898,0,2873,25,0.0000,0,0,0,0,0.0000,0,0,0,0,0.0000,0,0,0,0,0.0000,0,0,0,0,"2021-06-15 21:00:00"
"RocketReports","MINT1015",20.0000,200,0,35,165,0.0000,0,0,0,0,0.0000,0,0,0,0,0.0000,0,0,0,0,0.0000,0,0,0,0,"2021-06-15 21:00:00"
"RocketReports","MINT1016",20.0000,375,0,358,17,0.0000,0,0,0,0,0.0000,0,0,0,0,0.0000,0,0,0,0,0.0000,0,0,0,0,"2021-06-15 21:00:00"
"RocketReports","MINT1017",20.0000,149,0,9,140,0.0000,0,0,0,0,0.0000,0,0,0,0,0.0000,0,0,0,0,0.0000,0,0,0,0,"2021-06-15 21:00:00"
"RocketReports","MINT1018",20.0000,100,0,0,100,0.0000,0,0,0,0,0.0000,0,0,0,0,0.0000,0,0,0,0,0.0000,0,0,0,0,"2021-06-15 21:00:00"
"RocketReports","MINT1019",20.0000,70,0,0,70,0.0000,0,0,0,0,0.0000,0,0,0,0,0.0000,0,0,0,0,0.0000,0,0,0,0,"2021-06-15 21:00:00"
"RocketReports","MINT1041",20.0000,250,0,69,181,0.0000,0,0,0,0,0.0000,0,0,0,0,0.0000,0,0,0,0,0.0000,0,0,0,0,"2021-06-15 21:00:00"
"RocketReports","MINT1050",20.0000,3896,0,3876,20,0.0000,0,0,0,0,0.0000,0,0,0,0,0.0000,0,0,0,0,0.0000,0,0,0,0,"2021-06-15 21:00:00"
"RocketReports","MINT1061",20.0000,150,0,0,150,0.0000,0,0,0,0,0.0000,0,0,0,0,0.0000,0,0,0,0,0.0000,0,0,0,0,"2021-06-15 21:00:00"
"RocketReports","MINT1062",20.0000,150,0,25,125,0.0000,0,0,0,0,0.0000,0,0,0,0,0.0000,0,0,0,0,0.0000,0,0,0,0,"2021-06-15 21:00:00"
"RocketReports","MINT1063",20.0000,212,0,69,143,0.0000,0,0,0,0,0.0000,0,0,0,0,0.0000,0,0,0,0,0.0000,0,0,0,0,"2021-06-15 21:00:00"
"RocketReports","MINT1066",20.0000,178,0,96,82,0.0000,0,0,0,0,0.0000,0,0,0,0,0.0000,0,0,0,0,0.0000,0,0,0,0,"2021-06-15 21:00:00"
"RocketReports","MINT1067",20.0000,10,0,0,10,0.0000,0,0,0,0,0.0000,0,0,0,0,0.0000,0,0,0,0,0.0000,0,0,0,0,"2021-06-15 21:00:00"
"RocketReports","MINT1068",20.0000,100,0,0,100,0.0000,0,0,0,0,0.0000,0,0,0,0,0.0000,0,0,0,0,0.0000,0,0,0,0,"2021-06-15 21:00:00"
"RocketReports","MINT1069",20.0000,150,0,25,125,0.0000,0,0,0,0,0.0000,0,0,0,0,0.0000,0,0,0,0,0.0000,0,0,0,0,"2021-06-15 21:00:00"
"RocketReports","MINT1070",20.0000,70,0,53,17,0.0000,0,0,0,0,0.0000,0,0,0,0,0.0000,0,0,0,0,0.0000,0,0,0,0,"2021-06-15 21:00:00"
"RocketReports","MINT1071",20.0000,128,0,37,91,0.0000,0,0,0,0,0.0000,0,0,0,0,0.0000,0,0,0,0,0.0000,0,0,0,0,"2021-06-15 21:00:00"
"RocketReports","MINT1072",20.0000,25,0,5,20,0.0000,0,0,0,0,0.0000,0,0,0,0,0.0000,0,0,0,0,0.0000,0,0,0,0,"2021-06-15 21:00:00"
"RocketReports","MINT1073",20.0000,134,0,54,80,0.0000,0,0,0,0,0.0000,0,0,0,0,0.0000,0,0,0,0,0.0000,0,0,0,0,"2021-06-15 21:00:00"
"RocketReports","MINT1074",20.0000,5844,0,5803,41,0.0000,0,0,0,0,0.0000,0,0,0,0,0.0000,0,0,0,0,0.0000,0,0,0,0,"2021-06-15 21:00:00"
"RocketReports","MINT1075",20.0000,500,0,182,318,0.0000,0,0,0,0,0.0000,0,0,0,0,0.0000,0,0,0,0,0.0000,0,0,0,0,"2021-06-15 21:00:00"
"RocketReports","MINT1076",20.0000,498,0,92,406,0.0000,0,0,0,0,0.0000,0,0,0,0,0.0000,0,0,0,0,0.0000,0,0,0,0,"2021-06-15 21:00:00"
"RocketReports","MINT1077",20.0000,500,0,304,196,0.0000,0,0,0,0,0.0000,0,0,0,0,0.0000,0,0,0,0,0.0000,0,0,0,0,"2021-06-15 21:00:00"
"RocketReports","MINT1078",20.0000,954,0,944,10,0.0000,0,0,0,0,0.0000,0,0,0,0,0.0000,0,0,0,0,0.0000,0,0,0,0,"2021-06-15 21:00:00"
"RocketReports","MINT1079",20.0000,15,0,0,15,0.0000,0,0,0,0,0.0000,0,0,0,0,0.0000,0,0,0,0,0.0000,0,0,0,0,"2021-06-15 21:00:00"
"RocketReports","MINT1080",20.0000,901,0,735,166,0.0000,0,0,0,0,0.0000,0,0,0,0,0.0000,0,0,0,0,0.0000,0,0,0,0,"2021-06-15 21:00:00"
"RocketReports","MINT1081",20.0000,80,0,37,43,0.0000,0,0,0,0,0.0000,0,0,0,0,0.0000,0,0,0,0,0.0000,0,0,0,0,"2021-06-15 21:00:00"
"RocketReports","MINT1082",20.0000,50,0,0,50,0.0000,0,0,0,0,0.0000,0,0,0,0,0.0000,0,0,0,0,0.0000,0,0,0,0,"2021-06-15 21:00:00"
"RocketReports","MINT1083",20.0000,156,0,65,91,0.0000,0,0,0,0,0.0000,0,0,0,0,0.0000,0,0,0,0,0.0000,0,0,0,0,"2021-06-15 21:00:00"
"RocketReports","MINT1084",20.0000,111,0,60,51,0.0000,0,0,0,0,0.0000,0,0,0,0,0.0000,0,0,0,0,0.0000,0,0,0,0,"2021-06-15 21:00:00"
"RocketReports","MINT1085",20.0000,10,0,0,10,0.0000,0,0,0,0,0.0000,0,0,0,0,0.0000,0,0,0,0,0.0000,0,0,0,0,"2021-06-15 21:00:00"
"RocketReports","MINT1086",20.0000,10,0,0,10,0.0000,0,0,0,0,0.0000,0,0,0,0,0.0000,0,0,0,0,0.0000,0,0,0,0,"2021-06-15 21:00:00"
"RocketReports","MINT1087",20.0000,188,0,0,188,0.0000,0,0,0,0,0.0000,0,0,0,0,0.0000,0,0,0,0,0.0000,0,0,0,0,"2021-06-15 21:00:00"
"RocketReports","MINT1090",20.0000,10,0,0,10,0.0000,0,0,0,0,0.0000,0,0,0,0,0.0000,0,0,0,0,0.0000,0,0,0,0,"2021-06-15 21:00:00"
"RocketReports","MINT1091",20.0000,160,0,10,150,0.0000,0,0,0,0,0.0000,0,0,0,0,0.0000,0,0,0,0,0.0000,0,0,0,0,"2021-06-15 21:00:00"
"RocketReports","MINT2000",20.0000,12,0,0,12,0.0000,0,0,0,0,0.0000,0,0,0,0,0.0000,0,0,0,0,0.0000,0,0,0,0,"2021-06-15 21:00:00"
"RocketReports","MINT3000",20.0000,159,0,13,146,0.0000,0,0,0,0,0.0000,0,0,0,0,0.0000,0,0,0,0,0.0000,0,0,0,0,"2021-06-15 21:00:00"
"RocketReports","MINT3001",20.0000,166,0,85,81,0.0000,0,0,0,0,0.0000,0,0,0,0,0.0000,0,0,0,0,0.0000,0,0,0,0,"2021-06-15 21:00:00"
"RocketReports","MINT3002",20.0000,150,0,125,25,0.0000,0,0,0,0,0.0000,0,0,0,0,0.0000,0,0,0,0,0.0000,0,0,0,0,"2021-06-15 21:00:00"
"RocketReports","MINT3003",20.0000,110,0,104,6,0.0000,0,0,0,0,0.0000,0,0,0,0,0.0000,0,0,0,0,0.0000,0,0,0,0,"2021-06-15 21:00:00"
"RocketReports","MINT4000",20.0000,4233,0,3953,280,0.0000,0,0,0,0,0.0000,0,0,0,0,0.0000,0,0,0,0,0.0000,0,0,0,0,"2021-06-15 21:00:00"
"RocketReports","MINT4001",20.0000,746,0,370,376,0.0000,0,0,0,0,0.0000,0,0,0,0,0.0000,0,0,0,0,0.0000,0,0,0,0,"2021-06-15 21:00:00"
"RocketReports","MINT4002",20.0000,100,0,0,100,0.0000,0,0,0,0,0.0000,0,0,0,0,0.0000,0,0,0,0,0.0000,0,0,0,0,"2021-06-15 21:00:00"
"RocketReports","MINT4003",20.0000,534,0,314,220,0.0000,0,0,0,0,0.0000,0,0,0,0,0.0000,0,0,0,0,0.0000,0,0,0,0,"2021-06-15 21:00:00"
"RocketReports","MINT4004",20.0000,239,0,0,239,0.0000,0,0,0,0,0.0000,0,0,0,0,0.0000,0,0,0,0,0.0000,0,0,0,0,"2021-06-15 21:00:00"
"RocketReports","MINT4005",20.0000,1006,0,493,513,0.0000,0,0,0,0,0.0000,0,0,0,0,0.0000,0,0,0,0,0.0000,0,0,0,0,"2021-06-15 21:00:00"
"RocketReports","MINT4006",20.0000,240,0,16,224,0.0000,0,0,0,0,0.0000,0,0,0,0,0.0000,0,0,0,0,0.0000,0,0,0,0,"2021-06-15 21:00:00"
"RocketReports","MINT4007",20.0000,1,0,0,1,0.0000,0,0,0,0,0.0000,0,0,0,0,0.0000,0,0,0,0,0.0000,0,0,0,0,"2021-06-15 21:00:00"
"RocketReports","MINT4008",20.0000,50,0,0,50,0.0000,0,0,0,0,0.0000,0,0,0,0,0.0000,0,0,0,0,0.0000,0,0,0,0,"2021-06-15 21:00:00"
"RocketReports","MINT4009",20.0000,1173,0,110,1063,0.0000,0,0,0,0,0.0000,0,0,0,0,0.0000,0,0,0,0,0.0000,0,0,0,0,"2021-06-15 21:00:00"
"RocketReports","MINT4010",20.0000,1961,0,1105,856,0.0000,0,0,0,0,0.0000,0,0,0,0,0.0000,0,0,0,0,0.0000,0,0,0,0,"2021-06-15 21:00:00"
"RocketReports","MINT4011",20.0000,325,0,1,324,0.0000,0,0,0,0,0.0000,0,0,0,0,0.0000,0,0,0,0,0.0000,0,0,0,0,"2021-06-15 21:00:00"
"RocketReports","MINT4012",20.0000,1246,0,1245,1,0.0000,0,0,0,0,0.0000,0,0,0,0,0.0000,0,0,0,0,0.0000,0,0,0,0,"2021-06-15 21:00:00"
"RocketReports","MINT4013",20.0000,25,0,0,25,0.0000,0,0,0,0,0.0000,0,0,0,0,0.0000,0,0,0,0,0.0000,0,0,0,0,"2021-06-15 21:00:00"
"RocketReports","MINT4014",20.0000,424,0,134,290,0.0000,0,0,0,0,0.0000,0,0,0,0,0.0000,0,0,0,0,0.0000,0,0,0,0,"2021-06-15 21:00:00"
"RocketReports","MINT4015",20.0000,400,0,46,354,0.0000,0,0,0,0,0.0000,0,0,0,0,0.0000,0,0,0,0,0.0000,0,0,0,0,"2021-06-15 21:00:00"
"RocketReports","MINT4018",20.0000,191,0,146,45,0.0000,0,0,0,0,0.0000,0,0,0,0,0.0000,0,0,0,0,0.0000,0,0,0,0,"2021-06-15 21:00:00"
"RocketReports","MINT4019",20.0000,99,0,47,52,0.0000,0,0,0,0,0.0000,0,0,0,0,0.0000,0,0,0,0,0.0000,0,0,0,0,"2021-06-15 21:00:00"
"RocketReports","MINT4020",20.0000,50,0,50,0,0.0000,0,0,0,0,0.0000,0,0,0,0,0.0000,0,0,0,0,0.0000,0,0,0,0,"2021-06-15 21:00:00"
"RocketReports","MINT4021",20.0000,420,0,401,19,0.0000,0,0,0,0,0.0000,0,0,0,0,0.0000,0,0,0,0,0.0000,0,0,0,0,"2021-06-15 21:00:00"
"RocketReports","MINT4022",20.0000,976,0,170,806,0.0000,0,0,0,0,0.0000,0,0,0,0,0.0000,0,0,0,0,0.0000,0,0,0,0,"2021-06-15 21:00:00"
"RocketReports","MINT4023",20.0000,298,0,294,4,0.0000,0,0,0,0,0.0000,0,0,0,0,0.0000,0,0,0,0,0.0000,0,0,0,0,"2021-06-15 21:00:00"
"RocketReports","MINT4024",20.0000,499,0,307,192,0.0000,0,0,0,0,0.0000,0,0,0,0,0.0000,0,0,0,0,0.0000,0,0,0,0,"2021-06-15 21:00:00"
"RocketReports","MINT4025",20.0000,1109,0,882,227,0.0000,0,0,0,0,0.0000,0,0,0,0,0.0000,0,0,0,0,0.0000,0,0,0,0,"2021-06-15 21:00:00"
"RocketReports","MINT4026",20.0000,206,0,0,206,0.0000,0,0,0,0,0.0000,0,0,0,0,0.0000,0,0,0,0,0.0000,0,0,0,0,"2021-06-15 21:00:00"
"RocketReports","MINT4027",20.0000,250,0,0,250,0.0000,0,0,0,0,0.0000,0,0,0,0,0.0000,0,0,0,0,0.0000,0,0,0,0,"2021-06-15 21:00:00"
"RocketReports","MINT4028",20.0000,80,0,0,80,0.0000,0,0,0,0,0.0000,0,0,0,0,0.0000,0,0,0,0,0.0000,0,0,0,0,"2021-06-15 21:00:00"
"RocketReports","MINT4029",20.0000,250,0,0,250,0.0000,0,0,0,0,0.0000,0,0,0,0,0.0000,0,0,0,0,0.0000,0,0,0,0,"2021-06-15 21:00:00"
"RocketReports","MINT4030",20.0000,198,0,172,26,0.0000,0,0,0,0,0.0000,0,0,0,0,0.0000,0,0,0,0,0.0000,0,0,0,0,"2021-06-15 21:00:00"
"RocketReports","MINT4031",20.0000,4561,0,4321,240,0.0000,0,0,0,0,0.0000,0,0,0,0,0.0000,0,0,0,0,0.0000,0,0,0,0,"2021-06-15 21:00:00"
"RocketReports","MINT4032",20.0000,94,0,83,11,0.0000,0,0,0,0,0.0000,0,0,0,0,0.0000,0,0,0,0,0.0000,0,0,0,0,"2021-06-15 21:00:00"
"RocketReports","MINT4033",20.0000,516,0,126,390,0.0000,0,0,0,0,0.0000,0,0,0,0,0.0000,0,0,0,0,0.0000,0,0,0,0,"2021-06-15 21:00:00"
"RocketReports","MINT4034",20.0000,25,0,25,0,0.0000,0,0,0,0,0.0000,0,0,0,0,0.0000,0,0,0,0,0.0000,0,0,0,0,"2021-06-15 21:00:00"
"RocketReports","MINT4035",20.0000,69,0,5,64,0.0000,0,0,0,0,0.0000,0,0,0,0,0.0000,0,0,0,0,0.0000,0,0,0,0,"2021-06-15 21:00:00"
"RocketReports","MINT4036",20.0000,694,0,508,186,0.0000,0,0,0,0,0.0000,0,0,0,0,0.0000,0,0,0,0,0.0000,0,0,0,0,"2021-06-15 21:00:00"
"RocketReports","MINT4037",20.0000,250,0,2,248,0.0000,0,0,0,0,0.0000,0,0,0,0,0.0000,0,0,0,0,0.0000,0,0,0,0,"2021-06-15 21:00:00"
"RocketReports","MINT5000",20.0000,400,0,201,199,0.0000,0,0,0,0,0.0000,0,0,0,0,0.0000,0,0,0,0,0.0000,0,0,0,0,"2021-06-15 21:00:00"
"RocketReports","MINT5001",20.0000,287,0,142,145,0.0000,0,0,0,0,0.0000,0,0,0,0,0.0000,0,0,0,0,0.0000,0,0,0,0,"2021-06-15 21:00:00"
"RocketReports","MINT5002",20.0000,322,0,271,51,0.0000,0,0,0,0,0.0000,0,0,0,0,0.0000,0,0,0,0,0.0000,0,0,0,0,"2021-06-15 21:00:00"
"RocketReports","MINT5003",20.0000,40,0,0,40,0.0000,0,0,0,0,0.0000,0,0,0,0,0.0000,0,0,0,0,0.0000,0,0,0,0,"2021-06-15 21:00:00"
"RocketReports","MINT5004",20.0000,123,0,98,25,0.0000,0,0,0,0,0.0000,0,0,0,0,0.0000,0,0,0,0,0.0000,0,0,0,0,"2021-06-15 21:00:00"
"RocketReports","MINT5005",20.0000,50,0,11,39,0.0000,0,0,0,0,0.0000,0,0,0,0,0.0000,0,0,0,0,0.0000,0,0,0,0,"2021-06-15 21:00:00"
"RocketReports","MINT5006",20.0000,52,0,7,45,0.0000,0,0,0,0,0.0000,0,0,0,0,0.0000,0,0,0,0,0.0000,0,0,0,0,"2021-06-15 21:00:00"
"RocketReports","MINT5007",20.0000,115,0,5,110,0.0000,0,0,0,0,0.0000,0,0,0,0,0.0000,0,0,0,0,0.0000,0,0,0,0,"2021-06-15 21:00:00"
"RocketReports","MINT9997",20.0000,50,0,0,50,0.0000,0,0,0,0,0.0000,0,0,0,0,0.0000,0,0,0,0,0.0000,0,0,0,0,"2021-06-15 21:00:00"
"RocketReports","MINT9998",20.0000,50,0,0,50,0.0000,0,0,0,0,0.0000,0,0,0,0,0.0000,0,0,0,0,0.0000,0,0,0,0,"2021-06-15 21:00:00"
"RocketReports","MINT9999",20.0000,50,0,0,50,0.0000,0,0,0,0,0.0000,0,0,0,0,0.0000,0,0,0,0,0.0000,0,0,0,0,"2021-06-15 21:00:00"
"RocketReports","MINT9999",0.0000,0,0,0,0,20.0000,100,0,0,100,0.0000,0,0,0,0,0.0000,0,0,0,0,0.0000,0,0,0,0,"2021-06-15 21:00:00"
"RocketReports","MINTHI11",20.0000,499,0,5,494,0.0000,0,0,0,0,0.0000,0,0,0,0,0.0000,0,0,0,0,0.0000,0,0,0,0,"2021-06-15 21:00:00"
"RocketReports","MINTHI21",20.0000,375,0,303,72,0.0000,0,0,0,0,0.0000,0,0,0,0,0.0000,0,0,0,0,0.0000,0,0,0,0,"2021-06-15 21:00:00"
"RocketReports","MINTHI21",0.0000,0,0,0,0,20.0000,375,0,306,69,0.0000,0,0,0,0,0.0000,0,0,0,0,0.0000,0,0,0,0,"2021-06-15 21:00:00"
"RocketReports","MINTHI31",20.0000,500,0,333,167,0.0000,0,0,0,0,0.0000,0,0,0,0,0.0000,0,0,0,0,0.0000,0,0,0,0,"2021-06-15 21:00:00"
"RocketReports","MINTHI31",0.0000,0,0,0,0,20.0000,500,0,341,159,0.0000,0,0,0,0,0.0000,0,0,0,0,0.0000,0,0,0,0,"2021-06-15 21:00:00"
"RocketReports","MINTHI32",20.0000,141,0,22,119,0.0000,0,0,0,0,0.0000,0,0,0,0,0.0000,0,0,0,0,0.0000,0,0,0,0,"2021-06-15 21:00:00"
"RocketReports","MINTHI41",20.0000,750,0,229,521,0.0000,0,0,0,0,0.0000,0,0,0,0,0.0000,0,0,0,0,0.0000,0,0,0,0,"2021-06-15 21:00:00"
"RocketReports","MINTHI42",20.0000,119,0,64,55,0.0000,0,0,0,0,0.0000,0,0,0,0,0.0000,0,0,0,0,0.0000,0,0,0,0,"2021-06-15 21:00:00"
"RocketReports","MINTHI51",20.0000,295,0,0,295,0.0000,0,0,0,0,0.0000,0,0,0,0,0.0000,0,0,0,0,0.0000,0,0,0,0,"2021-06-15 21:00:00"
"RocketReports","MINTHI51",0.0000,0,0,0,0,20.0000,296,0,0,296,0.0000,0,0,0,0,0.0000,0,0,0,0,0.0000,0,0,0,0,"2021-06-15 21:00:00"
"RocketReports","MINTHI52",20.0000,158,0,23,135,0.0000,0,0,0,0,0.0000,0,0,0,0,0.0000,0,0,0,0,0.0000,0,0,0,0,"2021-06-15 21:00:00"
"RocketReports","MINTHI61",20.0000,291,0,99,192,0.0000,0,0,0,0,0.0000,0,0,0,0,0.0000,0,0,0,0,0.0000,0,0,0,0,"2021-06-15 21:00:00"
"RocketReports","MINTHI61",0.0000,0,0,0,0,20.0000,291,0,98,193,0.0000,0,0,0,0,0.0000,0,0,0,0,0.0000,0,0,0,0,"2021-06-15 21:00:00"
"RocketReports","MINTHI62",20.0000,552,0,519,33,0.0000,0,0,0,0,0.0000,0,0,0,0,0.0000,0,0,0,0,0.0000,0,0,0,0,"2021-06-15 21:00:00"
"RocketReports","MINTHI71",20.0000,340,0,126,214,0.0000,0,0,0,0,0.0000,0,0,0,0,0.0000,0,0,0,0,0.0000,0,0,0,0,"2021-06-15 21:00:00"
"RocketReports","MINTHI71",0.0000,0,0,0,0,20.0000,0,0,0,0,0.0000,0,0,0,0,0.0000,0,0,0,0,0.0000,0,0,0,0,"2021-06-15 21:00:00"
"RocketReports","MINTPLB1",20.0000,200,0,60,140,0.0000,0,0,0,0,0.0000,0,0,0,0,0.0000,0,0,0,0,0.0000,0,0,0,0,"2021-06-15 21:00:00"
"RocketReports","MINTPLB2",20.0000,300,0,0,300,0.0000,0,0,0,0,0.0000,0,0,0,0,0.0000,0,0,0,0,0.0000,0,0,0,0,"2021-06-15 21:00:00"
"RocketReports","MINTPLB3",20.0000,350,0,54,296,0.0000,0,0,0,0,0.0000,0,0,0,0,0.0000,0,0,0,0,0.0000,0,0,0,0,"2021-06-15 21:00:00"
"RocketReports","MINTPLB4",20.0000,437,0,90,347,0.0000,0,0,0,0,0.0000,0,0,0,0,0.0000,0,0,0,0,0.0000,0,0,0,0,"2021-06-15 21:00:00"
"RocketReports","MINTPLB5",20.0000,396,0,23,373,0.0000,0,0,0,0,0.0000,0,0,0,0,0.0000,0,0,0,0,0.0000,0,0,0,0,"2021-06-15 21:00:00"
"RocketReports","MINTPMH1",20.0000,300,0,260,40,0.0000,0,0,0,0,0.0000,0,0,0,0,0.0000,0,0,0,0,0.0000,0,0,0,0,"2021-06-15 21:00:00"
"RocketReports","MINTPMH2",20.0000,699,0,443,256,0.0000,0,0,0,0,0.0000,0,0,0,0,0.0000,0,0,0,0,0.0000,0,0,0,0,"2021-06-15 21:00:00"
"RocketReports","MINTPMH3",20.0000,239,0,181,58,0.0000,0,0,0,0,0.0000,0,0,0,0,0.0000,0,0,0,0,0.0000,0,0,0,0,"2021-06-15 21:00:00"
"RocketReports","TNS5GBZ3",20.0000,686,0,363,323,0.0000,0,0,0,0,0.0000,0,0,0,0,0.0000,0,0,0,0,0.0000,0,0,0,0,"2021-06-15 21:00:00"
"RocketReports","TNS5GBZ4",20.0000,217,0,61,156,0.0000,0,0,0,0,0.0000,0,0,0,0,0.0000,0,0,0,0,0.0000,0,0,0,0,"2021-06-15 21:00:00"
