"RocketReports","MINT0009",46,30,0.6521,16,0.3478,11,1,2,0,0,0,2
"RocketReports","MINT0010",1,1,1.0000,0,0.0000,0,0,0,0,0,0,0
"RocketReports","MINT0026",3,3,1.0000,0,0.0000,0,0,0,0,0,0,0
"RocketReports","MINT0027",1,1,1.0000,0,0.0000,0,0,0,0,0,0,0
"RocketReports","MINT0028",7,4,0.5714,3,0.4285,3,0,0,0,0,0,0
"RocketReports","MINT0032",7,6,0.8571,1,0.1428,0,0,0,0,0,1,0
"RocketReports","MINT0034",10,8,0.8000,2,0.2000,2,0,0,0,0,0,0
"RocketReports","MINT0041",2,2,1.0000,0,0.0000,0,0,0,0,0,0,0
"RocketReports","MINT0042",7,6,0.8571,1,0.1428,1,0,0,0,0,0,0
"RocketReports","MINT0044",1,1,1.0000,0,0.0000,0,0,0,0,0,0,0
"RocketReports","MINT0048",3,2,0.6666,1,0.3333,0,0,0,0,0,1,0
"RocketReports","MINT0049",1,0,0.0000,1,1.0000,1,0,0,0,0,0,0
"RocketReports","MINT0050",1,1,1.0000,0,0.0000,0,0,0,0,0,0,0
"RocketReports","MINT0054",4,2,0.5000,2,0.5000,2,0,0,0,0,0,0
"RocketReports","MINT0058",1,1,1.0000,0,0.0000,0,0,0,0,0,0,0
"RocketReports","MINT0059",7,7,1.0000,0,0.0000,0,0,0,0,0,0,0
"RocketReports","MINT0062",2,2,1.0000,0,0.0000,0,0,0,0,0,0,0
"RocketReports","MINT0063",1,1,1.0000,0,0.0000,0,0,0,0,0,0,0
"RocketReports","MINT0067",6,6,1.0000,0,0.0000,0,0,0,0,0,0,0
"RocketReports","MINT0068",1,1,1.0000,0,0.0000,0,0,0,0,0,0,0
"RocketReports","MINT0069",23,23,1.0000,0,0.0000,0,0,0,0,0,0,0
"RocketReports","MINT0106",1,0,0.0000,1,1.0000,1,0,0,0,0,0,0
"RocketReports","MINT0107",4,2,0.5000,2,0.5000,0,0,0,0,0,0,2
"RocketReports","MINT0108",6,5,0.8333,1,0.1666,1,0,0,0,0,0,0
"RocketReports","MINT0109",3,3,1.0000,0,0.0000,0,0,0,0,0,0,0
"RocketReports","MINT0110",2,2,1.0000,0,0.0000,0,0,0,0,0,0,0
"RocketReports","MINT0111",1,1,1.0000,0,0.0000,0,0,0,0,0,0,0
"RocketReports","MINT0118",14,14,1.0000,0,0.0000,0,0,0,0,0,0,0
"RocketReports","MINT0121",6,3,0.5000,3,0.5000,2,0,0,0,0,0,1
"RocketReports","MINT0123",1,1,1.0000,0,0.0000,0,0,0,0,0,0,0
"RocketReports","MINT0125",10,6,0.6000,4,0.4000,2,0,0,0,0,0,2
"RocketReports","MINT0126",5,5,1.0000,0,0.0000,0,0,0,0,0,0,0
"RocketReports","MINT0127",3,2,0.6666,1,0.3333,0,0,0,0,0,0,1
"RocketReports","MINT0130",2,1,0.5000,1,0.5000,0,0,0,0,0,0,1
"RocketReports","MINT0133",1,1,1.0000,0,0.0000,0,0,0,0,0,0,0
"RocketReports","MINT0137",5,5,1.0000,0,0.0000,0,0,0,0,0,0,0
"RocketReports","MINT0143",3,3,1.0000,0,0.0000,0,0,0,0,0,0,0
"RocketReports","MINT0144",2,2,1.0000,0,0.0000,0,0,0,0,0,0,0
"RocketReports","MINT0145",1,1,1.0000,0,0.0000,0,0,0,0,0,0,0
"RocketReports","MINT0152",4,3,0.7500,1,0.2500,1,0,0,0,0,0,0
"RocketReports","MINT0153",1,1,1.0000,0,0.0000,0,0,0,0,0,0,0
"RocketReports","MINT0154",11,11,1.0000,0,0.0000,0,0,0,0,0,0,0
"RocketReports","MINT0155",24,24,1.0000,0,0.0000,0,0,0,0,0,0,0
"RocketReports","MINT0157",3,3,1.0000,0,0.0000,0,0,0,0,0,0,0
"RocketReports","MINT0208",1,1,1.0000,0,0.0000,0,0,0,0,0,0,0
"RocketReports","MINT0209",3,3,1.0000,0,0.0000,0,0,0,0,0,0,0
"RocketReports","MINT0305",1,1,1.0000,0,0.0000,0,0,0,0,0,0,0
"RocketReports","MINT0350",2,2,1.0000,0,0.0000,0,0,0,0,0,0,0
"RocketReports","MINT0351",1,0,0.0000,1,1.0000,1,0,0,0,0,0,0
"RocketReports","MINT0352",4,4,1.0000,0,0.0000,0,0,0,0,0,0,0
"RocketReports","MINT0353",2,2,1.0000,0,0.0000,0,0,0,0,0,0,0
"RocketReports","MINT0355",4,4,1.0000,0,0.0000,0,0,0,0,0,0,0
"RocketReports","MINT0360",1,1,1.0000,0,0.0000,0,0,0,0,0,0,0
"RocketReports","MINT0402",1,1,1.0000,0,0.0000,0,0,0,0,0,0,0
"RocketReports","MINT0403",2,2,1.0000,0,0.0000,0,0,0,0,0,0,0
"RocketReports","MINT0404",2,2,1.0000,0,0.0000,0,0,0,0,0,0,0
"RocketReports","MINT0411",5,5,1.0000,0,0.0000,0,0,0,0,0,0,0
"RocketReports","MINT0413",2,2,1.0000,0,0.0000,0,0,0,0,0,0,0
"RocketReports","MINT0414",4,4,1.0000,0,0.0000,0,0,0,0,0,0,0
"RocketReports","MINT0495",5,5,1.0000,0,0.0000,0,0,0,0,0,0,0
"RocketReports","MINT0496",3,3,1.0000,0,0.0000,0,0,0,0,0,0,0
"RocketReports","MINT0497",5,5,1.0000,0,0.0000,0,0,0,0,0,0,0
"RocketReports","MINT0498",3,2,0.6666,1,0.3333,1,0,0,0,0,0,0
"RocketReports","MINT0504",2,2,1.0000,0,0.0000,0,0,0,0,0,0,0
"RocketReports","MINT0508",50,50,1.0000,0,0.0000,0,0,0,0,0,0,0
"RocketReports","MINT0527",1,1,1.0000,0,0.0000,0,0,0,0,0,0,0
"RocketReports","MINT0531",11,11,1.0000,0,0.0000,0,0,0,0,0,0,0
"RocketReports","MINT0532",19,18,0.9473,1,0.0526,0,1,0,0,0,0,0
"RocketReports","MINT0533",2,2,1.0000,0,0.0000,0,0,0,0,0,0,0
"RocketReports","MINT0534",2,2,1.0000,0,0.0000,0,0,0,0,0,0,0
"RocketReports","MINT0535",2,1,0.5000,1,0.5000,0,1,0,0,0,0,0
"RocketReports","MINT0537",1,1,1.0000,0,0.0000,0,0,0,0,0,0,0
"RocketReports","MINT0538",1,1,1.0000,0,0.0000,0,0,0,0,0,0,0
"RocketReports","MINT0540",2,2,1.0000,0,0.0000,0,0,0,0,0,0,0
"RocketReports","MINT0542",1,1,1.0000,0,0.0000,0,0,0,0,0,0,0
"RocketReports","MINT0546",3,3,1.0000,0,0.0000,0,0,0,0,0,0,0
"RocketReports","MINT0550",9,6,0.6666,3,0.3333,0,0,0,0,0,3,0
"RocketReports","MINT0554",1,1,1.0000,0,0.0000,0,0,0,0,0,0,0
"RocketReports","MINT0555",1,1,1.0000,0,0.0000,0,0,0,0,0,0,0
"RocketReports","MINT0556",2,2,1.0000,0,0.0000,0,0,0,0,0,0,0
"RocketReports","MINT0557",3,3,1.0000,0,0.0000,0,0,0,0,0,0,0
"RocketReports","MINT0559",1,1,1.0000,0,0.0000,0,0,0,0,0,0,0
"RocketReports","MINT0561",3,3,1.0000,0,0.0000,0,0,0,0,0,0,0
"RocketReports","MINT0562",7,7,1.0000,0,0.0000,0,0,0,0,0,0,0
"RocketReports","MINT0563",6,6,1.0000,0,0.0000,0,0,0,0,0,0,0
"RocketReports","MINT0564",1,1,1.0000,0,0.0000,0,0,0,0,0,0,0
"RocketReports","MINT0567",5,4,0.8000,1,0.2000,0,0,1,0,0,0,0
"RocketReports","MINT0569",7,6,0.8571,1,0.1428,0,0,0,0,0,0,1
"RocketReports","MINT0570",2,2,1.0000,0,0.0000,0,0,0,0,0,0,0
"RocketReports","MINT0571",1,1,1.0000,0,0.0000,0,0,0,0,0,0,0
"RocketReports","MINT0574",4,4,1.0000,0,0.0000,0,0,0,0,0,0,0
"RocketReports","MINT0576",1,1,1.0000,0,0.0000,0,0,0,0,0,0,0
"RocketReports","MINT0581",1,1,1.0000,0,0.0000,0,0,0,0,0,0,0
"RocketReports","MINT0582",2,1,0.5000,1,0.5000,0,0,1,0,0,0,0
"RocketReports","MINT0585",1,1,1.0000,0,0.0000,0,0,0,0,0,0,0
"RocketReports","MINT0592",4,2,0.5000,2,0.5000,1,1,0,0,0,0,0
"RocketReports","MINT0593",6,6,1.0000,0,0.0000,0,0,0,0,0,0,0
"RocketReports","MINT0594",5,4,0.8000,1,0.2000,1,0,0,0,0,0,0
"RocketReports","MINT0595",11,10,0.9090,1,0.0909,0,1,0,0,0,0,0
"RocketReports","MINT0596",29,28,0.9655,1,0.0344,0,0,0,0,0,0,1
"RocketReports","MINT0598",1,0,0.0000,1,1.0000,0,0,0,0,0,0,1
"RocketReports","MINT0599",24,23,0.9583,1,0.0416,1,0,0,0,0,0,0
"RocketReports","MINT0712",2,1,0.5000,1,0.5000,1,0,0,0,0,0,0
"RocketReports","MINT0901",1,1,1.0000,0,0.0000,0,0,0,0,0,0,0
"RocketReports","MINT0903",2,2,1.0000,0,0.0000,0,0,0,0,0,0,0
"RocketReports","MINT0907",1,1,1.0000,0,0.0000,0,0,0,0,0,0,0
"RocketReports","MINT0908",1,1,1.0000,0,0.0000,0,0,0,0,0,0,0
"RocketReports","MINT0912",13,13,1.0000,0,0.0000,0,0,0,0,0,0,0
"RocketReports","MINT0913",6,3,0.5000,3,0.5000,1,0,0,0,0,0,2
"RocketReports","MINT0916",5,4,0.8000,1,0.2000,1,0,0,0,0,0,0
"RocketReports","MINT0919",10,10,1.0000,0,0.0000,0,0,0,0,0,0,0
"RocketReports","MINT0921",1,1,1.0000,0,0.0000,0,0,0,0,0,0,0
"RocketReports","MINT0922",14,13,0.9285,1,0.0714,0,0,0,0,0,0,1
"RocketReports","MINT1012",4,4,1.0000,0,0.0000,0,0,0,0,0,0,0
"RocketReports","MINT1016",23,23,1.0000,0,0.0000,0,0,0,0,0,0,0
"RocketReports","MINT1041",10,9,0.9000,1,0.1000,0,1,0,0,0,0,0
"RocketReports","MINT1050",6,6,1.0000,0,0.0000,0,0,0,0,0,0,0
"RocketReports","MINT1062",2,2,1.0000,0,0.0000,0,0,0,0,0,0,0
"RocketReports","MINT1063",39,37,0.9487,2,0.0512,2,0,0,0,0,0,0
"RocketReports","MINT1069",5,3,0.6000,2,0.4000,0,0,0,0,0,0,2
"RocketReports","MINT1070",1,1,1.0000,0,0.0000,0,0,0,0,0,0,0
"RocketReports","MINT1075",4,4,1.0000,0,0.0000,0,0,0,0,0,0,0
"RocketReports","MINT1076",4,4,1.0000,0,0.0000,0,0,0,0,0,0,0
"RocketReports","MINT1080",9,9,1.0000,0,0.0000,0,0,0,0,0,0,0
"RocketReports","MINT1083",3,3,1.0000,0,0.0000,0,0,0,0,0,0,0
"RocketReports","MINT1091",1,1,1.0000,0,0.0000,0,0,0,0,0,0,0
"RocketReports","MINT3000",10,9,0.9000,1,0.1000,0,0,0,0,0,0,1
"RocketReports","MINT3001",7,5,0.7142,2,0.2857,1,0,0,0,0,0,1
"RocketReports","MINT4000",17,15,0.8823,2,0.1176,0,0,2,0,0,0,0
"RocketReports","MINT4001",2,2,1.0000,0,0.0000,0,0,0,0,0,0,0
"RocketReports","MINT4003",8,7,0.8750,1,0.1250,0,0,0,0,0,0,1
"RocketReports","MINT4005",37,35,0.9459,2,0.0540,1,0,1,0,0,0,0
"RocketReports","MINT4006",1,1,1.0000,0,0.0000,0,0,0,0,0,0,0
"RocketReports","MINT4009",21,17,0.8095,4,0.1904,3,0,1,0,0,0,0
"RocketReports","MINT4010",19,18,0.9473,1,0.0526,1,0,0,0,0,0,0
"RocketReports","MINT4014",13,12,0.9230,1,0.0769,1,0,0,0,0,0,0
"RocketReports","MINT4015",11,10,0.9090,1,0.0909,1,0,0,0,0,0,0
"RocketReports","MINT4020",14,11,0.7857,3,0.2142,3,0,0,0,0,0,0
"RocketReports","MINT4022",51,40,0.7843,11,0.2156,3,4,1,0,0,0,3
"RocketReports","MINT4023",12,10,0.8333,2,0.1666,0,0,0,0,0,0,2
"RocketReports","MINT4024",25,24,0.9600,1,0.0400,0,0,0,0,0,0,1
"RocketReports","MINT4025",26,25,0.9615,1,0.0384,0,0,1,0,0,0,0
"RocketReports","MINT4030",1,1,1.0000,0,0.0000,0,0,0,0,0,0,0
"RocketReports","MINT4031",7,5,0.7142,2,0.2857,2,0,0,0,0,0,0
"RocketReports","MINT4033",6,5,0.8333,1,0.1666,0,1,0,0,0,0,0
"RocketReports","MINT4036",4,3,0.7500,1,0.2500,0,1,0,0,0,0,0
"RocketReports","MINT4037",1,1,1.0000,0,0.0000,0,0,0,0,0,0,0
"RocketReports","MINT5001",26,22,0.8461,4,0.1538,0,0,0,0,0,0,4
"RocketReports","MINT5002",9,8,0.8888,1,0.1111,1,0,0,0,0,0,0
"RocketReports","MINT5004",1,1,1.0000,0,0.0000,0,0,0,0,0,0,0
"RocketReports","MINT5005",6,3,0.5000,3,0.5000,3,0,0,0,0,0,0
"RocketReports","MINT5007",2,2,1.0000,0,0.0000,0,0,0,0,0,0,0
"RocketReports","MINTHI21",29,23,0.7931,6,0.2068,0,1,0,0,0,0,5
"RocketReports","MINTHI31",11,11,1.0000,0,0.0000,0,0,0,0,0,0,0
"RocketReports","MINTHI41",6,6,1.0000,0,0.0000,0,0,0,0,0,0,0
"RocketReports","MINTHI51",17,16,0.9411,1,0.0588,0,0,0,0,0,0,1
"RocketReports","MINTHI71",18,15,0.8333,3,0.1666,3,0,0,0,0,0,0
"RocketReports","MINTPLB1",1,1,1.0000,0,0.0000,0,0,0,0,0,0,0
"RocketReports","MINTPLB3",5,4,0.8000,1,0.2000,0,1,0,0,0,0,0
"RocketReports","MINTPLB4",10,10,1.0000,0,0.0000,0,0,0,0,0,0,0
"RocketReports","MINTPLB5",8,4,0.5000,4,0.5000,1,2,1,0,0,0,0
"RocketReports","MINTPMH1",3,3,1.0000,0,0.0000,0,0,0,0,0,0,0
"RocketReports","MINTPMH2",2,2,1.0000,0,0.0000,0,0,0,0,0,0,0
"RocketReports","TNS5GBZ3",13,11,0.8461,2,0.1538,2,0,0,0,0,0,0
"RocketReports","TNS5GBZ4",1,1,1.0000,0,0.0000,0,0,0,0,0,0,0
